t,ia,ib,ic,Te,wm
0,0.0292574033596341,0.069858942397179,-0.00919447635150376,0.00640631487018362,155.533557494393
0.0001,0.0164950579050908,0.0280122239555298,-0.0529678175419329,-0.0365880954128778,155.519305695003
0.0002,0.40319706522793,-9.12566862568663,8.70492236573357,0.00440857460845031,155.524745100163
0.0003,1.36314391453888,-18.6309672221442,17.2685934985599,0.0345973361915464,155.513821501619
0.0004,2.41035976164298,-28.1338922737741,25.7132450524826,-0.0191543916520681,155.514285338416
0.0005,3.78003190555483,-37.7362896006451,33.8650582260509,-0.0198698744845655,155.489853303135
0.0006,5.7335088145021,-47.4165876644975,41.6641624970863,0.0166959365239304,155.488322995295
0.0007,7.79699831918433,-57.1121631380459,49.4510283685838,-0.0236646741969316,155.496249670452
0.0008,10.1533472260473,-67.0590377038692,56.9211916535986,-0.0462629085707292,155.495244683804
0.0009,12.8890826797448,-77.0326997961869,64.0401354751015,-0.118401792261604,155.494363810979
0.001,15.8431165436759,-87.1134742341814,71.2206786374496,-0.188136254503011,155.47259542739
0.0011,19.273072528952,-97.1787286544565,77.7977760623978,-0.248602819680978,155.485095990556
0.0012,22.8664063703619,-107.345597886987,84.3375766814075,-0.396998673412815,155.472826887514
0.0013,26.8542807793884,-117.430276230333,90.6364324647598,-0.574056694371629,155.45477110267
0.0014,31.0123183126301,-127.675099296602,96.4927396450044,-0.7745347857973,155.491960085341
0.0015,35.5693455908455,-137.898191291473,102.204333545432,-1.02512619786182,155.489248735437
0.0016,40.3746974180545,-147.963926804769,107.625784419021,-1.42359528950885,155.457478450122
0.0017,45.4221220972426,-158.255754150526,112.913624959304,-1.74571323487806,155.515829230359
0.0018,50.8234402251119,-168.338525303612,117.549190683034,-2.2380715002312,155.475004665589
0.0019,56.5035691509875,-178.525965620171,122.060810822051,-2.82893302926087,155.439189367873
0.002,62.3699564049726,-188.702847194664,126.446335677266,-3.52358146843511,155.493238194935
0.0021,68.4785790619909,-198.79960233665,130.362898083071,-4.2508406070631,155.459225222871
0.0022,74.8876105061284,-208.743895865667,134.009444781589,-5.18180786364454,155.471321578215
0.0023,81.4800085290237,-218.761289698474,137.291550949145,-6.18579997694655,155.452876160753
0.0024,88.3286922516757,-228.594272808557,140.270765462632,-7.38289997668125,155.473611915628
0.0025,95.4364351064999,-238.490203265822,142.987888650252,-8.69382155525968,155.460257043451
0.0026,102.768764115118,-248.090591597495,145.47507101467,-10.2069026264582,155.468312555594
0.0027,110.245108524739,-257.752321969317,147.50110339321,-11.8639818044434,155.436713387893
0.0028,118.061188270932,-267.179581354197,149.172703026339,-13.7118358481604,155.464838813681
0.0029,125.897628601925,-276.529960027915,150.591654759646,-15.8045040868984,155.445048893914
0.003,134.02486227198,-285.7124948449,151.875047099263,-18.1194612699041,155.452017510041
0.0031,142.291594430957,-294.98227590311,152.606264825649,-20.6491078286887,155.44154685417
0.0032,150.889581728324,-303.805778579542,152.985480475252,-23.4271676175388,155.472902682773
0.0033,159.365099624949,-312.575886578046,153.136563878936,-26.4524897436922,155.457560342876
0.0034,168.091746062961,-321.185010593944,152.973817658942,-29.771109081597,155.436044167926
0.0035,177.059293180844,-329.602010115596,152.46921292064,-33.3514629583525,155.457236781774
0.0036,186.125487989876,-337.814051143036,151.682946055606,-37.2184924275033,155.452356702304
0.0037,195.355262085188,-345.859981900537,150.445007282844,-41.4550887747883,155.40941867431
0.0038,204.671205828142,-353.575651167964,148.9813168695,-45.9529350172665,155.466306615193
0.0039,213.961177141962,-361.250694041029,147.30132868256,-50.8430850740666,155.441387013368
0.004,223.534935328428,-368.736093835174,145.130837976635,-56.0563714548776,155.427424354436
0.0041,233.144858323549,-375.812450602857,142.824685073043,-61.617010009937,155.450201995358
0.0042,242.821540962709,-382.85603735832,140.113065236778,-67.5760614815538,155.427182701569
0.0043,252.611328475578,-389.516297286596,137.079531544069,-73.8970538993305,155.474579425096
0.0044,262.239975416139,-396.002651744064,133.772454051823,-80.6272839915574,155.400041830034
0.0045,272.096282801883,-402.256574950378,130.075180796326,-87.8437051816427,155.396155019074
0.0046,282.114754613122,-408.227232070352,126.279756539888,-95.3994162755075,155.396717467519
0.0047,291.969575482739,-413.974014460855,121.986808585666,-103.376203475995,155.411484632362
0.0048,301.832671260367,-419.28289840017,117.437735121095,-111.854176698716,155.446810583162
0.0049,311.818354646683,-424.531395397055,112.700481476543,-120.772071252068,155.447987404643
0.005,321.818141104353,-429.37882511361,107.611449604368,-130.186035150299,155.449331016672
0.0051,331.680726188478,-433.960987997157,102.28944538475,-140.009629794663,155.412030395735
0.0052,341.486347932359,-438.2525238952,96.7659111220015,-150.330143129072,155.42567399492
0.0053,351.43517770941,-442.396627832421,90.8809855044668,-161.161202624203,155.417183295089
0.0054,361.274278120846,-446.107228296712,84.8480452170355,-172.515433704796,155.399251700017
0.0055,371.002247177227,-449.454791098448,78.3340744769586,-184.323310460813,155.448164566757
0.0056,380.7619372032,-452.527600705963,71.8340494436527,-196.759595647577,155.410808256072
0.0057,390.398941678153,-455.382527589312,64.9978892876705,-209.551384546094,155.421603322834
0.0058,399.951489345203,-457.788835423164,57.9698905905698,-222.940833979491,155.394605124892
0.0059,409.451610651378,-460.009227928307,50.7631471205624,-236.847772052033,155.405402992531
0.006,418.738128620553,-461.944957623824,43.2154751857068,-251.310359123427,155.404033180186
0.0061,428.042581734394,-463.508004215717,35.4542970712605,-266.275202688083,155.382987356579
0.0062,437.177409163064,-464.754471640134,27.6921339286684,-281.788535817386,155.406042190853
0.0063,446.208720718648,-465.794608137338,19.5414094331173,-297.889588239403,155.454188830963
0.0064,455.064377246747,-466.298259091899,11.4312524672081,-314.478183435923,155.41264035148
0.0065,463.818976370795,-466.688776209208,2.92250568815869,-331.632807745109,155.374586136569
0.0066,472.30211338471,-466.575247946411,-5.77121444699152,-349.31215553854,155.438238223518
0.0067,480.754240823083,-466.331622842834,-14.4760483891526,-367.579619693273,155.383048158262
0.0068,489.052407624662,-465.568816564567,-23.3048848039742,-386.303968870457,155.369985746019
0.0069,497.061369837411,-464.613961991133,-32.3522148489507,-405.570794592204,155.371229854847
0.007,504.943232944979,-463.41992968743,-41.4495606370007,-425.398510821979,155.403599067801
0.0071,512.698512132586,-461.704880847995,-50.8108292589003,-445.746487183474,155.367615835475
0.0072,520.112498995163,-459.857356792623,-60.1642601572917,-466.546303882532,155.373700456597
0.0073,527.278396435679,-457.588678736992,-69.7298791205779,-487.947077975521,155.400075493293
0.0074,534.413592514609,-455.062841645347,-79.3517781810908,-509.8293531957,155.401128113643
0.0075,541.156489028814,-452.295531525227,-88.8593270435801,-532.169010904674,155.378704112621
0.0076,547.731049142499,-449.061468887167,-98.6741464705509,-554.997950320768,155.412707776902
0.0077,554.070593386185,-445.68474239842,-108.373284285757,-578.339839765607,155.374264839152
0.0078,560.161802246653,-441.964829462698,-118.208672655724,-602.080334178994,155.392447306091
0.0079,565.853893929827,-437.847497561893,-128.082080559871,-626.307747003493,155.405916664306
0.008,571.640280533022,-433.631561116391,-138.026576166519,-650.944421546818,155.387116662706
0.0081,576.74838211816,-429.005606257462,-148.006769244444,-676.019853004376,155.332192312876
0.0082,581.977192295827,-424.057980767592,-157.93912361927,-701.519118694259,155.413776404053
0.0083,586.739336864264,-418.952954337709,-167.738083582142,-727.389842089368,155.356245913614
0.0084,591.252838624003,-413.407802595646,-177.761043552519,-753.668755671145,155.409603994269
0.0085,595.501318953358,-407.83199501215,-187.607734185156,-780.272201930626,155.362485952193
0.0086,599.332849897845,-401.824485149662,-197.506109681426,-807.228455288005,155.367502671471
0.0087,602.953180223768,-395.718890414005,-207.381226614788,-834.453539757212,155.378769461664
0.0088,606.363256386888,-389.182873907107,-217.065785862288,-862.052562500684,155.345248045044
0.0089,609.351201246087,-382.465360915394,-226.928696331371,-889.895088256285,155.388757390258
0.009,612.225572885677,-375.497813973043,-236.503113265276,-917.983637933035,155.363598908628
0.0091,614.534463508166,-368.363734382408,-246.213017158152,-946.281796289489,155.342429095221
0.0092,616.819014560329,-361.070369257346,-255.700580834535,-974.846378479095,155.351933636708
0.0093,618.434977908334,-353.470719852843,-265.074197126481,-1003.62980490245,155.371110757093
0.0094,620.010002741429,-345.74236070533,-274.293928313664,-1032.45585089077,155.326897919731
0.0095,621.257373496669,-337.723223245655,-283.569195304786,-1061.50916060677,155.33053428824
0.0096,622.074232539558,-329.464802471027,-292.672156451537,-1090.65911888795,155.346935875996
0.0097,622.671730205479,-321.149839417433,-301.586801743,-1119.88996120616,155.3592431272
0.0098,622.941950411369,-312.60467369842,-310.355790733499,-1149.1432050885,155.365364496745
0.0099,622.959454633333,-303.980668307256,-319.003506818947,-1178.42999991786,155.32611939396
0.01,622.522617605331,-295.104269468751,-327.482426702126,-1207.71647998062,155.352373297418
0.0101,621.868052092942,-286.100460098579,-335.809520987316,-1237.02259888262,155.337356348464
0.0102,620.892022820751,-276.921203688825,-343.916742649849,-1266.25846689472,155.360468316113
0.0103,619.630768833665,-267.691518893672,-351.937134899247,-1295.35465409855,155.325649229584
0.0104,618.003663401038,-258.344292688789,-359.508827423832,-1324.36836023667,155.325642636205
0.0105,616.087863671409,-248.760145749301,-367.159841910732,-1353.2698122061,155.325695477691
0.0106,613.719633685047,-239.238499202791,-374.611432848516,-1381.89331480375,155.337162256444
0.0107,611.233198167928,-229.606019128492,-381.693362498855,-1410.36368880702,155.313895454199
0.0108,608.458241319781,-219.824709866198,-388.606023024098,-1438.59326808167,155.297448702574
0.0109,605.35642680612,-209.93758678998,-395.312002923188,-1466.51152043526,155.304119926365
0.011,601.937421090924,-200.202883926201,-401.774052265472,-1494.15887687456,155.329389338358
0.0111,598.101143059874,-190.178437088917,-408.007457579173,-1521.43831620067,155.279000773166
0.0112,594.080560178329,-180.186531590056,-413.959605151529,-1548.39394857654,155.331657823625
0.0113,589.75283358511,-170.11942146788,-419.737066044541,-1574.89245867587,155.342698881147
0.0114,585.209222120011,-160.009296788013,-425.157494919588,-1600.91334883917,155.326428549087
0.0115,580.372786437496,-150.062957746773,-430.314426199819,-1626.49509239484,155.329426403338
0.0116,575.281993857407,-140.034046136164,-435.340251168985,-1651.55340497639,155.308220776466
0.0117,569.820939065751,-129.943722058448,-439.953837470128,-1676.12276128807,155.314988327007
0.0118,564.027346742126,-119.785921689532,-444.155115595543,-1700.11903544174,155.257177603259
0.0119,558.305420578039,-109.781006047829,-448.382641165414,-1723.43687857037,155.280467353457
0.012,552.095363254305,-99.8661615881452,-452.19434516589,-1746.16080775031,155.291829072979
0.0121,545.60731213049,-89.842013219883,-455.724922471004,-1768.20639327211,155.267413940928
0.0122,538.909936461936,-80.0274413513507,-458.985885466337,-1789.57076743276,155.331476427907
0.0123,532.05046928355,-70.1151335610245,-461.883382815805,-1810.16097643812,155.30127202348
0.0124,524.991815132465,-60.5168998213923,-464.433943542338,-1830.03441917131,155.324258012721
0.0125,517.669712442013,-50.8188747681319,-466.858681555387,-1849.0612317946,155.304874627271
0.0126,510.067292400765,-41.1706251568019,-468.740161929705,-1867.25297362696,155.285060597196
0.0127,502.252434313427,-31.7033954377802,-470.645110734013,-1884.63164965017,155.303962600571
0.0128,494.400170108479,-22.3411645318863,-472.038787789341,-1901.10944132541,155.311021671035
0.0129,486.187660975177,-13.1498785041647,-473.172482051911,-1916.61895368402,155.290236614556
0.013,477.877153905865,-3.92784669973076,-473.980810303201,-1931.27286358439,155.293621729864
0.0131,469.389169707527,5.02755786111647,-474.410683501089,-1944.88617821764,155.276943800244
0.0132,460.702654467526,13.8449381885934,-474.597594625898,-1957.50534536061,155.302222571388
0.0133,451.86398027621,22.5449942559046,-474.435940157538,-1969.12515636551,155.266914217334
0.0134,442.940372157456,30.9910632742216,-473.976224508378,-1979.68383374122,155.29543557288
0.0135,433.864365579724,39.3249971766297,-473.24813592352,-1989.22009080482,155.299106771646
0.0136,424.601846083091,47.5238895213108,-472.131290174716,-1997.55652001596,155.279059728965
0.0137,415.317247369558,55.5483830502224,-470.77889432291,-2004.80557217262,155.280827512943
0.0138,405.902599837457,63.294218648485,-469.145113381087,-2010.93084358242,155.292549898994
0.0139,396.279923856575,70.8547773310284,-467.124772019501,-2015.87136755808,155.299315552981
0.014,386.51650927652,78.3125256130215,-464.832723888991,-2019.58978040352,155.248227422607
0.0141,376.788543779306,85.3914435842088,-462.316811326413,-2022.14102242056,155.283938007643
0.0142,367.048292744952,92.3894100065286,-459.329226628017,-2023.45661352503,155.279791946508
0.0143,357.130577048653,99.0094110517381,-456.141438324888,-2023.54484348358,155.28843596219
0.0144,347.272774304623,105.521233524459,-452.724241565924,-2022.3512108273,155.256025155221
0.0145,337.313997454023,111.712534248614,-449.063427540103,-2019.91801504516,155.258877108447
0.0146,327.271463934519,117.690432100572,-444.838901464419,-2016.13642440472,155.260747309137
0.0147,317.186253351225,123.477949177816,-440.660611330037,-2011.07948207118,155.279377831076
0.0148,307.093538164085,128.917351789783,-436.005244524954,-2004.6955973319,155.281813744312
0.0149,297.029487629427,134.153288520455,-431.184886462998,-1996.98585415028,155.27370977336
0.015,286.996851133164,139.037713026693,-426.05802228987,-1987.99517273343,155.244391590062
0.0151,276.929603369558,143.678428559972,-420.667044408953,-1977.63864437489,155.266967402799
0.0152,266.814805784152,148.08497268356,-415.037589190844,-1965.94051341329,155.277013402286
0.0153,256.846034768569,152.211000802545,-409.182043889727,-1952.90506934436,155.243419674854
0.0154,246.812816791942,156.050436917775,-402.870139853506,-1938.52299944709,155.244346033149
0.0155,236.992440391435,159.591655780435,-396.578984782224,-1922.70635519091,155.218652654583
0.0156,227.175468760667,162.740454017432,-390.012383222756,-1905.62666426972,155.217552563518
0.0157,217.367724461931,165.742129818862,-383.13285418361,-1887.13466073956,155.219942798863
0.0158,207.770502370466,168.289110066163,-376.069514275266,-1867.36485290579,155.273510278657
0.0159,198.070812506491,170.720326033346,-368.777077366744,-1846.15260321588,155.243288722359
0.016,188.535655685784,172.714385177182,-361.294955672409,-1823.61737391759,155.256657789816
0.0161,179.173081129718,174.507011633692,-353.678405571058,-1799.79253111281,155.243205837053
0.0162,169.792081612554,176.042127798492,-345.833810800699,-1774.59503370342,155.234117680475
0.0163,160.567585644013,177.041144822105,-337.749149752556,-1748.14984916956,155.232470568613
0.0164,151.553583446861,177.903042515541,-329.559088237233,-1720.26483962337,155.21510035812
0.0165,142.721741011735,178.432881797872,-321.147897307473,-1691.20448762526,155.262480726679
0.0166,133.985206197519,178.676311159813,-312.603870099506,-1660.82088275188,155.230825703033
0.0167,125.304277807106,178.479108005261,-303.939881132599,-1629.17961127886,155.284976985944
0.0168,116.894626447245,178.144376803543,-295.163437396422,-1596.29531033078,155.232460118696
0.0169,108.691007860518,177.466438633438,-286.152031017047,-1562.11866982758,155.221713919297
0.017,100.655087995438,176.384533374695,-277.071899596465,-1526.78653071623,155.219051188595
0.0171,92.7711650776425,175.090466401819,-267.929027651667,-1490.223624001,155.214707181474
0.0172,85.0221825484,173.462335711921,-258.599840815454,-1452.51585840567,155.209356215403
0.0173,77.5813008442481,171.586982468418,-249.138356454385,-1413.65784969763,155.186682228902
0.0174,70.3042495103488,169.436780605997,-239.724215955879,-1373.64042226626,155.228058259282
0.0175,63.2238465824428,166.846116828606,-230.194047817988,-1332.65181326705,155.198251931935
0.0176,56.5906890651772,164.147267995354,-220.587416551314,-1290.51865190755,155.197871788911
0.0177,49.7839573204405,161.014816624433,-210.804982621489,-1247.30988840637,155.213669888266
0.0178,43.5097314329925,157.605760261993,-201.113800143164,-1203.15262272471,155.256072982411
0.0179,37.436968775173,153.894706290283,-191.431236110721,-1158.05483368748,155.237086110385
0.018,31.6484517942317,150.162548204204,-181.535492252479,-1111.9234358674,155.1882627419
0.0181,25.9359403248951,145.770402007095,-171.721774579012,-1064.9566403579,155.230234252897
0.0182,20.6327286880868,141.413550740894,-162.007519790335,-1017.10769528451,155.22236474779
0.0183,15.5874628562571,136.546202316814,-152.122028473978,-968.437315548107,155.201661868276
0.0184,10.7957019966224,131.516218130295,-142.269903408783,-919.001991259399,155.208027107702
0.0185,6.15921986386533,126.264482043638,-132.431549216019,-868.763400459851,155.215049844994
0.0186,1.84026252552244,120.843070286927,-122.753072508682,-817.807008593586,155.192197774474
0.0187,-2.01523272882718,115.055534444059,-112.878127469814,-766.259639070053,155.199964899492
0.0188,-5.8172310058858,109.104157095677,-103.321957162621,-714.011152779108,155.177298773795
0.0189,-9.19095166364454,102.828622042755,-93.7657731648687,-661.237939327358,155.201796114894
0.019,-12.3054978016185,96.3860173532939,-83.9819881656904,-607.8846403592,155.181577860896
0.0191,-15.1140032367011,89.7984991441567,-74.589977894459,-554.057486424428,155.204289704311
0.0192,-17.7317035767262,82.8810640570882,-65.1909801729008,-499.774484791276,155.206897221555
0.0193,-19.9085493151232,75.7560524030233,-55.8678550260762,-445.050629499349,155.211024339432
0.0194,-21.854448669663,68.4433934300106,-46.612004004583,-390.097361928168,155.180019173672
0.0195,-23.477000410178,61.0323040795824,-37.5211881325801,-334.753654197296,155.2012649577
0.0196,-24.8300192634148,53.4777013354929,-28.5558995023268,-279.204091172738,155.148154281632
0.0197,-25.9296301556621,45.6040517788008,-19.8216526959738,-223.402837942768,155.16274463157
0.0198,-26.5991177022839,37.6079105754168,-11.0425265837212,-167.547462770499,155.16113581095
0.0199,-27.0573297412366,29.4707109817929,-2.45787204867188,-111.481570632391,155.18179779154
0.02,-27.220883785872,21.1040590182882,5.98309056645976,-55.4303432933635,155.182142767783
0.0201,-26.9463468479314,12.7253641907454,14.2947597604326,0.626522813608632,155.15214404603
0.0202,-26.5613560118621,4.18870068374302,22.3600841924289,56.6110037488226,155.169637764373
0.0203,-25.7603736051642,-4.49578332436207,30.1945224893683,112.491476419596,155.145715484375
0.0204,-24.7170280455148,-13.3237582409592,37.9284891182976,168.156076857446,155.175760190386
0.0205,-23.2883237758918,-22.3091460116242,45.4608024192301,223.644986028779,155.147238748272
0.0206,-21.5100239111052,-31.287755592055,52.8153521852835,278.906505537348,155.183694309218
0.0207,-19.5929684198425,-40.3255717693094,59.9918380415688,333.809725286593,155.123575540693
0.0208,-17.3228590907022,-49.501612975339,66.844356719581,388.24816496795,155.176387198074
0.0209,-14.7771225851501,-58.7612436062688,73.5971758948677,442.306631592476,155.140463389092
0.021,-11.9723445797687,-68.0807825388096,80.0321835869598,495.88994099304,155.173514421539
0.0211,-8.8613693787616,-77.4588670108749,86.29691245688,548.881287865479,155.124413726689
0.0212,-5.34544121038113,-86.9064841047071,92.1985784833999,601.302570142733,155.140519081828
0.0213,-1.6524270004682,-96.2962418723709,98.012683268987,653.087018443548,155.174467486638
0.0214,2.25314470239646,-105.70470462954,103.537785661068,704.142239134672,155.136264259361
0.0215,6.41155102863429,-115.127185916998,108.780719093574,754.419648994073,155.147760642541
0.0216,10.806143647125,-124.705548521077,113.644283653426,803.923736730256,155.161041372505
0.0217,15.690009754122,-134.135134576472,118.461019701677,852.534484538828,155.154556869021
0.0218,20.6633532684415,-143.55305271216,122.944022827953,900.23684784544,155.126204539978
0.0219,25.9276678867695,-153.033970886969,127.076693202123,947.013476637203,155.139798929144
0.022,31.328784397825,-162.450958671778,130.997359923425,992.708372694788,155.103664944724
0.0221,37.1111426468451,-171.734042209515,134.604217621388,1037.32281577667,155.139124794573
0.0222,43.0984293346034,-181.027634312339,138.088795728699,1080.90359731049,155.12191476829
0.0223,49.2079766293327,-190.28945139247,140.965080193798,1123.20527837247,155.101902064004
0.0224,55.6880758943553,-199.450397151544,143.851371369269,1164.39647183919,155.153118434419
0.0225,62.1903147947457,-208.410279937845,146.340576704603,1204.28500921982,155.119231178009
0.0226,69.0336985989,-217.453934937599,148.484623672217,1242.87613285689,155.118765903339
0.0227,76.0336429189085,-226.421748437936,150.397174073566,1280.10613814228,155.10188653274
0.0228,83.3477672046345,-235.193956184272,151.935853673237,1315.94090205513,155.122987700969
0.0229,90.5078239674593,-243.907801501724,153.264189450433,1350.31898529651,155.127931665454
0.023,98.1133304916064,-252.399966182778,154.208554823549,1383.26561046423,155.091358374231
0.0231,105.848412089508,-260.7618543345,154.984666271858,1414.69974291634,155.100933836548
0.0232,113.682771993827,-269.109223022816,155.386809489924,1444.50179889013,155.136073432035
0.0233,121.736229019103,-277.360106999743,155.466998507527,1472.75547507377,155.107412933864
0.0234,129.892835119678,-285.240495133901,155.391069562865,1499.39990556263,155.098464143261
0.0235,138.123500371346,-292.971795934123,154.819328541653,1524.35226917365,155.099348423455
0.0236,146.596737740482,-300.656808686576,154.03379002406,1547.62658765657,155.115412376256
0.0237,155.148632531528,-308.103928068913,152.879768213582,1569.14149193044,155.110930358096
0.0238,163.852859060445,-315.490182908681,151.499960200706,1588.88159588561,155.107324468296
0.0239,172.527128892078,-322.495084252304,149.854103395178,1606.86082668633,155.099112917382
0.024,181.362940671636,-329.372956480471,147.852352791277,1623.03548585233,155.108402625665
0.0241,190.350925102447,-336.002874811348,145.710386888307,1637.33742495776,155.121681434527
0.0242,199.306589354686,-342.472606781691,143.143096177342,1649.81778497931,155.085744046486
0.0243,208.409512691305,-348.679415772724,140.243269752418,1660.41189522297,155.086147574869
0.0244,217.518274972468,-354.725692918022,137.175226936782,1669.04848096526,155.064238127657
0.0245,226.630705339497,-360.429600166278,133.698437800257,1675.81669576147,155.111231321479
0.0246,235.851384045299,-365.957563299717,130.089721482225,1680.58050354331,155.063655761751
0.0247,245.095690528314,-371.229029842681,126.215381539741,1683.46739514746,155.100029427686
0.0248,254.369241774225,-376.25174201211,121.974499228863,1684.34893772143,155.086429530741
0.0249,263.628556727116,-381.047421723169,117.499304596666,1683.20415989921,155.07649291797
0.025,272.689100704153,-385.600136475674,112.883167794457,1680.09192441748,155.05703333853
0.0251,282.09521570841,-389.900093437023,107.877522259906,1675.0302859949,155.109701312528
0.0252,291.207557695846,-393.821204398964,102.667621140081,1667.90183614883,155.075608807062
0.0253,300.259915664947,-397.561244788759,97.2516514397127,1658.81921844492,155.079242286982
0.0254,309.508810351925,-401.014003280469,91.4342450080123,1647.72895871002,155.11899195302
0.0255,318.52958031343,-404.182864424818,85.5385875946615,1634.61572069311,155.081483434714
0.0256,327.641769219032,-407.090216931242,79.3944732679773,1619.49869035435,155.046611538361
0.0257,336.559409060558,-409.68486302789,72.9574303741457,1602.43698100164,155.065107769584
0.0258,345.391140225498,-411.958996857212,66.3840185513055,1583.29218138741,155.060838343068
0.0259,354.226545059954,-414.026441809539,59.7809323464461,1562.17296907165,155.124019793294
0.026,362.829663377895,-415.667154450495,52.8273813981526,1539.16705841858,155.045490121581
0.0261,371.548391244014,-417.172631604332,45.6001631667159,1514.17514607787,155.029565038891
0.0262,380.119177789416,-418.307034660998,38.275445237641,1487.17443205223,155.091398446124
0.0263,388.415845239146,-419.121665020433,30.8303043322271,1458.31548374701,155.071958763243
0.0264,396.754554618366,-419.73961700678,23.0446225980692,1427.54670120411,155.051701417183
0.0265,404.632522169808,-419.98130824004,15.2298349513529,1394.86838144095,155.027594121176
0.0266,412.720953613252,-419.965319712464,7.15366398201439,1360.37475574584,155.021483162726
0.0267,420.573321828281,-419.606675966603,-0.86627056258872,1324.00386880116,155.076161423939
0.0268,428.205177011355,-418.960212148342,-9.21647912844298,1285.85481042506,155.037334985567
0.0269,435.653199443912,-418.136295209455,-17.5523908821937,1245.90335798853,155.054790615412
0.027,442.930338098712,-416.889829151845,-26.1051377181894,1204.18407524743,155.062098208503
0.0271,450.065215462583,-415.389020553982,-34.6894289240587,1160.77840332607,155.039168432268
0.0272,456.988428241085,-413.623478292522,-43.4957179746537,1115.63813048729,155.04018559611
0.0273,463.722290655073,-411.455119189032,-52.2219400854108,1068.90948645735,155.051982963606
0.0274,470.317900791449,-409.14513683389,-61.0693802631586,1020.60569180683,155.050046646451
0.0275,476.631931123198,-406.427557968298,-70.0948240691358,970.628575064059,155.016607272784
0.0276,482.728085530932,-403.558492639548,-79.1856073902375,919.215733313246,155.035987965414
0.0277,488.680494883509,-400.255127251196,-88.1975141869793,866.276369287448,155.052176073299
0.0278,494.211652316323,-396.816997093917,-97.4061952393451,811.89440627178,155.034823947742
0.0279,499.689658961816,-393.17131363033,-106.652709939599,756.152931541075,155.051882842243
0.028,504.815704809614,-389.090552476653,-115.855174064229,699.082263136483,155.063608098966
0.0281,509.747213959196,-384.755442649426,-124.991441044772,640.705137397111,155.017060875034
0.0282,514.384194200032,-380.21986278597,-134.176965275483,581.05683143942,155.028346864673
0.0283,518.834039016358,-375.408829441521,-143.428054499112,520.261820882329,155.019483343002
0.0284,523.051535727156,-370.376062950626,-152.684681408939,458.369047012492,155.027474462492
0.0285,526.910105790417,-365.029956478472,-161.910114657673,395.36957761179,155.031322250166
0.0286,530.606587221749,-359.514459880582,-170.997680207352,331.332417143055,154.978700725584
0.0287,533.900624314013,-353.737102092353,-180.163498921439,266.324973436816,155.050929976766
0.0288,537.061926442609,-347.705214537961,-189.253024725843,200.466249285667,155.013206953046
0.0289,539.914440744365,-341.50825963707,-198.386340585867,133.77865420662,155.022981802536
0.029,542.419908816002,-335.041264161728,-207.206245177833,66.2356560025708,155.013084240958
0.0291,544.535228729684,-328.380781355301,-216.19156917608,-1.92598809387546,154.98898420322
0.0292,546.545972515958,-321.565353451344,-225.077611814289,-70.8287429056864,155.012434668254
0.0293,548.333917770236,-314.581211741821,-233.770734895354,-140.236097288164,155.011450134507
0.0294,549.620812326886,-307.171805853916,-242.384798137508,-210.184359059712,155.011256843383
0.0295,550.877354751975,-299.871364677604,-250.886045392472,-280.580522992659,155.02725749327
0.0296,551.627628709865,-292.354804459791,-259.376063370329,-351.343408090932,154.996426125802
0.0297,552.152226115686,-284.54783220577,-267.721170689395,-422.490298882783,155.028162290449
0.0298,552.416390813113,-276.571538894242,-275.80744631328,-493.79491578651,155.029622508073
0.0299,552.3400234433,-268.429504544948,-283.811060063824,-565.272114455392,155.000479684266
0.03,551.966820380863,-260.303941101222,-291.679328277384,-636.917319335231,154.979031760806
0.0301,551.272883581869,-251.930341520478,-299.356693489197,-708.551458132903,154.972037095633
0.0302,550.37629753447,-243.415002282043,-306.955264887617,-780.177824911454,154.988049826852
0.0303,549.27175223209,-234.837301237529,-314.304917623999,-851.653428208735,155.024458192434
0.0304,547.649378412073,-226.118990964012,-321.453971015482,-922.962776864677,154.996014731503
0.0305,545.875987356003,-217.308490632873,-328.580578566042,-994.021985579951,154.955346443871
0.0306,543.781447721556,-208.41607831845,-335.339615111758,-1064.76862107209,154.991481930391
0.0307,541.401398950444,-199.543643985558,-341.944587076961,-1135.15293791188,154.989210235359
0.0308,538.778050342784,-190.344222010446,-348.493857134159,-1205.05306765471,154.995429114143
0.0309,535.745232463234,-181.282347941191,-354.476895802949,-1274.39858423235,154.985562985329
0.031,532.65013043299,-172.113857164101,-360.627877474263,-1343.10414636397,154.977483290113
0.0311,529.164195077904,-162.805489169237,-366.289364958415,-1411.1493711194,154.977344328761
0.0312,525.368605756643,-153.504190568509,-371.937152997122,-1478.48142557034,154.977693548182
0.0313,521.386928588536,-144.243592180904,-377.209400185069,-1544.97964659242,154.953208955314
0.0314,517.089464469417,-134.991570727986,-382.08363496322,-1610.58805453257,154.982860358651
0.0315,512.506835031735,-125.609196322356,-386.943317783182,-1675.27327146154,154.961765359223
0.0316,507.738862121108,-116.295200502016,-391.540419435862,-1738.86694372282,154.958802542194
0.0317,502.687174818377,-106.902203845145,-395.784778691837,-1801.35600636713,154.987096126622
0.0318,497.483576857518,-97.5932146403326,-399.940414744054,-1862.76011351082,154.986073223316
0.0319,491.95315979375,-88.1952708783267,-403.554643313933,-1922.93410110116,154.979738910668
0.032,486.328297873614,-79.0768080194019,-407.075633909536,-1981.78314596735,154.929492859829
0.0321,480.216805274027,-69.7961298081404,-410.341549021579,-2039.29143903748,154.956903926397
0.0322,473.955723102352,-60.7139611475297,-413.381792686184,-2095.34154140537,154.965744075955
0.0323,467.528242108909,-51.51286182944,-416.026500199566,-2149.96195343266,154.964670841793
0.0324,461.041887718343,-42.5722946981974,-418.489698490061,-2203.03775515846,154.94176551034
0.0325,454.226485848381,-33.5765274878632,-420.530823629095,-2254.54087573933,154.996978141891
0.0326,447.087763952627,-24.7008807922315,-422.448566483747,-2304.30246652356,154.962565437612
0.0327,439.921587813754,-15.852074040336,-424.071233954523,-2352.39684991646,154.924089424955
0.0328,432.552696978798,-7.21536221778992,-425.335042836159,-2398.73600187228,154.911341494323
0.0329,424.995951969459,1.28887101138089,-426.343049068025,-2443.30095818874,154.94651159083
0.033,417.229817309332,9.71074176614891,-426.944463525759,-2485.90604822199,154.931690833569
0.0331,409.365090272491,18.1583686993182,-427.316579105841,-2526.63347809385,154.944573582963
0.0332,401.259341313628,26.242800654883,-427.555712155424,-2565.41492607116,154.952738751227
0.0333,393.052226718568,34.311009609382,-427.339413725103,-2602.12396910015,154.93982163101
0.0334,384.775516769407,42.1033337999326,-426.892235877149,-2636.80356896213,154.948280491961
0.0335,376.289742770105,49.846299083001,-426.138711389928,-2669.3591952467,154.943941396043
0.0336,367.812851560338,57.4804328868943,-425.146644975616,-2699.82443644004,154.938910694299
0.0337,359.016132987557,64.692503999877,-423.911128848174,-2728.02825861549,154.938001863397
0.0338,350.27541007396,72.0409750771907,-422.256557308204,-2754.11505501648,154.943291893997
0.0339,341.480975951413,78.9390253565012,-420.431939661092,-2777.82345018913,154.926138767881
0.034,332.386582726564,85.7350558552952,-418.177359082693,-2799.28892225102,154.921599775189
0.0341,323.349731245799,92.4084990738737,-415.77695014432,-2818.44199712508,154.948017715836
0.0342,314.236092531456,98.8142267685381,-413.078077494936,-2835.28706282372,154.89654299076
0.0343,305.056661896265,104.993434242801,-410.06507607268,-2849.68465627776,154.920918698052
0.0344,295.939702307156,110.976396861201,-406.876640010514,-2861.73243126754,154.913849002401
0.0345,286.528953378277,116.671621008181,-403.252548303917,-2871.32742419985,154.918201809075
0.0346,277.295727066198,122.112986786676,-399.491172374436,-2878.47738468033,154.866693272311
0.0347,267.945200682649,127.504074644236,-395.456582620288,-2883.22963595336,154.909858024859
0.0348,258.711165093655,132.478453958546,-391.150860970816,-2885.44989144376,154.941237493057
0.0349,249.476308956009,137.30640671883,-386.584982058616,-2885.2270574532,154.881647571891
0.035,239.998678712656,141.737689019409,-381.780119611012,-2882.43788228771,154.915748852899
0.0351,230.866391517722,146.065687251943,-376.692957606108,-2877.2006121424,154.938799034095
0.0352,221.38369883233,150.012302330326,-371.457154836859,-2869.43295024942,154.921360608875
0.0353,212.126739392499,153.846476286867,-365.8716260866,-2859.13632107459,154.91448135681
0.0354,202.885256452645,157.314721303358,-360.278841005124,-2846.38137334508,154.925389820922
0.0355,193.648107511017,160.522089607084,-354.255262903464,-2831.09271023124,154.94393041464
0.0356,184.59819136519,163.509708188835,-348.132690863065,-2813.27415695979,154.896350847804
0.0357,175.590136866499,166.16154467071,-341.684251028808,-2792.92905919733,154.883263580212
0.0358,166.526362481027,168.544219337973,-335.046233535962,-2770.13704080436,154.9068390034
0.0359,157.689069519198,170.643549928034,-328.341442938534,-2744.92944658531,154.854116683587
0.036,148.798862428541,172.533145155893,-321.356839380166,-2717.1903728061,154.848909940846
0.0361,140.104335635847,174.035648800765,-314.085803324884,-2687.00919813438,154.911052830189
0.0362,131.530064219559,175.344615138172,-306.738845336563,-2654.38609432038,154.895127686502
0.0363,123.035088097573,176.296440951611,-299.346747854004,-2619.36741953346,154.883793139031
0.0364,114.65595186798,176.977612299035,-291.765190135741,-2581.97961280479,154.848164435924
0.0365,106.434115515329,177.529721515282,-283.935483235,-2542.25491116121,154.886726635843
0.0366,98.4562297257079,177.575396497848,-275.89786506886,-2500.21471350119,154.861710715326
0.0367,90.421057874574,177.399913676116,-267.934715321303,-2455.85538916987,154.900175356373
0.0368,82.6761479902702,177.070020487463,-259.599369276032,-2409.19744821926,154.865279355831
0.0369,75.0024681751722,176.225281517441,-251.304816261368,-2360.36942682343,154.842859852708
0.037,67.6119072367591,175.271708284332,-242.890485109273,-2309.33895296057,154.890529016908
0.0371,60.3950452123309,173.915648940172,-234.211840260298,-2256.17470229508,154.861511236065
0.0372,53.3618485747152,172.367453415012,-225.729502205578,-2200.9251684724,154.878737451521
0.0373,46.4362968170855,170.575230648187,-216.866124288894,-2143.60691363847,154.863715738986
0.0374,39.6776492988904,168.364631392758,-208.140808028744,-2084.26012906816,154.855934632537
0.0375,33.1167890999233,166.061047643216,-199.192187244659,-2022.96495544514,154.864099116315
0.0376,26.8515254297544,163.342292878842,-190.323069999733,-1959.75014103319,154.862829097478
0.0377,20.8610634975878,160.386424227825,-181.230089286354,-1894.68575732818,154.875397666531
0.0378,15.0228019721998,157.090292277372,-172.171365293901,-1827.87554411666,154.853495743936
0.0379,9.4717025815363,153.737527201179,-163.108145866996,-1759.21978183111,154.81515687334
0.038,4.01899176809011,149.983025350603,-154.098150231589,-1688.94199712355,154.869604794726
0.0381,-1.09598539932238,145.997443138258,-144.967041143624,-1617.09231157277,154.782041474712
0.0382,-5.96988673252261,141.788939832831,-135.786251501408,-1543.625345311,154.827695468588
0.0383,-10.6452203657758,137.279357936376,-126.636799602271,-1468.63596930992,154.851758222905
0.0384,-15.05881193183,132.716203935589,-117.498521622925,-1392.26744814944,154.83647758142
0.0385,-19.1652013403731,127.702328956553,-108.45707026895,-1314.5405623333,154.851003825775
0.0386,-23.2095608172587,122.473147858493,-99.1565930797289,-1235.48685030262,154.832047783168
0.0387,-26.7348320343044,117.037824981601,-90.2000396345382,-1155.25945026982,154.831365663996
0.0388,-30.0982231596929,111.479092395925,-81.2648996545445,-1073.85984961775,154.835809513712
0.0389,-33.2040176605111,105.586451145583,-72.3453456971705,-991.367288601026,154.853472152334
0.039,-36.0118588927035,99.4914957829175,-63.4785232975414,-907.92498734425,154.821047895884
0.0391,-38.4229783476316,93.3351273105656,-54.6735833683724,-823.489255145922,154.843041402705
0.0392,-40.8237742832728,86.8456928976998,-45.8769755315793,-738.281893706765,154.848897830384
0.0393,-42.8775943051924,80.1101680295829,-37.2496600901773,-652.298410248284,154.838427781739
0.0394,-44.5226234309566,73.3144553304243,-28.7586931815058,-565.568372013849,154.832175547579
0.0395,-46.0340771171244,66.3041093523565,-20.4007916837286,-478.301772305245,154.839104169562
0.0396,-47.1271633774419,59.1923175046456,-12.0405892844082,-390.423135127949,154.803045374514
0.0397,-48.023074689494,51.9027293434814,-3.83703100553,-302.205051140699,154.827952554888
0.0398,-48.6218245664366,44.4145685840407,4.15284349887772,-213.548220451309,154.822558291436
0.0399,-48.9373073184963,36.8314395335894,12.1812388429602,-124.615985459106,154.796294237513
0.04,-49.0003397871262,28.9558266155288,19.944257336977,-35.5228996240268,154.823956402161
0.0401,-48.7665860173361,21.1062025594855,27.6140812886223,53.6914724087866,154.814377700998
0.0402,-48.2070001348386,13.2359221654091,35.0682747024726,142.962795647187,154.791084645428
0.0403,-47.3835116177219,5.07071962452695,42.4069724499286,232.173265454485,154.799323037156
0.0404,-46.2571940028373,-3.19166622237786,49.5031845832127,321.214358675813,154.814853739278
0.0405,-44.8824625195486,-11.5126169772115,56.4313926465085,410.096730487287,154.805826373532
0.0406,-43.2472332336248,-20.0014826523391,63.2291054728658,498.581254555141,154.792048407008
0.0407,-41.3407803472387,-28.5604345734543,69.7320673724722,586.734890297287,154.800086637116
0.0408,-39.119049959691,-36.9681664789576,76.1413577298464,674.406854321896,154.771969989601
0.0409,-36.6806360418985,-45.5864334930112,82.2715422448163,761.51121202944,154.787347694278
0.041,-34.0024255513255,-54.3419950552332,88.2886298104717,847.907765301056,154.805318975638
0.0411,-30.7840512677955,-63.2094928278433,94.0299549912648,933.685464111406,154.828331805195
0.0412,-27.6308385125,-71.6940251541688,99.5903847917214,1018.60976581164,154.783592740013
0.0413,-24.118008414805,-80.6335239917958,104.746839897453,1102.61707320312,154.802535903604
0.0414,-20.4402792825633,-89.4039314154473,109.847612234111,1185.65137090939,154.830315084872
0.0415,-16.3536784135175,-98.2865774436338,114.545649536546,1267.64367880283,154.788691025653
0.0416,-12.0181313465399,-107.017482304339,119.255651153032,1348.48863274762,154.764591879253
0.0417,-7.63248487173027,-115.771645511981,123.490487288805,1428.15305244391,154.795069959487
0.0418,-2.89945250474656,-124.695596701099,127.604401300649,1506.49638148101,154.732290010624
0.0419,2.00831846455305,-133.469076400931,131.534647346736,1583.48030410978,154.769870415137
0.042,7.15075506688803,-142.263751426436,134.99902407735,1659.01769169287,154.79497788811
0.0421,12.5423790383815,-150.960223776225,138.297618802514,1733.00239059753,154.804305868257
0.0422,18.2094300457674,-159.474823064461,141.312190712322,1805.44483685174,154.763779119762
0.0423,24.1001890115782,-168.125031507223,144.008611460382,1876.15503147025,154.750189277268
0.0424,30.1071848110086,-176.771135656495,146.549398887288,1945.20834016206,154.768565679825
0.0425,36.283389026323,-185.23385701093,148.741311125096,2012.43345207942,154.750644992582
0.0426,42.7453226532654,-193.463905888174,150.749628466659,2077.73974494038,154.764409842206
0.0427,49.3153969993222,-201.858341019386,152.448541766904,2141.11271077153,154.765577027749
0.0428,56.1102697016663,-210.049896628544,153.85654133627,2202.53949678253,154.771681435418
0.0429,63.0402929212219,-218.011650011469,155.018360046754,2261.83359545821,154.76984500034
0.043,70.0691502216927,-225.924525387748,155.885488187459,2319.03843128707,154.752633801016
0.0431,77.3676004939727,-233.823738314476,156.352525524365,2374.07533832131,154.761828060447
0.0432,84.7115521315762,-241.374155271935,156.668170755279,2426.86088788651,154.738238316383
0.0433,92.3238932734725,-249.046947068102,156.66509876294,2477.27052926706,154.714696359161
0.0434,99.8883082321348,-256.374885472635,156.400228696129,2525.50810511793,154.748856649121
0.0435,107.646930894237,-263.596855217832,155.926711157847,2571.22938242025,154.759249077973
0.0436,115.632602317321,-270.626135791109,155.141504252861,2614.53307619082,154.75233159394
0.0437,123.701757759654,-277.589350080928,153.939586125948,2655.33830395969,154.742010374381
0.0438,131.776321819587,-284.265216401844,152.530800647408,2693.61476252047,154.732114117751
0.0439,139.901486908483,-290.800463689601,150.899837647558,2729.31210348697,154.754746267425
0.044,148.246724654785,-297.220127290562,148.969151547532,2762.43657505119,154.731180550144
0.0441,156.554319033497,-303.307311374854,146.819175432293,2792.90875672788,154.744743435403
0.0442,164.883253873824,-309.325055856189,144.324716244983,2820.64509523645,154.708845348363
0.0443,173.382063004917,-315.088527374277,141.636003662478,2845.73110053837,154.719309961014
0.0444,182.011380121509,-320.60275056075,138.597186403305,2868.05940175232,154.748483444917
0.0445,190.507066469488,-325.90992355156,135.373755620404,2887.57130407696,154.720835499213
0.0446,199.069288842064,-330.993827310667,131.913354171128,2904.41030058382,154.784264188134
0.0447,207.575887564625,-335.91185396247,128.086098426399,2918.34272291826,154.722158991289
0.0448,216.329792307262,-340.530291865949,124.147429453308,2929.52245377846,154.713016225768
0.0449,224.887213165071,-344.879391852644,119.76400055438,2937.77835712019,154.699288117034
0.045,233.499266341724,-349.000582820892,115.38892677606,2943.21109487727,154.737242311395
0.0451,242.204905341743,-352.942611392508,110.728137254639,2945.79904431306,154.736830797863
0.0452,250.7989651246,-356.536503492803,105.777698695819,2945.53677097425,154.772378769102
0.0453,259.264890054507,-359.987028888725,100.513769435772,2942.38767301818,154.709848317852
0.0454,267.804433495514,-363.087394794174,95.3684256622865,2936.39674709896,154.700045912031
0.0455,276.30107030955,-365.944069575385,89.6794950103459,2927.49863889112,154.698925075848
0.0456,284.675508257249,-368.549631623042,83.7584870121072,2915.7360975817,154.684054086481
0.0457,293.094876802861,-370.886621580394,77.8239271506985,2901.13138363441,154.692888964959
0.0458,301.295931928298,-372.991226225533,71.7369766599889,2883.65186484887,154.693126831653
0.0459,309.526334461183,-374.850821243284,65.3588115242452,2863.3405439165,154.678129265936
0.046,317.603034501668,-376.34221849757,58.7170632592391,2840.25131435969,154.705953671087
0.0461,325.643460618723,-377.610862950299,51.9996337462957,2814.31933086949,154.719042981869
0.0462,333.532268839652,-378.622015198628,45.0336972796437,2785.65834677242,154.74298351549
0.0463,341.250887907275,-379.319758455887,38.1550480242851,2754.1954982205,154.716256174665
0.0464,348.948015966713,-379.796357456914,30.8036425421101,2720.05802471788,154.701469634142
0.0465,356.487967729249,-379.95297548432,23.5395408432441,2683.1459466918,154.692243587029
0.0466,363.820261739425,-379.787354387101,15.9362730058486,2643.61650051613,154.650365421914
0.0467,371.066723168652,-379.399693787802,8.34192675444513,2601.46590478957,154.682753431601
0.0468,378.232970345184,-378.770267502347,0.52441078022329,2556.67424112547,154.681583474189
0.0469,385.162160959649,-377.882458740874,-7.27189162686982,2509.39977525472,154.693718191369
0.047,391.890965019708,-376.702013277537,-15.2700302627609,2459.59145986291,154.66309156883
0.0471,398.463845439058,-375.190276942219,-23.4549297189971,2407.28312299717,154.682112463951
0.0472,404.931372886806,-373.380827087442,-31.6971906990189,2352.6189032468,154.653555151324
0.0473,411.218117283938,-371.410443037637,-39.8270925305268,2295.55224646859,154.669752721248
0.0474,417.163511276261,-369.077073756816,-48.1084418586789,2236.22260467713,154.690685771191
0.0475,423.104443738038,-366.548118882636,-56.5056328501224,2174.58482955374,154.712384527001
0.0476,428.706829400368,-363.652056826702,-65.019577224596,2110.7532179994,154.688822218586
0.0477,434.090438615898,-360.559313143617,-73.474290553498,2044.82109579997,154.652658458106
0.0478,439.343166316298,-357.313198371167,-82.1503238805012,1976.74687571602,154.685402915504
0.0479,444.368845190987,-353.780829314862,-90.5227483110648,1906.7125968445,154.650880480006
0.048,448.983402232491,-349.887787691995,-99.1622656049439,1834.73684168581,154.653279970147
0.0481,453.632511142715,-345.766682576374,-107.756863841501,1760.89873666931,154.639487643399
0.0482,457.926086565755,-341.491948546633,-116.384224004765,1685.18060229859,154.659834953113
0.0483,462.065502472074,-336.935525203641,-125.050605051018,1607.76928806932,154.677762518733
0.0484,465.698867480411,-332.085365811357,-133.741794084553,1528.68245447196,154.653391047702
0.0485,469.283505622373,-327.142263958581,-142.313123947085,1448.00362887717,154.625164071612
0.0486,472.708442892336,-321.949433103594,-150.786735213102,1365.84226636286,154.661100847012
0.0487,475.661093608382,-316.480662728788,-159.313166346928,1282.24649565374,154.657108718934
0.0488,478.706382152698,-310.799020911276,-167.85773408296,1197.28154491058,154.616745979226
0.0489,481.063158131089,-305.080220879164,-176.227260551856,1111.0992833816,154.677935065236
0.049,483.454965242251,-298.80588941094,-184.57061042834,1023.67734310549,154.675969958458
0.0491,485.454247661719,-292.597338604016,-192.792899697429,935.237810903978,154.645772449538
0.0492,487.252078163842,-286.178482716956,-201.062030783531,845.711993820523,154.646515395664
0.0493,488.691841782776,-279.583775114995,-209.153565182664,755.259652701208,154.622653914064
0.0494,489.848427385973,-272.752607537627,-217.213354270003,664.024316339096,154.657339982425
0.0495,490.925082003357,-265.855904324425,-225.185977478735,571.9605538257,154.633318121932
0.0496,491.580005834461,-258.551619420887,-232.972266409495,479.271322142715,154.591435543624
0.0497,492.066211913274,-251.286228741141,-240.665747563186,386.043711197507,154.635254867922
0.0498,492.063607857075,-243.874383355691,-248.256544500602,292.319447922454,154.604544768498
0.0499,491.882217186177,-236.3280586281,-255.638669000227,198.256579324621,154.618483999527
0.05,491.536486281484,-228.636298882518,-262.907589318501,103.835246828852,154.614561500004
0.0501,490.852489152112,-220.748957303767,-270.038278487153,9.23540849809592,154.617128288364
0.0502,489.92984183156,-212.85340782374,-277.044735206319,-85.4643279378286,154.625512495286
0.0503,488.752557768867,-204.777267117772,-283.852458662261,-180.137616988018,154.6234307639
0.0504,487.262052187284,-196.709510481886,-290.580443961706,-274.73952057467,154.60844315306
0.0505,485.504999545254,-188.471020798665,-296.984877814056,-369.193495094772,154.586325613009
0.0506,483.389927970434,-180.071597391347,-303.351985150913,-463.36721192366,154.60876647028
0.0507,481.096127781874,-171.711175002057,-309.425830990181,-557.177893931029,154.62250482996
0.0508,478.599527017315,-163.160630515171,-315.404476992786,-650.516793392936,154.655263780547
0.0509,475.738797664162,-154.63803743037,-321.086059767331,-743.285541000845,154.651285970621
0.051,472.726978193169,-146.196199424926,-326.444591751283,-835.481427065882,154.558909685321
0.0511,469.309357503825,-137.365022698862,-331.705964073674,-926.83650646762,154.592270465832
0.0512,465.673348880991,-128.82229744247,-336.941210558609,-1017.41955592458,154.643688222867
0.0513,461.93911993473,-120.190062949765,-341.843281098161,-1107.07781736312,154.613270329936
0.0514,457.836136332179,-111.435362363771,-346.451278457797,-1195.73204062829,154.596099846832
0.0515,453.553980639894,-102.650374704227,-350.820985870535,-1283.26452673517,154.599778760588
0.0516,449.082976779348,-94.0401601316909,-354.940506673561,-1369.59341772465,154.614824185595
0.0517,444.301942798865,-85.322889215738,-358.841030153717,-1454.67404306503,154.572331309706
0.0518,439.211210045107,-76.6609842901237,-362.55110103888,-1538.37169571752,154.608435613044
0.0519,434.037023936637,-68.0576428866923,-366.094403553221,-1620.64085669902,154.626386592469
0.052,428.615116136019,-59.330111205839,-369.214735328057,-1701.33165120516,154.591813242518
0.0521,422.929090619387,-50.9144135760908,-372.197946039388,-1780.40955720867,154.593402990222
0.0522,417.138658404501,-42.1864397561156,-374.868520712799,-1857.84075708174,154.564953656061
0.0523,411.169580561203,-33.9094995424021,-377.266731523648,-1933.43183724116,154.591954569945
0.0524,404.846784298029,-25.3156762193929,-379.282809086455,-2007.16678301894,154.571385365094
0.0525,398.465701144734,-17.0942370148463,-381.370809492555,-2079.01501030348,154.613831686264
0.0526,391.787175405539,-8.92148097843461,-382.88634372565,-2148.79959316326,154.619043480877
0.0527,385.090382764606,-0.728256773494983,-384.255721406217,-2216.56063872298,154.583746552527
0.0528,378.155735311961,7.29088784438842,-385.32812974084,-2282.1488229706,154.551208105493
0.0529,370.995766306135,15.2227552207085,-386.202810116877,-2345.48725879497,154.593587672508
0.053,363.66289307321,23.1218820169855,-386.64816686308,-2406.56224476753,154.557626429332
0.0531,356.259603051559,30.7471217915817,-386.980921132412,-2465.23391841692,154.581092741769
0.0532,348.789101968594,38.4667366241387,-387.010302108652,-2521.55774206949,154.598300938057
0.0533,341.068889639783,45.7957977967634,-386.918551243731,-2575.32299271929,154.588490085881
0.0534,333.308045324838,53.0548193205073,-386.226493406971,-2626.59850545962,154.578335343134
0.0535,325.26480279845,60.160372363488,-385.47900376778,-2675.26695722551,154.546678879017
0.0536,317.340359178997,67.1192424210432,-384.448967309506,-2721.38682939553,154.584880862634
0.0537,309.082170311228,73.9503427270104,-383.076129057524,-2764.7171417872,154.550612482253
0.0538,300.852636809378,80.6153761899371,-381.497688402956,-2805.31267537979,154.532292960811
0.0539,292.666880861645,86.9626338767026,-379.729663555419,-2843.1401709093,154.536393830891
0.054,284.188905129851,93.3047323877065,-377.509649168645,-2878.0910802835,154.56333881433
0.0541,275.792269497695,99.4020924592251,-375.198314552612,-2910.20751412562,154.541758723701
0.0542,267.326545932626,105.304209432941,-372.495080764037,-2939.39183964622,154.570280093178
0.0543,258.627884849323,110.903203846793,-369.674380944768,-2965.67010693721,154.547172093646
0.0544,250.035837009718,116.431259512681,-366.532533711786,-2988.88915557143,154.546982657497
0.0545,241.456580508182,121.651420972364,-363.07098681324,-3009.21809449381,154.571708124031
0.0546,232.771263681697,126.562888061572,-359.465919886054,-3026.44540377538,154.522638356928
0.0547,224.092221882906,131.473002659178,-355.558159185223,-3040.60527224662,154.555585410668
0.0548,215.40994769989,136.102126924453,-351.401399338213,-3051.74348320438,154.531333552957
0.0549,206.611548152205,140.405471263318,-347.131901107133,-3059.73035947431,154.532409072338
0.055,197.935792992393,144.498417740514,-342.47988312772,-3064.66283784206,154.51299794888
0.0551,189.324701677339,148.413397373992,-337.650606984264,-3066.45677764379,154.491230885886
0.0552,180.634672014045,152.027077745003,-332.736857012324,-3065.06936261352,154.511500684476
0.0553,172.000170941534,155.383982025202,-327.421445543861,-3060.56525105758,154.551840422182
0.0554,163.505898460164,158.572849282428,-321.995659571159,-3052.95798421061,154.54101209389
0.0555,154.959855599038,161.433471473898,-316.380167009099,-3042.20365679367,154.540174645525
0.0556,146.421391929089,163.966717803041,-310.598312251105,-3028.33220911258,154.508213718909
0.0557,138.004610990916,166.477205332256,-304.461977732554,-3011.31700579015,154.510043731757
0.0558,129.759624427668,168.568178249229,-298.232364755098,-2991.24875916855,154.499939903953
0.0559,121.449700686018,170.415066017196,-291.888237907992,-2967.98538418155,154.529028693136
0.056,113.234269374228,171.974598140071,-285.204067547011,-2941.68652362292,154.498950337014
0.0561,105.075888096925,173.273517744931,-278.489291560786,-2912.2774928562,154.491395839582
0.0562,97.1731292138341,174.265826305071,-271.481929052128,-2879.86869187477,154.526816979623
0.0563,89.3264275929746,175.107273653795,-264.461473562255,-2844.50102821911,154.520630050018
0.0564,81.5720750554066,175.704388490017,-257.277702332714,-2806.01759284245,154.518496988993
0.0565,73.9547988942106,175.893883851071,-249.940455789377,-2764.63805898152,154.52394460941
0.0566,66.591836695537,175.914490623342,-242.493832254437,-2720.34208439317,154.513897036261
0.0567,59.1436979204066,175.629307647149,-234.796338428047,-2673.11485804179,154.481355124646
0.0568,52.1041971147632,175.112028376115,-227.149515789536,-2623.07990462956,154.493102764688
0.0569,44.9689050805493,174.272527623161,-219.293899452602,-2570.16136801624,154.515316077394
0.057,38.1370796099345,173.086229584708,-211.276727746182,-2514.52228894523,154.50009366313
0.0571,31.4772669272755,171.852371280456,-203.244599964277,-2456.1814401331,154.455861308572
0.0572,24.9222456264134,170.25227059372,-195.298538612226,-2395.17260409445,154.478147305636
0.0573,18.6283394638219,168.451985755991,-187.010710721516,-2331.56033049785,154.471630133386
0.0574,12.4508031193202,166.211493978114,-178.796476448634,-2265.43990306764,154.462737109389
0.0575,6.44002187438351,163.837765313757,-170.512675932843,-2196.72261420096,154.458423219079
0.0576,0.81042545444402,161.270549018736,-162.047783669327,-2125.60949411585,154.533613891454
0.0577,-4.74838425920834,158.300502188292,-153.511811385274,-2052.1030919314,154.511898414703
0.0578,-10.0841890426315,155.206963827456,-145.124632206732,-1976.30858345351,154.501601740173
0.0579,-15.2554521608822,151.868343459533,-136.68968570134,-1898.25388339694,154.47504281631
0.058,-20.1245120764497,148.239180899426,-128.103023071947,-1818.06458091214,154.473882994088
0.0581,-24.8218347979524,144.438144556263,-119.61458682157,-1735.7606903228,154.447612379505
0.0582,-29.185663937394,140.327009880853,-111.090494002619,-1651.42090710974,154.460709793041
0.0583,-33.4252269960012,136.002054865801,-102.573273703548,-1565.16268042441,154.469439223133
0.0584,-37.4124024214647,131.445854156988,-94.0859171785161,-1476.9919056517,154.501637472933
0.0585,-41.2701322128491,126.78803791024,-85.7063422966628,-1387.09076627963,154.432138293233
0.0586,-44.6311209379936,121.87485070763,-77.1458034042305,-1295.41649695906,154.477924343511
0.0587,-47.8811022214782,116.639815899994,-68.709162389346,-1202.1512548017,154.449273956164
0.0588,-50.984605084575,111.36768121066,-60.3721714097669,-1107.40833742821,154.448220565393
0.0589,-53.6742708190777,105.753046520994,-51.979108955288,-1011.1160574321,154.449420183557
0.059,-56.1393217900477,99.8844250794668,-43.7578936070844,-913.598538440334,154.426779140783
0.0591,-58.4601718655631,93.9239923522961,-35.5539057755467,-814.655652429624,154.466180862056
0.0592,-60.2923889213235,87.7919142605198,-27.569732205148,-714.66993084544,154.42944127484
0.0593,-62.1124021487253,81.5778528268139,-19.4221852446106,-613.536479149135,154.455459910117
0.0594,-63.619635688972,75.0905230910665,-11.4909062102065,-511.38866942607,154.469715275019
0.0595,-64.819783122714,68.4265042956584,-3.6918481605457,-408.410698202824,154.451172479835
0.0596,-65.6749390488559,61.6002861158576,3.9290735194412,-304.572750820479,154.462714425387
0.0597,-66.3397687317002,54.6786344265681,11.6654579939758,-200.045529509869,154.428032075103
0.0598,-66.7152258363862,47.6828178504982,19.0577460770527,-94.92578168903,154.450341428113
0.0599,-66.8079790893567,40.3900811726057,26.4392167401395,10.7286315123077,154.436912304919
0.06,-66.7434930672594,33.2159145077455,33.5759461233949,116.780435484516,154.448607066401
0.0601,-66.3869316870093,25.6178846074819,40.5866021888016,223.122201733822,154.417780951771
0.0602,-65.6477534229963,18.1426252455487,47.5767166742015,329.685030324015,154.431915769708
0.0603,-64.7014808958041,10.3506583041109,54.3158847372416,436.335508637276,154.442053415601
0.0604,-63.6435706573968,2.64538376204951,60.9536531640533,543.0213207846,154.475665367227
0.0605,-62.0641286535321,-5.10371103142375,67.2584531668445,649.582593532341,154.385435670286
0.0606,-60.4350064800375,-12.9850465137048,73.5556179996038,756.037007222779,154.389154297357
0.0607,-58.4938846460935,-21.1012111615177,79.5109561533406,862.118163091487,154.41292019915
0.0608,-56.2609229924898,-29.1062742515999,85.4467742715041,967.782491067587,154.456728450545
0.0609,-53.7932400931675,-37.2909008361551,91.1258917970256,1073.05756542718,154.413594254706
0.061,-51.1334593755914,-45.3708689999392,96.5453481961712,1177.69164702242,154.442823162857
0.0611,-48.1290078814797,-53.6057640259953,101.751756131514,1281.60810691403,154.395207440239
0.0612,-44.9980120445071,-61.8921637277301,106.847481048833,1384.73697779482,154.432960819288
0.0613,-41.5001916629659,-70.1341986893753,111.630605096395,1487.01507292541,154.351797220799
0.0614,-37.8511423416342,-78.3313851426771,116.265904995985,1588.2790441235,154.418279114225
0.0615,-33.9729443579319,-86.5341133164785,120.574469049292,1688.52556165848,154.371920181597
0.0616,-29.8091264390211,-94.8009562814805,124.693908539752,1787.54916569931,154.442686189464
0.0617,-25.4652320151158,-103.124412059826,128.639930852999,1885.31557827121,154.370531898227
0.0618,-21.0146588774494,-111.287366338356,132.319931882873,1981.66884810583,154.396052669172
0.0619,-16.2268028619571,-119.534733636668,135.707134347284,2076.65887697065,154.407865234182
0.062,-11.1376229395247,-127.735588563098,138.88808260039,2170.06148156892,154.362600501372
0.0621,-5.99865542017374,-135.913867150959,141.859898737746,2261.83900508023,154.368150523795
0.0622,-0.567092699488297,-143.905753877607,144.563887706293,2351.8752590363,154.364614825191
0.0623,5.00743740146975,-151.874026737419,146.970011340643,2440.12267135634,154.384261067464
0.0624,10.7388004072428,-159.92211868366,149.208198206233,2526.48634562965,154.3673694468
0.0625,16.6551689014351,-167.794194528627,151.160050818622,2610.86426717503,154.368951808216
0.0626,22.6994112829445,-175.531273051994,152.877495771901,2693.19441318936,154.383704333494
0.0627,29.076529479005,-183.298905125748,154.25567227748,2773.40730930382,154.410719099149
0.0628,35.5713484044856,-190.791202636467,155.334581835451,2851.39098916827,154.371146852045
0.0629,42.1209801234416,-198.485622495022,156.15543069396,2927.11859972348,154.405716954926
0.063,48.7808502772345,-205.691819453545,156.89796448979,3000.48323541516,154.389123062966
0.0631,55.760573413575,-212.995745967613,157.345435614165,3071.41924005745,154.361782860418
0.0632,62.6971897720781,-220.034330221196,157.453962607921,3139.87255956448,154.329178060252
0.0633,69.8518058809685,-227.059566770834,157.206111380489,3205.75178490552,154.382437435039
0.0634,77.1724121015424,-233.9038486767,156.794465043852,3268.98920597687,154.363457264432
0.0635,84.4803917631641,-240.627509890366,156.084765099816,3329.61120521713,154.380094741232
0.0636,91.9974229422096,-247.17036531958,155.219148604173,3387.43016139885,154.399562741325
0.0637,99.5614258761155,-253.496861367307,153.972789373044,3442.50925482805,154.395546245378
0.0638,107.279210240579,-259.769437036202,152.600008569111,3494.73608585897,154.337009014283
0.0639,114.945054891955,-265.827282928059,150.740068967155,3544.02817702408,154.3508929525
0.064,122.738127465957,-271.672662347998,148.869490970731,3590.3723296547,154.375755431984
0.0641,130.681591826282,-277.329477926298,146.712334863956,3633.76837541898,154.375022392508
0.0642,138.64471786041,-282.880021514658,144.274119235608,3674.14968044167,154.396985579292
0.0643,146.51177129419,-288.079900834203,141.501881956589,3711.38719903696,154.346348823674
0.0644,154.543076161867,-293.096110218501,138.607922478724,3745.56938929749,154.382025300477
0.0645,162.596520314283,-298.061395414093,135.445385662814,3776.63555204614,154.387543880698
0.0646,170.77345687872,-302.649593512121,131.970689880318,3804.49943542827,154.363809707108
0.0647,178.835268525243,-307.129896073719,128.271730604995,3829.14373374635,154.348629718892
0.0648,186.903478350108,-311.226837162912,124.437114467922,3850.64801109804,154.38125473077
0.0649,195.020842436392,-315.296676510132,120.29251351019,3868.90114925025,154.385436410123
0.065,203.151804383599,-319.081275155695,115.913615527193,3883.85191829405,154.322484939288
0.0651,211.169536782949,-322.570521120526,111.345660370315,3895.60944159313,154.356446128302
0.0652,219.216369521919,-325.847099504285,106.673586034977,3904.03534976156,154.345654331543
0.0653,227.199531147707,-328.878458177443,101.627002447222,3909.15329804425,154.334196584378
0.0654,235.199600942561,-331.643914950944,96.5707774110002,3910.98384204053,154.333077019085
0.0655,243.031449757162,-334.195440479752,91.1092969359928,3909.57907535411,154.355828276426
0.0656,250.955757417444,-336.595391234326,85.5788273734589,3904.85353578491,154.32410482853
0.0657,258.718439852445,-338.584403174541,79.7608991589929,3896.84515027159,154.32148679351
0.0658,266.53272327584,-340.40940166365,73.8338886198919,3885.53556846269,154.328298613252
0.0659,274.136945436026,-341.936433081359,67.7885108347422,3870.97981295935,154.338692225094
0.066,281.704348773498,-343.156387194146,61.5531716459971,3853.20096034654,154.306508858055
0.0661,289.132114842552,-344.271645614845,55.1834454109855,3832.15493136874,154.343120405754
0.0662,296.488769414353,-345.182637488239,48.5150187896655,3807.94034628688,154.308959020232
0.0663,303.800742787297,-345.518797656635,41.8881760618798,3780.47323996206,154.351036447738
0.0664,310.890560484926,-345.774101488207,34.9483248264694,3749.83935217123,154.360244272738
0.0665,317.706427654015,-345.84938423099,27.9965773444079,3716.16951519935,154.286124301066
0.0666,324.733623819509,-345.546159360987,20.7713451245819,3679.30438996821,154.305207137659
0.0667,331.449866087975,-345.039224141124,13.6965219358127,3639.45525819192,154.328186536192
0.0668,338.01856098298,-344.384507180599,6.24978204549451,3596.54005202049,154.281995537805
0.0669,344.430370058053,-343.286830370611,-1.16967943727753,3550.6357788687,154.335856837142
0.067,350.65105102288,-341.972616314772,-8.71301199870923,3501.83855478945,154.304496841387
0.0671,356.719356723865,-340.382085069997,-16.3905416750072,3450.15314019075,154.324948891752
0.0672,362.784425203935,-338.589909459758,-24.0188396427785,3395.59567175257,154.336155748944
0.0673,368.469263846428,-336.549584649084,-31.8733371872243,3338.28067062284,154.277210288098
0.0674,374.063389661021,-334.227954885569,-39.7351263416785,3278.28017025091,154.320325149927
0.0675,379.393829927244,-331.736223833863,-47.6833854345598,3215.56488092905,154.319895449966
0.0676,384.510242394569,-328.948579691436,-55.6606404571121,3150.25379719967,154.327677650713
0.0677,389.595885850329,-325.855032660984,-63.6255463791096,3082.39273857549,154.307524347072
0.0678,394.335830159264,-322.670919400739,-71.7038786986999,3012.05028488923,154.306824381461
0.0679,398.882960354419,-319.188852946074,-79.7588698957354,2939.32649137099,154.297729361134
0.068,403.186141570108,-315.342787644632,-87.8387512163275,2864.29846582155,154.308366910283
0.0681,407.344476728719,-311.417696153428,-95.9282962392391,2786.99909335072,154.319506216888
0.0682,411.316227161063,-307.356882722883,-104.032408819713,2707.50197046896,154.300911777023
0.0683,414.948518522372,-302.829362091729,-112.114121216196,2625.89968327124,154.292126118665
0.0684,418.338870979142,-298.155131685644,-120.148984339361,2542.31779183951,154.290344355575
0.0685,421.697081498524,-293.317912610898,-128.202461461067,2456.76794081828,154.272703941613
0.0686,424.545405781151,-288.350505702212,-136.338733375793,2369.38154815518,154.299586177229
0.0687,427.317448589203,-283.100029075141,-144.231745615729,2280.23368024855,154.282630111229
0.0688,429.85211478189,-277.656873662078,-152.121707052555,2189.381141765,154.322132585547
0.0689,431.984178164746,-272.052478296598,-160.009533182641,2096.94410429223,154.266684881972
0.069,434.053148106215,-266.262125339638,-167.739411383672,2003.02835054485,154.246959666377
0.0691,435.760159700894,-260.284868881926,-175.531318503686,1907.6838789768,154.242569939341
0.0692,437.323400667988,-254.09966898075,-183.176720963072,1811.0059561555,154.249744279058
0.0693,438.606465507122,-247.78990620867,-190.774202544402,1713.15136315923,154.240389019194
0.0694,439.572266669044,-241.316710657974,-198.323681628714,1614.17016692533,154.232047630251
0.0695,440.21566467529,-234.664133525659,-205.630702988815,1514.18296958986,154.280729739447
0.0696,440.814943045775,-227.905654793604,-212.894372401891,1413.28191207523,154.229608125286
0.0697,441.06142942064,-220.914740845097,-220.060104150963,1311.54116539927,154.255896408829
0.0698,440.976537995883,-213.885388021582,-227.119182078878,1209.06539192308,154.252451704938
0.0699,440.681286456285,-206.716873131579,-233.976697478832,1105.99366773306,154.262613087463
0.07,440.128312430642,-199.448433117612,-240.71565381227,1002.41365305084,154.31134590255
0.0701,439.401628451996,-192.01612587079,-247.350807696306,898.401891682966,154.275182814441
0.0702,438.37857944228,-184.458171092651,-253.86639693783,794.077267259918,154.245407874057
0.0703,436.927811075898,-176.850273365957,-260.136325627423,689.560850841581,154.220601694304
0.0704,435.441901485661,-169.219244386952,-266.323154338752,584.957442326059,154.239108308441
0.0705,433.624645279796,-161.370795703484,-272.286121729479,480.313927712055,154.231114516832
0.0706,431.55551203277,-153.429701580514,-278.098430037794,375.809874389386,154.246457059368
0.0707,429.240832126297,-145.599000485766,-283.637508855931,271.465006465223,154.26964578415
0.0708,426.683804540292,-137.70342606263,-289.102450264838,167.511264422195,154.254366065311
0.0709,423.890641254201,-129.589177570665,-294.272463362832,63.9497739147753,154.213042165693
0.071,420.864643975855,-121.45240796201,-299.326834742068,-39.1289836266847,154.247954433657
0.0711,417.57769600898,-113.413845640593,-304.242472273875,-141.500309343813,154.270522886699
0.0712,414.101173991195,-105.288712670777,-308.73901235617,-243.236495361654,154.239409838393
0.0713,410.345357469219,-97.1375168594064,-313.220820517405,-344.091114676079,154.259822824646
0.0714,406.449369874513,-88.9403601943745,-317.32771896628,-444.035794713389,154.21767377251
0.0715,402.276929761471,-80.6906305560945,-321.388529782035,-542.966192546011,154.203203506032
0.0716,397.782091326755,-72.5696263133633,-325.171166473466,-640.678954888396,154.225302272665
0.0717,393.230622187401,-64.4822009624572,-328.645607868367,-737.215315256939,154.202047919796
0.0718,388.371244468255,-56.1678722700756,-331.972006982028,-832.440688446576,154.246331109863
0.0719,383.283000706317,-48.231764812559,-335.036794612711,-926.250244563221,154.173478211713
0.072,378.130614354995,-40.1167830803289,-337.954028985452,-1018.59722506552,154.207768502925
0.0721,372.703639923485,-32.1257741230112,-340.506809829129,-1109.21974624875,154.224782394363
0.0722,367.077396418578,-24.1908315660613,-342.888814917152,-1198.19062060036,154.217577001133
0.0723,361.242898393167,-16.3831247191776,-344.957364036484,-1285.41586142058,154.184578209028
0.0724,355.174747896632,-8.49486075563963,-346.83746389252,-1370.70676508205,154.201739433871
0.0725,349.1745993131,-0.758612639364063,-348.403392439503,-1454.05009535086,154.225047773589
0.0726,342.759180979458,6.88668584475107,-349.814043074627,-1535.39652181013,154.165799986121
0.0727,336.350986408852,14.4543713151363,-350.877596426672,-1614.54045601798,154.209259246175
0.0728,329.637731605234,21.9798775167469,-351.750500630192,-1691.48242371061,154.173550163178
0.0729,322.905055721818,29.3272635456988,-352.370150457236,-1766.15832076951,154.218852038365
0.073,316.13374950503,36.547441019411,-352.66617222993,-1838.45155793404,154.188326867884
0.0731,308.927520089295,43.7689261220877,-352.764677414289,-1908.32481936395,154.171194391786
0.0732,301.876479849399,50.6803650459634,-352.605913081878,-1975.6458320642,154.195647285577
0.0733,294.595601230985,57.6046033427078,-352.138579420789,-2040.43590581082,154.196490513724
0.0734,287.240715573362,64.2317871061586,-351.507641110526,-2102.54965451963,154.171899842836
0.0735,279.556398373189,70.8986940573883,-350.621705252064,-2161.96896703634,154.178312174652
0.0736,272.065754466138,77.3803313166532,-349.374854259233,-2218.59195312568,154.171340476932
0.0737,264.337717039624,83.6992353066298,-347.921409355282,-2272.37192138086,154.1617150769
0.0738,256.568876683158,89.6539086204754,-346.292255691823,-2323.25071249332,154.154777511866
0.0739,248.787610164233,95.6486380638164,-344.431400394683,-2371.23991688531,154.180204871612
0.074,240.874834148378,101.349844264197,-342.224736450096,-2416.19278758015,154.171977969711
0.0741,232.996133299336,107.000874679629,-339.788969561884,-2458.14652883043,154.142933082758
0.0742,224.916976570917,112.345065873365,-337.08616991497,-2496.95817948916,154.177483432747
0.0743,216.659427481328,117.534599686413,-334.313092005123,-2532.66326649545,154.152223608136
0.0744,208.739213226507,122.453279657953,-331.235768026796,-2565.22878261812,154.146195923212
0.0745,200.587395029825,127.186073195892,-327.827513910553,-2594.534367935,154.180122224929
0.0746,192.37247572086,131.882070112138,-324.145916801412,-2620.64576311609,154.1993124862
0.0747,184.246788020531,136.247099789578,-320.416226613386,-2643.44737481671,154.170737529241
0.0748,176.067949493093,140.267642253328,-316.257434949001,-2662.98330430096,154.148554587909
0.0749,167.951051148123,144.198439174852,-312.10860241692,-2679.26096597808,154.142999446261
0.075,159.676597323052,147.88618051018,-307.625514518556,-2692.13209686707,154.161154455236
0.0751,151.621250393938,151.417330834381,-302.947813305762,-2701.6377773169,154.170154950064
0.0752,143.527379387084,154.566231236924,-298.114291075221,-2707.77112937129,154.107618816906
0.0753,135.457432839541,157.566815394424,-293.014554989101,-2710.5737412039,154.126762576784
0.0754,127.364645706275,160.324673627826,-287.848151791421,-2710.03783328602,154.144930022442
0.0755,119.485134718431,162.856915123797,-282.312513924768,-2706.04271314725,154.132160498364
0.0756,111.515244386158,165.129624789475,-276.708694470162,-2698.65523671376,154.176803218592
0.0757,103.700213194091,167.171691488583,-270.799655896994,-2687.88794263032,154.15623701409
0.0758,95.9905340160544,168.95919555976,-264.816901410697,-2673.74292727773,154.096321302552
0.0759,88.2584061919515,170.543765440555,-258.710151470828,-2656.19057841523,154.142807560682
0.076,80.6202251585138,171.741215732492,-252.512860525558,-2635.33595169868,154.112163702233
0.0761,73.1216333624212,172.833317939133,-245.953245987763,-2611.14971914924,154.143084042274
0.0762,65.7121419163214,173.72206892002,-239.378798708953,-2583.59733818661,154.13118270581
0.0763,58.477039833641,174.078802036801,-232.535002660472,-2552.73587364459,154.11092851763
0.0764,51.3816661564383,174.394645942147,-225.754133642793,-2518.60531888534,154.159025728124
0.0765,44.2860372367357,174.462877833466,-218.650979534786,-2481.22968605065,154.128920803944
0.0766,37.3356296693145,174.197017923684,-211.616669139073,-2440.647161063,154.100066572169
0.0767,30.6218730397517,173.792836803924,-204.286868466234,-2396.91130583003,154.122706830114
0.0768,23.9683396970747,173.048607349564,-197.029396995708,-2349.98983466316,154.1152204552
0.0769,17.5435548151193,172.088509352382,-189.569522880943,-2299.94679610646,154.096112634515
0.077,11.2355496516302,170.858120546214,-182.035194354713,-2246.89762815461,154.112396996791
0.0771,5.07451313784893,169.480232148013,-174.407483061814,-2190.83351777593,154.076168771318
0.0772,-0.992844488235237,167.608915382689,-166.672795828578,-2131.78621669203,154.113609537332
0.0773,-6.6563625713442,165.659336140193,-158.865715778174,-2069.83842472674,154.093758029263
0.0774,-12.3779381883707,163.493691360272,-151.174121651127,-2005.00859826346,154.056773763577
0.0775,-17.8051607211724,161.04389771527,-143.231798761165,-1937.38869577441,154.095408492281
0.0776,-22.9474242700835,158.363632589975,-135.313435407133,-1867.03378665752,154.068676312371
0.0777,-28.0715613306023,155.42566205512,-127.369590555521,-1794.0534937864,154.111539583533
0.0778,-32.938437344435,152.300046254674,-119.520356775377,-1718.47973688642,154.071808383971
0.0779,-37.5297383580628,148.939465386919,-111.468104720322,-1640.29419450131,154.097122759309
0.078,-41.9739619090532,145.362737397403,-103.415747574669,-1559.66349692796,154.073663108192
0.0781,-46.1843948030824,141.596792197199,-95.3889722343676,-1476.66702410574,154.10387217647
0.0782,-50.2374604410344,137.613035453223,-87.3715829493412,-1391.37770969673,154.090819228932
0.0783,-53.9685019435022,133.247579642011,-79.3124532443998,-1303.83121290295,154.073792963691
0.0784,-57.4415172103631,128.965119028395,-71.3955131317338,-1214.1313611342,154.0770376673
0.0785,-60.7910971986024,124.15148413075,-63.3581166032763,-1122.31886743265,154.058998131432
0.0786,-63.9854773909626,119.377921060144,-55.5259528155504,-1028.57829556744,154.099139441458
0.0787,-66.7666965519355,114.329742750046,-47.5844981568832,-932.893821217917,154.090517767736
0.0788,-69.3063819337951,109.107411026747,-39.8212666950403,-835.485051672331,154.071245305821
0.0789,-71.7041116144959,103.711087871589,-32.0436277045599,-736.241660855129,154.068289409789
0.079,-73.8499873843347,98.1271260590042,-24.2945679834073,-635.447055173203,154.050237558721
0.0791,-75.6682135746749,92.3304107871068,-16.6491947320332,-533.072722604076,154.049205664011
0.0792,-77.3391319044137,86.43043704851,-9.08982583740628,-429.247260265844,154.072752826126
0.0793,-78.7591778571283,80.3992787098334,-1.59706820982009,-324.121508309838,154.073887552426
0.0794,-79.9236185939764,74.1233268525735,5.70517720042291,-217.66629595836,154.078953545964
0.0795,-80.6970393319183,67.7745060147412,12.9587398801715,-110.13022174135,154.049888365487
0.0796,-81.4385530235983,61.2796342142957,20.2302404111179,-1.52873002740715,154.090652683244
0.0797,-81.7987745507082,54.5515040511656,27.2502784137965,107.974738635842,154.071756106076
0.0798,-82.0046654188882,47.8237464690233,34.1552189236644,218.384312879874,154.047271008196
0.0799,-81.9814040814848,40.9204884729714,40.920711003624,329.547030739566,154.02971744178
0.08,-81.4473610091955,33.8323307700671,47.7270561698999,441.305573238229,154.046464342827
0.0801,-80.9364249978795,26.7249041866308,54.1240794728385,553.606642589217,154.064770500335
0.0802,-80.2140998409588,19.5518497098049,60.5343297306006,666.352421282423,154.039463874917
0.0803,-79.0366555817705,12.2794737114812,66.7291510684959,779.405230036147,154.056388607888
0.0804,-77.6745532087156,4.98986489015896,72.7585211007753,892.707139052463,154.056801717197
0.0805,-75.987003538405,-2.65485329534912,78.6953746568892,1006.08711150753,154.038100380396
0.0806,-74.1946896825682,-10.0065619508424,84.3486611550955,1119.49559976834,154.048639238769
0.0807,-72.1880797010844,-17.7112314776636,89.8134666164071,1232.83872867368,154.046468159072
0.0808,-69.9236144550123,-25.3927937116603,95.2692035546598,1345.86992813421,154.034406726368
0.0809,-67.3189293132113,-33.1607470281131,100.441970027671,1458.69115209738,154.050937433376
0.081,-64.5412994544725,-40.7723368132982,105.347048784463,1571.04968412912,154.025373063563
0.0811,-61.6084016728744,-48.6025596656473,110.199061167122,1682.94136286708,154.007195336232
0.0812,-58.3450930055201,-56.3689340372967,114.668699794075,1794.19600228155,154.052857733446
0.0813,-54.85371363809,-64.1264440155627,118.959282996083,1904.71377458625,154.001009853626
0.0814,-51.2308316102958,-71.9646664381585,123.178259630955,2014.39836552277,154.037105508936
0.0815,-47.2916022629243,-79.7974271167728,127.047571088297,2123.12144578114,154.023789002204
0.0816,-43.1775673729937,-87.5389176208963,130.794711115533,2230.83311000711,153.98819882555
0.0817,-38.9986983788235,-95.2220603180075,134.301120041152,2337.36992456413,154.031108799913
0.0818,-34.4016067900849,-103.086931124433,137.490636966965,2442.75123917149,154.030827004944
0.0819,-29.7656208887515,-110.779713473849,140.51110359713,2546.74700268976,154.050798244554
0.082,-24.8495661288849,-118.394561016615,143.317760233161,2649.31623984215,153.991374534038
0.0821,-19.7558674841376,-126.08379602826,145.872759280495,2750.35977633417,153.991692366488
0.0822,-14.4981883382823,-133.705007928537,148.219807145415,2849.80254922167,154.032461487925
0.0823,-9.12148978421854,-141.172584956675,150.346321395194,2947.5110581398,154.030692853478
0.0824,-3.50567025081922,-148.697470353558,152.137572355572,3043.40967187998,154.006288267102
0.0825,2.22647687884157,-155.978954060298,153.741242327631,3137.44761866517,153.990528243971
0.0826,8.28010152095349,-163.30365359543,155.082585623315,3229.49310530541,153.999187957188
0.0827,14.360208265538,-170.352358147728,156.173119111805,3319.48117768989,154.018321940679
0.0828,20.5046724448873,-177.579996121528,157.021061624273,3407.29328199463,153.996940450163
0.0829,26.9347975576262,-184.586960720373,157.641528920795,3492.90051555615,154.009411988285
0.083,33.3996709070959,-191.324454207263,158.093959037637,3576.17775497041,154.027983628809
0.0831,40.0488842903272,-198.163199603991,158.180813180347,3657.09357508233,153.984656323722
0.0832,46.6820605689193,-204.640722376577,158.04571294127,3735.56242229426,153.983824854484
0.0833,53.5200858476709,-211.195316324136,157.680343280301,3811.44645185889,153.993513055894
0.0834,60.5157885347969,-217.644168927075,157.025746777534,3884.76499420049,154.004273516406
0.0835,67.6243572953166,-223.751011410425,156.206338540257,3955.43375247275,153.988412731954
0.0836,74.7824912680766,-229.865630596913,155.140218990902,4023.27921850693,154.010596493865
0.0837,82.0204066997287,-235.678471865333,153.711026545926,4088.4125149224,154.026023556426
0.0838,89.3082935585513,-241.374643517202,152.078441447892,4150.67929534266,153.995837234983
0.0839,96.6587481947603,-246.916350308336,150.218386551846,4210.0069876883,154.022487809198
0.084,104.174468514628,-252.336523028545,148.146668831623,4266.38672286786,153.982103106165
0.0841,111.636950699656,-257.480873267919,145.908983605011,4319.7725949978,153.976860362342
0.0842,119.15021440382,-262.472899975179,143.252297509905,4370.02326979432,153.969129885194
0.0843,126.754191860591,-267.235359392772,140.661416738593,4417.19384532232,153.977352829696
0.0844,134.390615293014,-271.902225469266,137.504182675643,4461.21023784892,153.967568594913
0.0845,142.03205896987,-276.306237119164,134.386442375814,4502.08174258208,153.986235940451
0.0846,149.665244092207,-280.553165427769,130.797349637148,4539.69899003835,153.984420794684
0.0847,157.303869432063,-284.559429006053,127.201275954465,4574.01727026559,153.963222958597
0.0848,165.180374893222,-288.344058681856,123.33280177914,4605.10597225518,153.971943452213
0.0849,172.70087276037,-291.821869069833,119.367519311441,4632.85326946503,153.99379553643
0.085,180.431861002395,-295.2317940745,114.865387974685,4657.22609842124,153.956695264133
0.0851,187.953983708564,-298.368467944011,110.418056028221,4678.30236289893,153.987922466109
0.0852,195.40930523158,-301.254723985953,105.733289038568,4695.926795849,153.953357816774
0.0853,203.097186299377,-303.862854834158,100.824270128301,4710.20464012835,153.896027000949
0.0854,210.526135596691,-306.405235022653,95.7579897324391,4721.14470181746,153.950947888948
0.0855,218.040009932582,-308.443058325687,90.5893604684764,4728.61167626743,153.941892204614
0.0856,225.363427056194,-310.483541773473,85.0874489355748,4732.64371925035,153.942590382079
0.0857,232.809554656508,-312.220638808764,79.4996930619608,4733.31010317319,153.952203970636
0.0858,239.919489306044,-313.701005878421,73.7591933180815,4730.56378890195,153.947442206849
0.0859,247.107302690469,-314.821596431914,67.8038374672643,4724.42751434514,153.929193191172
0.086,254.184278326236,-315.910156611989,61.6585656823058,4714.90554228969,153.953631725157
0.0861,261.184809244583,-316.668888341221,55.5786260226688,4701.92949641962,153.960985900835
0.0862,267.972279280238,-317.200240988538,49.1918981025764,4685.65017584625,153.913846483786
0.0863,274.725855339197,-317.401141096374,42.7393138505789,4666.04783793888,153.925872149309
0.0864,281.415464068037,-317.409409546748,36.0864499810461,4643.08443909897,153.938320710811
0.0865,287.846448611391,-317.209106750674,29.2756496016479,4616.85908469989,153.918891247674
0.0866,294.316319761836,-316.721953573883,22.4757959361335,4587.35530957305,153.919769042663
0.0867,300.381375647929,-315.989950610061,15.5319718068721,4554.6061340074,153.932898247946
0.0868,306.597006798723,-315.118164308425,8.50894857410032,4518.67866084925,153.924035628971
0.0869,312.531528357963,-313.852966688974,1.25068487105215,4479.56670424301,153.905751592318
0.087,318.359209930387,-312.443049537346,-5.87487692250288,4437.33405919538,153.913323419615
0.0871,323.924117677895,-310.695401729161,-13.1694500702366,4392.04020644173,153.930512408803
0.0872,329.357802383761,-308.80910689603,-20.4974210306673,4343.76075964957,153.918537156627
0.0873,334.709457707012,-306.675324647911,-27.9702070685476,4292.49003360008,153.931310033053
0.0874,339.74370699861,-304.299333153545,-35.4544774861625,4238.24500213379,153.889433005533
0.0875,344.642211225296,-301.63112656224,-43.0074310531331,4181.18161612281,153.924230191791
0.0876,349.384921709025,-298.709516108753,-50.592710282431,4121.27346827731,153.91553586485
0.0877,353.89410684319,-295.652245931813,-58.2021328533969,4058.67053561273,153.899374810063
0.0878,358.239021431698,-292.406450380118,-65.8485333312454,3993.36247063298,153.890926019011
0.0879,362.231616693975,-288.877110337285,-73.4955745449139,3925.4402279724,153.979091119178
0.088,366.349457640257,-285.242019467115,-81.173057357088,3854.98939269455,153.934066044866
0.0881,370.005897787676,-281.189956434475,-88.8756379831048,3782.08299009117,153.941496222986
0.0882,373.608219505322,-276.98013998708,-96.4873393033635,3706.70117151318,153.878493966007
0.0883,376.780739531545,-272.583961451236,-104.133379354612,3629.08101006602,153.926483232104
0.0884,379.822870393907,-268.119344542425,-111.711303561475,3549.17376146111,153.902086521487
0.0885,382.644310590572,-263.284746239871,-119.290660583203,3467.0640856153,153.891161499264
0.0886,385.22455250188,-258.3118187682,-126.856567902687,3382.96941109793,153.882281991179
0.0887,387.597661748585,-253.201194832953,-134.345713256259,3296.83236088387,153.87095082453
0.0888,389.761979710163,-247.972185930084,-141.833953917198,3208.81442804355,153.878664662946
0.0889,391.767490377582,-242.446421339113,-149.242210902659,3118.95484237105,153.906118069697
0.089,393.356533279958,-236.80954352692,-156.5989833179,3027.34289651169,153.907219244725
0.0891,394.847890965485,-230.980089532724,-163.774608597345,2934.12551855207,153.902703032405
0.0892,395.997053932817,-224.990381676547,-170.884590017918,2839.38372508564,153.900944898865
0.0893,396.941723633372,-218.800751886419,-178.071058618055,2743.15501486327,153.882679216771
0.0894,397.57312477287,-212.557935375237,-185.061463932441,2645.60130581498,153.890873797218
0.0895,398.081139048132,-206.215107665586,-191.990984830749,2546.78543697741,153.871011484305
0.0896,398.401847086454,-199.55912830806,-198.690033563679,2446.827222616,153.834179123008
0.0897,398.314280583597,-193.026200523703,-205.382762031449,2345.81329263601,153.875420821229
0.0898,398.033532695384,-186.201024701097,-211.842001046838,2243.83845713145,153.877332987847
0.0899,397.529531680914,-179.267893646228,-218.322509745116,2141.05340818593,153.879714728192
0.09,396.806717847933,-172.166706618865,-224.535941772918,2037.47499902372,153.853769685859
0.0901,395.814716966184,-165.117591958775,-230.674239780303,1933.28394780564,153.871120415887
0.0902,394.540542969233,-157.84986843613,-236.669147164107,1828.56199201314,153.856794715402
0.0903,393.144761478231,-150.576810636726,-242.431191144331,1723.38120532319,153.837378183129
0.0904,391.354353774066,-143.243030179879,-248.213365372211,1617.90619168115,153.836013843118
0.0905,389.552363520111,-135.760147080127,-253.749440322967,1512.18563143989,153.824819674214
0.0906,387.27206336166,-128.358250074931,-258.978197252309,1406.37616169238,153.868209308105
0.0907,384.830614602529,-120.712411843445,-263.963685696402,1300.54604541706,153.827212506106
0.0908,382.211101827859,-113.109539620849,-269.080716971984,1194.79477055072,153.86842321531
0.0909,379.354248935437,-105.55580406081,-273.810504234046,1089.29305881658,153.829022231462
0.091,376.266084673818,-97.9743750742925,-278.363589822159,984.068921937802,153.838379528031
0.0911,372.842239845445,-90.1786832898315,-282.770867809386,879.226218393491,153.852098933876
0.0912,369.369849216612,-82.3861662020269,-286.998151568384,774.943470316276,153.836517276801
0.0913,365.630710687649,-74.7180229602295,-290.969449959467,671.299281427181,153.840387250238
0.0914,361.761775999937,-66.9880391012229,-294.697368170786,568.352969789349,153.824004612226
0.0915,357.552301529223,-59.2762491753183,-298.277425164198,466.235046745122,153.86007912324
0.0916,353.214424380212,-51.4869279312775,-301.566866329889,365.045947800632,153.847484183408
0.0917,348.614735855345,-43.8466131332012,-304.735020904273,264.89399501847,153.846767992118
0.0918,343.75894556609,-36.3239072791517,-307.655926338975,165.902285383216,153.873842508099
0.0919,338.912446219767,-28.5123041644185,-310.320943702646,68.0939218560665,153.804558307179
0.092,333.720416686838,-20.9686722716061,-312.769992709832,-28.3180073527797,153.845198150461
0.0921,328.538790872612,-13.4616465996621,-315.038901460467,-123.370269720746,153.820240891727
0.0922,322.851581125571,-6.04252098975893,-316.933162338705,-216.858493306615,153.82671295434
0.0923,317.291480199671,1.43754268087932,-318.835855609057,-308.750562091451,153.844665102789
0.0924,311.438116287085,8.80688842439354,-320.239808078497,-398.910784162839,153.825082447832
0.0925,305.539358721904,15.9867049674555,-321.495758804983,-487.26062592352,153.805996814072
0.0926,299.354771274622,23.2093779963037,-322.618743095717,-573.733163523116,153.796027569205
0.0927,293.055288714743,30.231220172695,-323.372900205048,-658.222101357395,153.819327059886
0.0928,286.730246607291,37.2101930224125,-323.943779077548,-740.651235150987,153.835352334927
0.0929,280.122761090231,44.031582198713,-324.297871387746,-820.97049639327,153.816654686373
0.093,273.47786825761,50.891260411832,-324.31950472385,-899.0547084891,153.829945410152
0.0931,266.608898310065,57.4157016507781,-324.119976608605,-974.81507068185,153.808316572398
0.0932,259.826599318997,64.0610911730701,-323.686979101602,-1048.17592988851,153.842406845532
0.0933,252.749055427159,70.259832407857,-322.941434501502,-1119.16340900941,153.776352646295
0.0934,245.652686618587,76.6196865467088,-322.116091173368,-1187.49753942267,153.817980811213
0.0935,238.516103055831,82.5878656251213,-321.085427297796,-1253.3605029158,153.786779346917
0.0936,231.085830398538,88.4863799610798,-319.628000414431,-1316.49348854419,153.794323744353
0.0937,223.850638398935,94.3106896369435,-318.085030877366,-1376.89876910033,153.810510891653
0.0938,216.332940548255,99.8327890289711,-316.173471962891,-1434.50993569444,153.831609349012
0.0939,208.89370357231,105.265439736118,-314.071573373985,-1489.28587819654,153.771975758049
0.094,201.269473510595,110.579598519259,-311.835002923513,-1541.17555231661,153.802646042919
0.0941,193.674935416617,115.537958124611,-309.256852398518,-1590.08943059348,153.778516579921
0.0942,186.011031400467,120.586579459134,-306.649081891538,-1636.01232914377,153.801174880935
0.0943,178.336035732358,125.227276350445,-303.648457972585,-1678.83937924287,153.792243021727
0.0944,170.613422087794,129.673613342371,-300.342431073501,-1718.58296814968,153.780469060074
0.0945,163.010811354994,133.944407795653,-296.923056410675,-1755.17340108718,153.806254882927
0.0946,155.323613663316,138.105465532068,-293.38681834337,-1788.63221612506,153.755821011406
0.0947,147.521801074971,142.024802731752,-289.495867799684,-1818.80628271675,153.782171789441
0.0948,139.76297261514,145.686893185298,-285.553059454783,-1845.80653866558,153.807298751021
0.0949,132.025134471749,149.088026858259,-281.186588637914,-1869.47894140607,153.785188114582
0.095,124.275447590559,152.393561330134,-276.699786205502,-1889.84983226335,153.79194243469
0.0951,116.696103404877,155.394525486638,-272.124887830775,-1906.86147141191,153.737713650212
0.0952,109.065001587023,158.192067888245,-267.267271531121,-1920.59788323414,153.752870966515
0.0953,101.428724923822,160.891791140064,-262.203752028731,-1930.90709546692,153.791384173367
0.0954,93.7903197566561,163.194562713018,-257.030902797879,-1937.84510699979,153.766267007569
0.0955,86.3372439688712,165.272753358485,-251.64017088996,-1941.43870166344,153.770397479027
0.0956,78.958591531715,167.195784022934,-246.192472241399,-1941.60608228375,153.744410017268
0.0957,71.6198936616341,168.812670558443,-240.477279139173,-1938.4037664655,153.730271171662
0.0958,64.3755397653275,170.268877094977,-234.732951615202,-1931.80561088327,153.743527334364
0.0959,57.2166486348616,171.546223204259,-228.742913219746,-1921.73264783115,153.763774635899
0.096,50.1688312203754,172.449198452439,-222.482671190959,-1908.39520500425,153.76992136778
0.0961,43.0864054459854,173.134029925104,-216.284175957108,-1891.54834351252,153.751528520586
0.0962,36.1358600458827,173.687322994996,-209.743649786688,-1871.41479349513,153.758226931443
0.0963,29.4463950188921,173.860455002967,-203.22452844111,-1847.88534313701,153.774918479584
0.0964,22.7216918939846,173.808298627809,-196.603704677531,-1821.08093430894,153.742132883558
0.0965,16.2618093184223,173.508913984635,-189.722803517924,-1790.9594660517,153.735394598669
0.0966,9.8494705600983,173.040455803516,-182.964666637697,-1757.50426165526,153.764709757963
0.0967,3.66170001794107,172.36236798826,-175.922857204093,-1720.86098988875,153.733411408832
0.0968,-2.50839594271731,171.435129328792,-168.863136382375,-1680.91642514492,153.724036227021
0.0969,-8.43444496688025,170.074767391617,-161.672459210225,-1637.83847506096,153.73152208635
0.097,-14.3098184472446,168.758163999242,-154.45981492113,-1591.64937254205,153.760805577919
0.0971,-19.8218861909727,166.973968492213,-147.048925459503,-1542.32395232909,153.70864240165
0.0972,-25.4411960512517,165.188709948802,-139.797137296258,-1489.88092063912,153.697945810138
0.0973,-30.5873671490141,162.964331882421,-132.333798435509,-1434.51911465621,153.711481665275
0.0974,-35.7890311148845,160.62349563715,-124.899164977386,-1376.1128709994,153.74948251178
0.0975,-40.6812954773812,158.097480333436,-117.315135020497,-1314.85557186065,153.726822266176
0.0976,-45.393764005592,155.18674441762,-109.787681804698,-1250.7107326783,153.70729752431
0.0977,-49.9684398088011,152.238588926765,-102.175084069226,-1183.7580763826,153.721936444091
0.0978,-54.4173112043211,148.938519006978,-94.5514456150257,-1114.05103969591,153.71933648089
0.0979,-58.5424091527572,145.499611565273,-86.99477989454,-1041.75997164971,153.670569634095
0.098,-62.4928415856523,141.835064111959,-79.3555022071388,-966.748594320708,153.70524670778
0.0981,-66.1823754689398,137.994597428983,-71.6714618112876,-889.268671977346,153.712463225023
0.0982,-69.7137650290718,133.930917001793,-64.1859162418421,-809.314361161677,153.705090730215
0.0983,-73.1245645219804,129.702608030829,-56.5823511010808,-726.966376185466,153.739160101333
0.0984,-76.151957595799,125.229832989866,-48.9955071622601,-642.325049385512,153.749100372109
0.0985,-78.9439603458028,120.556334053679,-41.4388146873781,-555.318420672879,153.716243508854
0.0986,-81.7305057288963,115.731171916936,-33.9683539180291,-466.287249007773,153.68641195635
0.0987,-84.1729902106479,110.74181579435,-26.5187979902747,-375.133552868264,153.637321826329
0.0988,-86.3750525399024,105.528389841362,-19.1687164388564,-282.012577917315,153.687931405566
0.0989,-88.2796226278273,100.118145588289,-11.8190847072065,-186.958311031781,153.647569747451
0.099,-90.0647313006494,94.6976681444835,-4.66039979264734,-90.0947097200844,153.714209547116
0.0991,-91.4490634346615,88.9763381262364,2.53906084876252,8.50158897154468,153.723988935819
0.0992,-92.7681686191247,83.1043886003508,9.54389593669643,108.73986392671,153.711308868555
0.0993,-93.7894486309155,77.1571827227454,16.6601593062096,210.452021951817,153.7228336358
0.0994,-94.625439285626,71.1070735629377,23.6027283477573,313.71311195218,153.683468168013
0.0995,-95.1488877158487,64.8380784185622,30.2017504317869,418.261353372,153.691855342635
0.0996,-95.3485571399688,58.4492152833076,36.9389794489618,524.140070805879,153.670287790068
0.0997,-95.6030814119366,52.0460407843061,43.4598773587026,631.12354974648,153.656175221606
0.0998,-95.4265509942122,45.5557272316181,49.9280923537584,739.177219213189,153.710303774072
0.0999,-95.0764036407419,38.7440387309411,56.2625451567003,848.219524953864,153.679342804335
0.1,-94.3266396437069,31.977867024183,62.4275962993512,958.04787158765,153.670778179535
0.1001,-93.4627768471396,25.0126477700967,68.5330202301312,1068.71594881673,153.655955269542
0.1002,-92.446347544514,18.1137338021409,74.2545531875044,1180.00233047708,153.685307897433
0.1003,-90.9558854428939,11.045028433153,80.0439099803138,1291.80011716792,153.696873975612
0.1004,-89.4330526720137,3.95640816765755,85.6229311735553,1404.10009612985,153.673987028523
0.1005,-87.6957762231065,-3.30965659901058,90.8910375858732,1516.72358882555,153.697616653682
0.1006,-85.6660358768976,-10.5302952618207,96.1428471752814,1629.5938792139,153.698403511421
0.1007,-83.393522085564,-17.8398819786554,101.159726245023,1742.59260594184,153.696809335471
0.1008,-80.9152024241178,-25.1131316678931,106.025426817115,1855.61585953199,153.63447037363
0.1009,-78.1530800083851,-32.5766523396215,110.722676006573,1968.56963083054,153.652133168028
0.101,-75.2357566997861,-40.0389612888627,115.328184267912,2081.33202005393,153.64798672374
0.1011,-72.1687248829644,-47.4209180637371,119.471089371457,2193.84511088497,153.655088693573
0.1012,-68.8445245771519,-54.8774850776883,123.630966768767,2305.9559915255,153.682108532602
0.1013,-65.2867850440801,-62.2081649202847,127.504905020941,2417.5467872092,153.640409663304
0.1014,-61.5347169290424,-69.5966917630791,131.204400407968,2528.60340831016,153.660427836641
0.1015,-57.5797213792632,-77.1305115828973,134.692956551669,2638.92428130933,153.589595723625
0.1016,-53.5017156577777,-84.5612375956993,137.991749056855,2748.4461672779,153.656336254687
0.1017,-48.9618985790297,-91.9027747731386,141.023099438549,2857.09098114193,153.632186331389
0.1018,-44.5454476926829,-99.3455058050057,143.801117316768,2964.65816200162,153.601986285284
0.1019,-39.794936651085,-106.637560683616,146.419101055168,3071.2236275926,153.626088705388
0.102,-34.9111426796323,-113.816900442242,148.805548127208,3176.56243846468,153.644156353917
0.1021,-29.8536355124077,-121.130763986705,150.936544372167,3280.56297955749,153.614912395469
0.1022,-24.6399824956648,-128.198346937568,152.809767956979,3383.24426688262,153.607522441578
0.1023,-19.1816351032568,-135.318446400018,154.556609169767,3484.41593282958,153.602092968278
0.1024,-13.6090287392004,-142.300346691857,156.04340045684,3584.03883555363,153.603571927564
0.1025,-7.93374843831367,-149.244482111167,157.242423657991,3681.93422405755,153.654797760595
0.1026,-2.1187781895693,-156.112295018497,158.194025011764,3778.06295011015,153.653553701276
0.1027,3.84079778066016,-162.84160861181,158.961103225688,3872.42167428195,153.650869968808
0.1028,9.99967816887653,-169.353757360133,159.525313583685,3964.82168047827,153.64959550026
0.1029,16.2260994996613,-175.97180537107,159.782022521191,4055.20453460404,153.625492618721
0.103,22.5624679765128,-182.280886920175,159.795420093004,4143.5078442689,153.601098570949
0.1031,29.0437585872688,-188.703427181471,159.525106250603,4229.58693260917,153.632966118939
0.1032,35.597945717255,-194.789843537663,159.215755735964,4313.48231745484,153.625587026212
0.1033,42.2511272643622,-200.818436501407,158.56718769886,4394.9941970161,153.607300366988
0.1034,49.0434116600248,-206.666166496358,157.643942304535,4474.12314658178,153.63449119332
0.1035,55.9322498753773,-212.475389266962,156.406128715368,4550.7978429833,153.59710006122
0.1036,62.8821368004539,-217.986219560043,155.080106821456,4624.91437923846,153.579352436127
0.1037,69.8331193616435,-223.428116745506,153.56811351771,4696.45244692756,153.60455258432
0.1038,76.9390718743737,-228.621449394767,151.661856884762,4765.2938718871,153.621220976516
0.1039,84.1333933785921,-233.800740769297,149.618997858022,4831.39470694213,153.576846877275
0.104,91.3011576258466,-238.658987647324,147.400250871698,4894.7300043485,153.641254897726
0.1041,98.4548720909203,-243.436451869101,144.873317771014,4955.22258641799,153.589726636272
0.1042,105.760476746681,-247.907828256296,142.211234711776,5012.77634040592,153.596224820951
0.1043,113.009144988693,-252.358397467085,139.252062279192,5067.37713222734,153.596928376616
0.1044,120.396740729578,-256.482324650686,136.10677438082,5119.01792941967,153.629973715285
0.1045,127.686948115982,-260.522168948121,132.80515967669,5167.64513509041,153.572628856656
0.1046,135.07386305884,-264.244684637513,129.174363759692,5213.14869762184,153.600832655793
0.1047,142.308283332305,-267.748882273124,125.339995186124,5255.57648041095,153.633341289127
0.1048,149.677585734245,-271.045420993012,121.494027445316,5294.82162478877,153.58637954215
0.1049,156.919314740925,-274.231349720854,117.284971065453,5330.87873010593,153.586365152835
0.105,164.233454723934,-277.218268159839,113.004588812197,5363.69694457374,153.590620304592
0.1051,171.473427558695,-279.829594815709,108.394209153306,5393.3352589495,153.61984068927
0.1052,178.781719700999,-282.347401265491,103.671165224567,5419.68707905892,153.552002262893
0.1053,185.860367995948,-284.718976389894,98.7233742424154,5442.75337460782,153.551364993769
0.1054,192.880187923523,-286.732661425854,93.6629154954321,5462.52464418148,153.55907117376
0.1055,200.063584561415,-288.406873314036,88.3862235784199,5479.0086071574,153.58726360477
0.1056,206.959871047018,-290.139378883256,83.0375390606389,5492.09628450405,153.532620129949
0.1057,213.942069383747,-291.402493027844,77.4793294856064,5501.93855036472,153.576487654182
0.1058,220.787495465228,-292.650684132014,71.8413087710166,5508.4030558838,153.582150935445
0.1059,227.441829358677,-293.464403162283,65.960009339386,5511.53567619565,153.593372005404
0.106,234.112342821074,-294.054472408287,60.0205915545416,5511.33505762877,153.593795720212
0.1061,240.559724524521,-294.490826674543,53.854021519783,5507.82152556408,153.547346978363
0.1062,247.103570594855,-294.66821602544,47.570320827406,5500.94483055819,153.562322831275
0.1063,253.351711141152,-294.654449770065,41.2120341502574,5490.83409214831,153.629406745857
0.1064,259.575848265988,-294.459971888357,34.79539856675,5477.43478048012,153.555388530386
0.1065,265.605648497211,-293.807035711905,28.1947094135081,5460.74867634002,153.577898663211
0.1066,271.559489600726,-293.126067153431,21.5787355718688,5440.79495144906,153.599045735924
0.1067,277.397499700218,-292.124553161567,14.7973249550574,5417.65206685334,153.526765212949
0.1068,282.978505063291,-290.826864518665,7.85263232734836,5391.30513518525,153.55330033851
0.1069,288.340391072442,-289.404736451775,0.928173852575842,5361.77165391032,153.575874449183
0.107,293.846193446955,-287.727135760135,-6.09281701469191,5329.15345190054,153.57104066427
0.1071,298.972585075652,-285.80186487036,-13.2260535377369,5293.43667671778,153.552560975052
0.1072,304.048433108165,-283.726299803023,-20.4138681558188,5254.6402619021,153.548273714968
0.1073,308.780203440481,-281.354156350122,-27.6154770509278,5212.86656192467,153.571716436694
0.1074,313.527597707784,-278.731341065279,-34.6904341902431,5168.11984585515,153.526320240239
0.1075,318.070713105783,-276.099837227938,-41.9021993420968,5120.49200885836,153.571198525308
0.1076,322.244749751085,-273.023906415604,-49.2668635633401,5069.93641689536,153.526248344095
0.1077,326.351992468228,-269.80582477572,-56.5878084218188,5016.64747817623,153.522201865989
0.1078,330.229227553394,-266.377873975841,-63.8375352228095,4960.59590684645,153.512286630513
0.1079,333.920117145751,-262.696071034313,-71.1695639131873,4901.80304485252,153.535396230497
0.108,337.489220109989,-258.908434864041,-78.4623853906399,4840.41360776726,153.54097562016
0.1081,340.806390408723,-254.826280160309,-85.8565585351414,4776.49488839071,153.539680476082
0.1082,343.84375876157,-250.664929973338,-93.1946537754258,4710.08822632547,153.567341973144
0.1083,346.675613270647,-246.184446649978,-100.472956637662,4641.21943450452,153.543114088916
0.1084,349.287894312927,-241.546456611466,-107.750616198546,4569.9975525008,153.554422251357
0.1085,351.930062413762,-236.723144910231,-115.022575545097,4496.48898275572,153.523279895222
0.1086,353.894987714244,-231.909652172438,-122.188832471596,4420.81857136932,153.531893431365
0.1087,355.858171148622,-226.659928003506,-129.192228136062,4342.97852780804,153.561424633946
0.1088,357.692717693198,-221.398511016593,-136.447658896845,4263.18724068573,153.537640079616
0.1089,359.322717975574,-215.852360999845,-143.343271169436,4181.31343152568,153.496435420354
0.109,360.562000572494,-210.347871163248,-150.201475499402,4097.64765909949,153.510537142082
0.1091,361.559777815172,-204.578543125152,-157.054297299273,4012.16907627657,153.530072506115
0.1092,362.485997785279,-198.536655413913,-163.755616364717,3924.94589881533,153.504700778047
0.1093,363.023402734768,-192.646773689234,-170.491856655943,3836.16942936978,153.499206115797
0.1094,363.419992127826,-186.366045212795,-177.121056952409,3745.82368196758,153.539221996393
0.1095,363.575828886962,-180.122279461642,-183.503473405804,3654.07253194594,153.484207991348
0.1096,363.4413895073,-173.687177795866,-189.872781985179,3561.0066573037,153.525390601577
0.1097,363.218626673824,-167.207134719914,-196.085828725912,3466.70869977364,153.516810190693
0.1098,362.722302702348,-160.389765287038,-202.195634312102,3371.19280001147,153.493863889613
0.1099,361.828961179102,-153.667210071054,-208.04144742788,3274.66756909558,153.51988048267
0.11,360.80822358845,-146.94440126537,-213.937678316781,3177.16785641728,153.527411492398
0.1101,359.501598113861,-140.009887523845,-219.673982437093,3078.85472235848,153.50885117427
0.1102,358.135089985897,-133.025451260044,-225.218676260518,2979.78251688508,153.513879200738
0.1103,356.420921244202,-125.926056733596,-230.506899440917,2880.06222945258,153.509521578567
0.1104,354.485570420776,-118.772651135335,-235.698704993757,2779.77993461484,153.463020589071
0.1105,352.390260591782,-111.649479568963,-240.758216140189,2678.98805348675,153.472971209016
0.1106,349.896195014447,-104.387466586313,-245.663822368839,2577.96761869678,153.431539640317
0.1107,347.248501574116,-97.0106650793969,-250.30408269363,2476.58526988641,153.496721982196
0.1108,344.615621753985,-89.7097332322001,-254.890181802197,2375.13812559747,153.455829244247
0.1109,341.517073788014,-82.2828168345093,-259.018795784669,2273.60218282463,153.483097716815
0.111,338.217276352514,-74.890214656673,-263.268231466008,2172.16998705534,153.490474197201
0.1111,334.798602231768,-67.5581088976466,-267.225001603513,2070.86067544446,153.481913705911
0.1112,331.084748353328,-60.1787706433187,-270.939751996001,1969.8753467788,153.446165714355
0.1113,327.375356847581,-52.7764624212237,-274.451320146896,1869.17095163654,153.481013726741
0.1114,323.199496265156,-45.4126273577604,-277.922178668537,1769.00972453733,153.491292764008
0.1115,319.060416572416,-37.9964786419033,-280.981570330849,1669.33717583715,153.48150131834
0.1116,314.512838535154,-30.5696217941826,-283.868212183382,1570.39195766653,153.466779996061
0.1117,310.08250598867,-23.3293334013478,-286.599504793423,1472.231858879,153.464851640049
0.1118,305.114084965431,-16.0633511023588,-289.198472364207,1374.93915988969,153.481154092684
0.1119,300.162679172273,-8.83713753867075,-291.367931778545,1278.57506407132,153.488219616158
0.112,295.042477524547,-1.64607096574789,-293.375939496273,1183.28020582275,153.465117109584
0.1121,289.780144981157,5.49052336349985,-295.206887791568,1089.12514231914,153.477182624608
0.1122,284.275535577075,12.577525911515,-296.917660376564,996.272929787197,153.474450310305
0.1123,278.635267847355,19.6546059312551,-298.115321960844,904.75637072074,153.40849556524
0.1124,272.861282023056,26.4797902362134,-299.404115341615,814.597129543854,153.472116777078
0.1125,266.922993984484,33.3303842011503,-300.251865889026,726.016073734014,153.461438736639
0.1126,260.854978267367,40.0824353551585,-300.914357428341,639.054900087603,153.435515688791
0.1127,254.62404558952,46.7787480147744,-301.423942534423,553.816836930079,153.476246602357
0.1128,248.419078182638,53.1933748219968,-301.573468982145,470.35372307149,153.439804908996
0.1129,241.821541297004,59.6886959910633,-301.493214628742,388.728906658025,153.430633132276
0.113,235.314212491952,65.984666761555,-301.337672254228,309.08584456417,153.44577528465
0.1131,228.647296349918,72.1420727946977,-300.973538948003,231.539316262506,153.481879315818
0.1132,221.929236288001,78.1069941890119,-300.120379017353,156.010921532273,153.447907895156
0.1133,215.155924672406,84.1060036306332,-299.231998891399,82.7546835875658,153.408108636707
0.1134,208.267946478498,89.8433830383236,-298.001465394691,11.7226031838271,153.442867009461
0.1135,201.195882249056,95.4838344154911,-296.587700011921,-56.9946678004818,153.44244660344
0.1136,194.124851854542,100.939322920994,-294.997335672285,-123.228940200524,153.433712259207
0.1137,186.915512612331,106.227374566224,-293.154263899074,-187.069085112853,153.411231011849
0.1138,179.688977387386,111.321943035715,-291.132810735994,-248.3440906048,153.38071218071
0.1139,172.423411077136,116.314113136915,-288.847879791299,-307.05181589418,153.430847359978
0.114,165.123848563664,121.09287948437,-286.227810087285,-363.079989381706,153.446635077014
0.1141,157.874764357133,125.757290387926,-283.467188796298,-416.403584356734,153.457034538606
0.1142,150.425727961978,130.154814466245,-280.676357578233,-466.967766915405,153.450932907533
0.1143,143.066901225721,134.37816537328,-277.39091780248,-514.664106812469,153.416816390912
0.1144,135.629495909729,138.450725124379,-274.178866591082,-559.513079387172,153.436325165101
0.1145,128.16070735603,142.267006786922,-270.494467951924,-601.432124903595,153.427583210265
0.1146,120.86680887103,145.9232943356,-266.772078219599,-640.405140422136,153.368977251844
0.1147,113.362468837563,149.372340548011,-262.63401042854,-676.350634710769,153.424058573657
0.1148,106.109735040315,152.563470219992,-258.621312213598,-709.315919973512,153.402602288367
0.1149,98.6656925967251,155.605944426325,-254.243283052942,-739.183059967645,153.397858374927
0.115,91.3057992138215,158.528675277663,-249.773575221047,-765.967252430707,153.434520626609
0.1151,83.9856327814714,161.047137338521,-245.033526798573,-789.597735965572,153.389416826392
0.1152,76.7085881473395,163.446261700962,-240.111540582863,-810.040424061784,153.40781577998
0.1153,69.5123892688529,165.488396677958,-235.086788802086,-827.312991892965,153.406622461523
0.1154,62.3973568155238,167.501323482049,-229.927274296412,-841.403148441789,153.410946154646
0.1155,55.3342041077803,169.214473680857,-224.408465606008,-852.271475010331,153.385017669199
0.1156,48.1568432547501,170.665203393702,-218.864083460622,-859.938106788817,153.417764068647
0.1157,41.3395000570338,171.941024770342,-213.285044265759,-864.313427018918,153.420471429884
0.1158,34.4415154133898,172.92496315642,-207.437914695361,-865.516360389009,153.382176203835
0.1159,27.6220772281589,173.835755102964,-201.423980754803,-863.40622266779,153.405931251143
0.116,20.9801512468639,174.320869549271,-195.388514105263,-858.05748697656,153.367446605875
0.1161,14.4684003425083,174.632937421795,-189.116570566728,-849.466304877416,153.382183166375
0.1162,8.09740279779351,174.811293075447,-182.846172394129,-837.658590889339,153.385145099118
0.1163,1.80381121164033,174.625915603505,-176.344084459431,-822.592207024247,153.363739505994
0.1164,-4.46270464236662,174.234902708038,-169.864389015468,-804.268895226551,153.39891246917
0.1165,-10.5447761034139,173.746626394615,-163.081794128106,-782.803929205827,153.38614171478
0.1166,-16.4848713221614,172.87517799785,-156.284942586192,-758.098603700234,153.380197693762
0.1167,-22.2608588738675,171.905731397046,-149.565270665091,-730.213893314629,153.374583899353
0.1168,-27.9608368307282,170.64498690569,-142.688802188759,-699.18273310593,153.365242505316
0.1169,-33.4331044430301,169.049603253535,-135.580490484512,-665.110916842111,153.364460665825
0.117,-38.7685620873246,167.396496140319,-128.569282941455,-627.911878448861,153.353449626249
0.1171,-44.0592600361924,165.48403615225,-121.530397574147,-587.621069514631,153.390864427793
0.1172,-48.8790558722817,163.314212102291,-114.286078059348,-544.390879329374,153.373862897373
0.1173,-53.8112015403514,160.857892324747,-107.031706302251,-498.091640019498,153.37713601345
0.1174,-58.4498105785251,158.29999059804,-99.8744419393521,-448.903658315589,153.378741876872
0.1175,-62.9007853350996,155.529596289296,-92.5342037171605,-396.829474634977,153.351329864321
0.1176,-67.2227103237724,152.450301295608,-85.2749548631901,-341.876748209176,153.390588468962
0.1177,-71.2199438999543,149.274473436023,-77.9132889195699,-284.135757856088,153.384690275953
0.1178,-75.1892426583196,145.770864162386,-70.6404712509571,-223.653575693976,153.363695702233
0.1179,-78.869862238914,142.221129698935,-63.3304356878136,-160.502767500775,153.364630150497
0.118,-82.3840551746998,138.322424266002,-55.9560231419189,-94.7029418271233,153.338048481419
0.1181,-85.6114845982645,134.380658344899,-48.6322273565652,-26.3793258916237,153.350222342716
0.1182,-88.7429139341956,130.089699229879,-41.3901132389892,44.5188477647502,153.362740613813
0.1183,-91.6232819120041,125.681302311519,-34.1765374321191,117.830247775647,153.316434968981
0.1184,-94.2839948704782,121.199249545221,-26.8861181802674,193.485217616101,153.355976577008
0.1185,-96.7181379788059,116.453142739538,-19.683567958127,271.539116525149,153.340609122877
0.1186,-98.9364938389308,111.424255717323,-12.5795734343385,351.792562356432,153.351500713558
0.1187,-100.870164470949,106.376778094381,-5.46286423124417,434.147527847072,153.326337152583
0.1188,-102.638602188477,101.143653887492,1.40257809477944,518.669076637141,153.344724694809
0.1189,-104.184843657983,95.8604615175355,8.42842487273216,605.053325285395,153.301785215208
0.119,-105.544202344383,90.2129840636884,15.2375574728948,693.512252338381,153.329871689654
0.1191,-106.599257578736,84.5184550681168,22.0845723450398,783.769717639886,153.367572375049
0.1192,-107.525134612682,78.7425886431461,28.7229819059299,875.81527547391,153.370969106231
0.1193,-108.162426946407,72.7910346643751,35.3203843183059,969.48308402803,153.337763793341
0.1194,-108.484037073988,66.6807216859071,41.9192192589403,1064.80696928791,153.353022447813
0.1195,-108.732030619913,60.529453912746,48.1416613695857,1161.57594109476,153.299540573734
0.1196,-108.622742289947,54.2200542197726,54.3908029623519,1259.80119185427,153.334646663497
0.1197,-108.396734310606,47.7367786993719,60.5532181516759,1359.32846747923,153.326550238559
0.1198,-107.765994237824,41.2054699988503,66.6817074866362,1460.03506177773,153.271925537751
0.1199,-107.116295157404,34.7228758473381,72.368852780366,1561.99019995335,153.320743238544
0.12,-106.169969588056,27.9461976678292,78.2028377023692,1664.89745032345,153.300721058378
0.1201,-104.935165740991,21.0889054932865,83.7374156050676,1768.78824952324,153.303902855486
0.1202,-103.573522348652,14.3086882249524,89.2470771018591,1873.53201980151,153.348836844055
0.1203,-101.896131749519,7.38650064363948,94.4609041902146,1979.02491111478,153.324687781282
0.1204,-100.086937331901,0.470503970599385,99.5501359985472,2085.21347376934,153.330498840567
0.1205,-97.9204869153576,-6.66028398382968,104.518911025722,2191.9170531513,153.34264866415
0.1206,-95.6547867368939,-13.5702083813207,109.24657060404,2299.08425113948,153.284931029034
0.1207,-92.9704855393128,-20.7243152212829,113.893145436901,2406.67087234381,153.286844033098
0.1208,-90.3688990657274,-27.9439469333385,118.297582377431,2514.47064600659,153.316067076747
0.1209,-87.3846891380818,-35.0379247301477,122.5539692854,2622.48377830383,153.290072306926
0.121,-84.3409407657341,-42.2380191077522,126.473321726351,2730.53100188655,153.29294002478
0.1211,-80.8557145697242,-49.4247685335295,130.316771958092,2838.55108854283,153.272120819768
0.1212,-77.4886726190703,-56.7069120216694,134.002308031769,2946.40123214473,153.28250330686
0.1213,-73.6565790510604,-63.7684580180958,137.483820150207,3054.08821330429,153.30829441194
0.1214,-69.7048449888153,-70.994120268771,140.683623423223,3161.45117025642,153.312148724196
0.1215,-65.5269911061969,-78.1355369007961,143.676197144781,3268.3635075797,153.293122231863
0.1216,-61.2794017581747,-85.1966297883051,146.478782353319,3374.77139808993,153.259470026287
0.1217,-56.7539664906834,-92.3220484012846,149.026742309335,3480.54298743404,153.315985761736
0.1218,-52.110651057007,-99.4308513766321,151.400017523557,3585.55850572896,153.274412034905
0.1219,-47.2598311649652,-106.308675158497,153.672111825943,3689.79128507194,153.282509416723
0.122,-42.2809530650482,-113.419910181354,155.688858606371,3793.15113362208,153.321011633669
0.1221,-37.2317250762652,-120.216512672331,157.199667601929,3895.47236486933,153.276410754094
0.1222,-31.8824979822606,-127.003601643114,158.812214648564,3996.72274401731,153.269501972812
0.1223,-26.2626280791479,-133.687563243757,160.131342156786,4096.79069569612,153.247182800946
0.1224,-20.8201215551365,-140.358175575265,161.281958922786,4195.58537298173,153.274346414726
0.1225,-15.0080836164727,-146.973646210365,161.91630823688,4292.93031880701,153.277822242611
0.1226,-9.20162241269764,-153.37892275725,162.640244145,4388.94143031111,153.280254561472
0.1227,-3.21737630091872,-159.718900332326,162.911350060279,4483.3477644924,153.270336613988
0.1228,2.91810182307573,-165.94847621268,162.90661815862,4576.15692000718,153.264739578273
0.1229,9.12973420005104,-172.092777086546,162.981280165215,4667.2572391312,153.303332633381
0.123,15.4565004629704,-178.153192914877,162.679549435838,4756.56251645063,153.253127487316
0.1231,22.0329700549501,-184.030588442982,162.136095399074,4843.98018742301,153.274694916134
0.1232,28.3944747945358,-189.783341081002,161.38190913775,4929.42497306241,153.275308468571
0.1233,34.9724341874248,-195.347706786886,160.327175907078,5012.95723419489,153.271805279617
0.1234,41.7189081587687,-200.830101676741,159.043379315058,5094.22183240738,153.253160148523
0.1235,48.545708251817,-206.213747432261,157.722603372936,5173.51030422123,153.254241135353
0.1236,55.2635067622736,-211.401402599048,156.086595441612,5250.44035406278,153.268587692155
0.1237,62.2010843216646,-216.28605771153,154.111069818538,5325.06646642733,153.24930543051
0.1238,69.1427219876358,-221.104754014606,152.031397311362,5397.34025246332,153.22898417816
0.1239,76.1146875400051,-225.754429107746,149.744394031857,5467.21294337181,153.223017532247
0.124,83.1046438325386,-230.279742324605,147.152241717319,5534.58629501834,153.231909446743
0.1241,90.1354720157278,-234.611107447701,144.509236726759,5599.40421327456,153.256040220514
0.1242,97.2209580670574,-238.748500330397,141.450033460052,5661.55618672329,153.230533307291
0.1243,104.350347356951,-242.612396966376,138.254708053866,5721.11008176917,153.221092072328
0.1244,111.416579456416,-246.357477047496,135.051526193197,5777.98169800725,153.222109131279
0.1245,118.572775057256,-249.868636727103,131.340790592418,5832.00381446443,153.225282754521
0.1246,125.667161715181,-253.226410617924,127.480809712471,5883.31660176702,153.235923343107
0.1247,132.7666905471,-256.417729270962,123.590996250486,5931.69578279259,153.263320851284
0.1248,139.859016049557,-259.351717357634,119.419917137068,5977.22788539287,153.252216256983
0.1249,146.808567697899,-262.01619966786,115.158357717408,6019.80451222488,153.181133930242
0.125,153.888766067905,-264.493263387413,110.606868076,6059.46369923237,153.237262426733
0.1251,160.831922775338,-266.867118776488,106.001867464358,6096.16204833147,153.205384817169
0.1252,167.772143358403,-268.957675801617,101.15402087853,6129.80923173421,153.219630544364
0.1253,174.566211148702,-270.769537693065,96.0671168716811,6160.42067222546,153.233268768721
0.1254,181.343862325493,-272.391484429534,90.9150750470717,6187.94755447377,153.219836606617
0.1255,188.14923883663,-273.784345090263,85.607208722879,6212.41447368812,153.209413626864
0.1256,194.8642472036,-274.939444531445,80.1055442595257,6233.76364595395,153.260441335445
0.1257,201.395286196571,-275.960827787645,74.584464463328,6252.05947622996,153.231515439283
0.1258,207.863430268278,-276.666491508188,68.7895681612013,6267.14230082846,153.27180533279
0.1259,214.215433876287,-277.203194510827,62.8766062962419,6279.19496383867,153.25030986398
0.126,220.536968453411,-277.501931143612,56.875924746448,6288.04231980289,153.21412028266
0.1261,226.729934714051,-277.469956477557,50.8397699114346,6293.74323968348,153.226752700512
0.1262,232.825379306093,-277.286190557403,44.4034765861599,6296.4191418115,153.224822457893
0.1263,238.716783007291,-276.87562963542,38.2259364910343,6295.85696063564,153.203126359805
0.1264,244.488983774514,-276.337602377651,31.7446947681658,6292.23001599269,153.233070948825
0.1265,250.174494736693,-275.457966814836,25.3079951296701,6285.45823616038,153.204039285827
0.1266,255.778932828384,-274.328726425973,18.6104447657533,6275.60913631623,153.166613419596
0.1267,261.166542999122,-272.997884334015,11.9271189801665,6262.66435308091,153.209078308256
0.1268,266.398576113818,-271.393913257131,5.10545656781159,6246.65948752357,153.211193705493
0.1269,271.598428151776,-269.796081701543,-1.75814752837304,6227.62495433501,153.186700970476
0.127,276.410007122119,-267.848013044474,-8.65183510314779,6205.59403844755,153.197544432428
0.1271,281.152908791742,-265.702513203909,-15.5667620036266,6180.57554038275,153.201153622576
0.1272,285.784534992043,-263.27025228791,-22.5139973340853,6152.61518290464,153.19525296522
0.1273,290.18533959475,-260.554046929484,-29.649518950517,6121.72379916292,153.214824963009
0.1274,294.442697869303,-257.666187405708,-36.6013922633636,6087.92911081861,153.167008900901
0.1275,298.451338730128,-254.724889329572,-43.7675717596439,6051.34682691932,153.212991759526
0.1276,302.360972030459,-251.365830368118,-50.9896485370656,6011.95695308942,153.196715495831
0.1277,305.967898199459,-248.027438952945,-58.0004222651168,5969.83584433588,153.187930358128
0.1278,309.531918777538,-244.428679332629,-65.1310373737179,5924.93009364375,153.210036567376
0.1279,312.889705871636,-240.623835706471,-72.2072282007824,5877.39889275845,153.189109686942
0.128,315.945328083667,-236.538762980373,-79.3848104754336,5827.2940886244,153.191520914845
0.1281,318.750993131827,-232.362356810699,-86.4977792666675,5774.58907895312,153.188340850204
0.1282,321.434478881494,-227.875268441383,-93.4677390871432,5719.43806381835,153.182917408155
0.1283,323.885833050642,-223.30146234663,-100.517943215785,5661.84349075913,153.175710727373
0.1284,326.121579885369,-218.604956107638,-107.50963149813,5601.95492993433,153.191708479748
0.1285,328.261648084085,-213.754816965982,-114.533423471872,5539.64081199342,153.160890902017
0.1286,329.971540206156,-208.579451513185,-121.321215142758,5475.16465235923,153.15112667691
0.1287,331.569525301391,-203.38183477484,-128.095957419565,5408.51067555629,153.164461953198
0.1288,332.909077715256,-197.943739621894,-134.915630314094,5339.74145638121,153.17252962478
0.1289,334.058920325671,-192.492125673688,-141.528179525358,5268.93098352127,153.19832222333
0.129,334.922857860275,-186.787855275694,-148.262579391591,5196.21407741142,153.17437063032
0.1291,335.746943277041,-181.071480501252,-154.652185310759,5121.625595321,153.166907803454
0.1292,336.166064015334,-175.015477724754,-161.159716417739,5045.20956951741,153.165041323079
0.1293,336.446053708342,-168.973114337082,-167.449042419901,4967.0822699308,153.164846630531
0.1294,336.416908179703,-162.748142016312,-173.664628881309,4887.35126062143,153.156211344695
0.1295,336.170289722586,-156.523988426478,-179.792163620116,4806.03633713287,153.172093388518
0.1296,335.762576605509,-150.015624222757,-185.629111300242,4723.29267859377,153.200568476064
0.1297,335.057564860566,-143.518170426155,-191.491823425865,4639.16324177605,153.196465228657
0.1298,334.183291899415,-136.992963732244,-197.31483517916,4553.70279474985,153.122976421516
0.1299,333.062628108409,-130.270838255097,-202.820313987694,4467.0724159969,153.131077965959
0.13,331.703176278989,-123.470929674949,-208.28122748771,4379.30671450535,153.125684456982
0.1301,330.103784830561,-116.548226695284,-213.563629412703,4290.54677267936,153.152269464176
0.1302,328.379897444548,-109.779398190331,-218.654546214153,4200.76062826617,153.165990218056
0.1303,326.416731803724,-102.763404961526,-223.576009396548,4110.2571444548,153.143593655167
0.1304,324.174623494437,-95.7515126425241,-228.481580688334,4018.95495661473,153.145397397781
0.1305,321.896313791286,-88.5435830300447,-233.055595204448,3926.96583373234,153.157178302929
0.1306,319.08412398076,-81.6108707088363,-237.520259049772,3834.42826345007,153.166559161979
0.1307,316.234411862186,-74.4623524363571,-241.791332040185,3741.47886911191,153.127871615048
0.1308,313.217156389952,-67.2156480783191,-245.918976584717,3648.05108670881,153.133637838776
0.1309,309.912013848371,-60.0705602892987,-249.789608575313,3554.42676926925,153.172203276775
0.131,306.418098703335,-52.8699108423485,-253.511710107344,3460.62417060138,153.138411666981
0.1311,302.740760095467,-45.6236336672937,-257.027679664764,3366.68698464062,153.106859187097
0.1312,298.899442783506,-38.5055354990859,-260.438503318387,3272.74746102568,153.147696960965
0.1313,294.837693780804,-31.1676766452315,-263.494449118765,3178.94097426253,153.162471747094
0.1314,290.585516520192,-24.1990571278127,-266.44637293342,3085.34813119451,153.128970529119
0.1315,286.193619470183,-17.0547200643395,-269.188253014397,2992.02640166629,153.144656507858
0.1316,281.600782683093,-9.88281792324975,-271.631847808297,2899.1260190281,153.139587570584
0.1317,276.789863180386,-2.87187085188452,-273.968888069906,2806.64168806408,153.138860850342
0.1318,271.847267399755,4.14119622506825,-276.051378673941,2714.79916480878,153.115704578306
0.1319,266.762962885487,11.0320883081893,-277.85725499513,2623.63532846816,153.140516160112
0.132,261.48220489241,18.0014577636721,-279.467598224423,2533.21283843589,153.128746659972
0.1321,256.179430324045,24.7945467405328,-281.048208727261,2443.57908963164,153.106293269215
0.1322,250.630593410861,31.6054403330636,-282.152791121563,2354.93140109978,153.115916055386
0.1323,244.829395366116,38.2638993209955,-283.04781280707,2267.3307428567,153.126248722373
0.1324,239.10502315348,44.7355726394962,-283.816090505611,2180.83441803581,153.152029602076
0.1325,233.01947601175,51.2738474404053,-284.404570408119,2095.58213749592,153.128979141766
0.1326,226.925239401286,57.6910481281336,-284.677352637869,2011.56380020188,153.100918680896
0.1327,220.737040267968,63.9566108424024,-284.720074124512,1928.95264513301,153.095528117899
0.1328,214.3814267549,70.0850160853451,-284.550654637625,1847.81657611041,153.127651437363
0.1329,207.954131443756,76.1256066319519,-284.195784855543,1768.21528064559,153.082644763242
0.133,201.424965099545,82.1033299180493,-283.552032369512,1690.23375533708,153.10719298834
0.1331,194.913168335682,87.9957752746321,-282.694014613685,1613.98654809455,153.149735694231
0.1332,188.15140618693,93.5294726387554,-281.672554885313,1539.49458055922,153.091969371852
0.1333,181.339449352286,99.1330835215662,-280.473772791274,1466.808685917,153.103311418479
0.1334,174.518423499267,104.454483211504,-278.903783311196,1396.06296005183,153.093967003439
0.1335,167.546479550144,109.622936931393,-277.130672281288,1327.36650701289,153.09701940355
0.1336,160.559865605999,114.702593369069,-275.160265233431,1260.68900511494,153.139301610809
0.1337,153.43623476017,119.561444744844,-273.022135149011,1196.20758797497,153.12562754961
0.1338,146.387274417129,124.319156496189,-270.686113303235,1133.87245656549,153.112221567468
0.1339,139.236771406058,128.903327737113,-268.069959721105,1073.8437158524,153.089833105715
0.134,132.085496378712,133.253770488868,-265.35807568869,1016.09677005126,153.082476949206
0.1341,124.807189388231,137.340064863307,-262.295439870152,960.748016909984,153.090210362807
0.1342,117.669344686582,141.411289437255,-259.081772737628,907.873189434074,153.113051704929
0.1343,110.508565690723,145.16470249643,-255.638887312968,857.475548598867,153.097674921743
0.1344,103.304579803532,148.864339960835,-252.033747262629,809.621569771076,153.074208129802
0.1345,96.068380491038,152.245205453883,-248.242779596583,764.318893839872,153.067170443753
0.1346,88.8512609922469,155.402800473989,-244.292699198839,721.666540520031,153.080301106128
0.1347,81.6421189358112,158.506172036547,-240.100122028563,681.735408001087,153.085581007697
0.1348,74.5595827745551,161.227751184274,-235.745063369354,644.56547774319,153.083533836103
0.1349,67.3316083950579,163.84379198897,-231.141047231876,610.076725007483,153.062861243079
0.135,60.2795511617843,166.22882999467,-226.575876390671,578.383181937131,153.044954392007
0.1351,53.252811987557,168.403234086074,-221.556227628981,549.594749484783,153.093925936184
0.1352,46.2121335965345,170.351046214091,-216.560837019495,523.653010916349,153.046772984765
0.1353,39.3434440461807,172.074224043898,-211.546166062713,500.584298543744,153.102521524148
0.1354,32.6226560987446,173.523838008231,-206.174019570328,480.373028560967,153.088236122571
0.1355,25.6199942378786,174.935738987506,-200.535514988033,463.185771220988,153.024776275081
0.1356,18.9823387639697,175.97630784139,-194.946726557104,448.944474630006,153.058121026342
0.1357,12.4097020889813,176.771541571129,-189.288928473898,437.66841267471,153.053380456212
0.1358,5.73059859574491,177.433312898034,-183.235767466142,429.335617064111,153.050943721442
0.1359,-0.524709481807522,177.871378829638,-177.331731377915,424.022070783076,153.075966946578
0.136,-6.86616654477088,177.93072523318,-171.103453151551,421.735600955471,153.029562373869
0.1361,-13.0717535174029,177.899197320615,-164.898407800487,422.428099905968,153.037160347325
0.1362,-19.1365313657698,177.550709214527,-158.469986650293,426.131394210336,153.042898281372
0.1363,-25.1431716846296,177.166408103656,-151.97869554883,432.876237321935,153.052078509515
0.1364,-30.9112099293035,176.375408024441,-145.404097819972,442.594404896265,153.030572069499
0.1365,-36.6530227844618,175.455814777656,-138.724326840016,455.358046374973,153.057405754098
0.1366,-42.1962781958667,174.241007434653,-132.047071883152,471.072585103714,153.053025470018
0.1367,-47.5773049777072,172.90772580884,-125.187476006477,489.749216709092,153.00841420125
0.1368,-52.8475950931474,171.188289498561,-118.447084464081,511.421960538937,153.059556438569
0.1369,-57.9688981542983,169.401539700993,-111.491609483972,536.024476055973,153.053847876168
0.137,-62.8121951722844,167.294717005096,-104.54891999397,563.57182740389,153.012847699818
0.1371,-67.6373449374668,165.065347229193,-97.382683155999,593.990455076249,153.016248112017
0.1372,-72.3633333252569,162.54931111094,-90.4832607980003,627.24140489552,153.078025079988
0.1373,-76.5514909543697,159.837099402251,-83.2835043391032,663.307969401057,153.048149741687
0.1374,-80.8932995974976,156.979096291954,-76.0358982865758,702.27924399517,153.002643695547
0.1375,-84.9013011695983,153.827207951569,-69.0654823243633,744.040693521252,153.005192554688
0.1376,-88.6098949551598,150.483430047568,-61.9256997549907,788.480637693464,153.022118806033
0.1377,-92.3664591059105,147.026642418024,-54.6823145008801,835.608762976607,153.018981197064
0.1378,-95.891600209593,143.238734597063,-47.5475223438811,885.431793351065,152.991354069273
0.1379,-99.1257839273886,139.582719574048,-40.4167964490841,937.810023526121,153.02414337647
0.138,-102.108948490776,135.408723159395,-33.2689267787759,992.778522482621,153.051818589355
0.1381,-105.002520952402,131.193051257302,-26.2366200226484,1050.25466590415,153.022788917147
0.1382,-107.565025970108,126.721183214188,-19.1580292693917,1110.19821044943,153.016462705101
0.1383,-110.05176000567,122.181081738213,-12.0500907299395,1172.54027053576,152.991336160087
0.1384,-112.292000070517,117.338503925872,-5.10049721819622,1237.21579165392,153.00038259404
0.1385,-114.327498471859,112.502998332275,1.81713484343667,1304.19836593481,152.985278186091
0.1386,-116.078900841962,107.36211963279,8.73020309323433,1373.40698781979,153.022816246274
0.1387,-117.695270582554,102.142496285332,15.432527089569,1444.78268734935,153.009854495669
0.1388,-118.990049958201,96.7572321965759,22.1689408381893,1518.2369579856,152.999823351737
0.1389,-120.197188738823,91.2087968590949,28.7870693466777,1593.72988259717,152.987315253921
0.139,-121.102671893241,85.610211525185,35.4153408878381,1671.17852630684,152.989555141789
0.1391,-121.704894349717,79.7401497550816,41.866456107611,1750.60506294422,153.021384252663
0.1392,-122.07453142824,73.774512916473,48.28765493217,1831.72802855532,153.034877914941
0.1393,-122.41365589565,67.7746160259724,54.6353329358757,1914.63113667654,152.990433898881
0.1394,-122.403929338198,61.6217676685397,60.693435437836,1999.22250964578,152.995031023613
0.1395,-122.115474554592,55.3883209835664,66.7760714797622,2085.37615683689,153.015322069246
0.1396,-121.686568579382,49.0098507095617,72.7152811484882,2173.03232377112,152.983627954847
0.1397,-121.008541657968,42.579832781263,78.3764523189227,2262.15815972108,152.976535565133
0.1398,-120.0403649451,36.0115531225474,84.1052562938639,2352.6386163374,153.01181879297
0.1399,-118.873075386629,29.3722417185953,89.5266678089449,2444.34732148639,152.992191319074
0.14,-117.620054828459,22.7151103437824,94.9199729123666,2537.27025184394,152.987478760546
0.1401,-116.049219377836,15.9981388099129,100.070321249322,2631.26843468178,152.995044007928
0.1402,-114.232147181536,9.0999535581689,105.112207445567,2726.30305730544,152.995658774838
0.1403,-112.223356158297,2.24547262217686,110.049254509129,2822.18665560216,153.00676890898
0.1404,-110.095597145535,-4.78306798850683,114.657850222397,2918.95989247962,152.950613600847
0.1405,-107.647806212232,-11.6856662743223,119.354698869913,3016.52608872771,152.977453846192
0.1406,-104.992070025693,-18.5986889066793,123.602557098099,3114.68421732579,152.952443556969
0.1407,-102.196354418657,-25.5921318715368,127.812463237849,3213.38237569841,152.945340664722
0.1408,-99.1376522237098,-32.6172645934713,131.825217485486,3312.63475126427,152.952057244972
0.1409,-95.9293676364942,-39.9193905624984,135.69087341987,3412.23626147046,152.969556266503
0.141,-92.472778946713,-46.8096201010662,139.215202779212,3512.12501905767,153.009435447478
0.1411,-88.8506957091497,-53.8388664448069,142.657482121911,3612.21959608551,152.988339990739
0.1412,-84.9590208332612,-60.8566843708057,145.822340501513,3712.47345186048,152.942303855684
0.1413,-80.9183776687118,-67.9354406144479,148.933532282703,3812.67810777331,152.977880478079
0.1414,-76.756989942092,-74.9355543907682,151.786089836666,3912.88147247505,152.961930561302
0.1415,-72.3239980360573,-81.9047930861189,154.314723589677,4012.90217815793,152.983854897446
0.1416,-67.8283195556785,-88.8142250673883,156.701168875169,4112.67491780129,152.954233006998
0.1417,-63.2422265688175,-95.7661433735417,158.908002611019,4212.13208320551,152.967641775006
0.1418,-58.2919669240004,-102.482085215714,160.908644340066,4311.10521850313,152.962958404098
0.1419,-53.2848649591439,-109.349978030587,162.558500134161,4409.56248437003,152.94629230228
0.142,-48.0606124991724,-116.005016308148,164.239059913732,4507.41906086608,152.960694937058
0.1421,-42.6636919115429,-122.632375924919,165.40382628846,4604.5845183213,152.973085362593
0.1422,-37.2837343549395,-129.220857539598,166.487177193281,4701.01310072539,152.91566772986
0.1423,-31.7354223939965,-135.614066997883,167.487654473896,4796.50041189841,152.992887105139
0.1424,-25.975386178058,-142.113058991873,168.055479042303,4891.0530836556,152.961110684455
0.1425,-20.1108726798895,-148.335310352762,168.432051986248,4984.58649581549,152.952274637309
0.1426,-14.1603323890931,-154.499199082076,168.623847027825,5076.88629499733,152.950953322059
0.1427,-8.0582458678949,-160.584289088341,168.550910606641,5168.18970286912,152.977905495596
0.1428,-1.78205891384816,-166.402878791642,168.374726209352,5258.0231576582,152.965659185301
0.1429,4.43023525657789,-172.305105354249,167.820257220218,5346.57870740939,152.913384981996
0.143,10.8480709530098,-178.053648723871,167.1732531704,5433.63308653009,152.92818878518
0.1431,17.4245346455222,-183.518047246974,166.181267332947,5519.20416056572,152.971285057063
0.1432,23.8352699171855,-188.911377148522,165.042174921582,5603.14608629099,152.967182344099
0.1433,30.5128276836923,-194.287298959242,163.633702263981,5685.4482286658,152.944090151007
0.1434,37.3420083592199,-199.426053312145,162.102339105675,5765.95517073755,152.951033274368
0.1435,43.9852414020055,-204.27208478576,160.307991592361,5844.67235470761,152.945789297279
0.1436,50.9100532825359,-209.16146709852,158.2508409757,5921.50770386716,152.930898554808
0.1437,57.6953250612537,-213.782555942632,156.077673184619,5996.40958427918,152.944573036437
0.1438,64.6050807378947,-218.215155936101,153.503605019169,6069.32062250421,152.948832412332
0.1439,71.6910436465552,-222.483672282945,150.89865608074,6140.04138767414,152.925324089581
0.144,78.5279585120941,-226.576523777072,147.985614429625,6208.70206115289,152.951058388499
0.1441,85.5061024262988,-230.482893620721,144.99438659348,6275.16898488961,152.94648043841
0.1442,92.4461037941276,-234.144190148454,141.621262932797,6339.325445102,152.906700023179
0.1443,99.5752587095105,-237.795976218759,138.175569147223,6401.25203797519,152.912913679443
0.1444,106.522554212656,-240.988357923138,134.576183000815,6460.72674065582,152.90031604015
0.1445,113.55933050596,-244.264021232871,130.747844185504,6517.86566388014,152.907854920587
0.1446,120.526356364976,-247.144244926116,126.787035789558,6572.51212982142,152.943760850913
0.1447,127.498105729045,-249.877776281358,122.431399427837,6624.68206063027,152.926042437004
0.1448,134.296588480925,-252.412098219243,118.041707231371,6674.28059259162,152.906363094677
0.1449,141.210899079011,-254.804670112164,113.605418987637,6721.25688207838,152.906131535536
0.145,148.13937592026,-256.881651194499,108.748351987031,6765.68238075911,152.933331113111
0.1451,154.901043362159,-258.767194549987,103.92838060967,6807.45504693928,152.906149488293
0.1452,161.516729613337,-260.385762942589,98.8109054155884,6846.48215900895,152.895953500245
0.1453,168.222298629625,-261.841508743056,93.6687300711187,6882.80542449912,152.919821024854
0.1454,174.83307299974,-263.10310460653,88.3045772374891,6916.38666945785,152.931042593306
0.1455,181.261158674544,-264.085066580821,82.7168969454316,6947.205762217,152.917943147342
0.1456,187.732253181851,-264.863192237417,77.197531977459,6975.24006611961,152.895072923414
0.1457,193.956310549766,-265.410008241909,71.3125312108766,7000.41648327076,152.928471385428
0.1458,200.23893425501,-265.685600461043,65.506885075315,7022.8067714883,152.883178264932
0.1459,206.409613911487,-265.806716361303,59.4673750579878,7042.34138072307,152.887962190129
0.146,212.440251484207,-265.692435621193,53.3262185035949,7059.02255998319,152.901914995286
0.1461,218.291530454027,-265.422244889392,47.026583145861,7072.8829184356,152.897511601576
0.1462,224.188389289495,-264.874101345735,40.8351044282636,7083.81630147417,152.909943460033
0.1463,229.711439137829,-264.075773564229,34.4155520622039,7091.93685655452,152.903665068657
0.1464,235.186313159656,-263.009856059325,27.8359623739145,7097.12379903255,152.89257224805
0.1465,240.569995979693,-261.787090968411,21.3233730954127,7099.52350277927,152.860270956919
0.1466,245.784475540366,-260.400878642653,14.5500435280007,7099.03862766287,152.851666867381
0.1467,250.891071683602,-258.685213462948,7.8024031229821,7095.67594067445,152.87002750787
0.1468,255.766946040489,-256.757009968904,1.05630665371113,7089.48964937218,152.885216461981
0.1469,260.604634161578,-254.627318837135,-5.80865865279767,7080.50626749663,152.930668734574
0.147,265.087104533086,-252.363539787833,-12.6355502483428,7068.69572585532,152.909050962604
0.1471,269.556315877605,-249.993225697021,-19.6189649458527,7054.08027199801,152.898561217677
0.1472,273.79067660032,-247.185601754448,-26.6334873382187,7036.68997262735,152.878554053542
0.1473,277.834319056213,-244.310434756015,-33.6136615830857,7016.60673026456,152.859204815412
0.1474,281.696296996999,-241.069722441112,-40.6053254932704,6993.75324559102,152.886069366897
0.1475,285.363805954648,-237.680960055769,-47.6408303739339,6968.2665166116,152.871406485506
0.1476,288.938863541702,-234.193707205083,-54.6283134098653,6940.14288744562,152.898637811791
0.1477,292.209888587448,-230.538205445469,-61.7077165010172,6909.32697338374,152.893512204561
0.1478,295.30527359101,-226.447230391089,-68.6404690033455,6876.01922443706,152.881183699861
0.1479,298.239703971708,-222.405858681486,-75.71794746836,6840.06808381579,152.851296766987
0.148,300.864929178774,-218.234421365437,-82.6884165114219,6801.67435002346,152.901363044668
0.1481,303.425577834041,-213.693018784994,-89.6700742496228,6760.85313301858,152.901543946097
0.1482,305.63619277526,-209.082044308942,-96.4789192335312,6717.62353489461,152.853482782171
0.1483,307.544660893418,-204.329848291586,-103.330927354263,6672.04503517696,152.884736326923
0.1484,309.54021788639,-199.287041992149,-110.223477554835,6624.10344906592,152.836582406791
0.1485,311.160049920263,-194.198967158159,-117.048410546739,6573.94869348264,152.84436986516
0.1486,312.573384887219,-188.870898963956,-123.693135670008,6521.62474039157,152.860763790944
0.1487,313.760861245309,-183.530895905912,-130.203576179283,6467.08426269371,152.875211964009
0.1488,314.766506000269,-177.972574994617,-136.829224314997,6410.543855967,152.884026579805
0.1489,315.434230391327,-172.248587991256,-143.234823642823,6351.94371370097,152.831768802061
0.149,316.069104806797,-166.40486087414,-149.59803073287,6291.40840941859,152.825937042248
0.1491,316.375609622078,-160.430999860621,-155.864353261851,6228.99379231814,152.884535091631
0.1492,316.438460946894,-154.31263578941,-162.030081593194,6164.71166889972,152.828957523963
0.1493,316.312957507657,-148.133302442838,-168.116397602278,6098.72906734685,152.86023460719
0.1494,315.996833040497,-141.886194521066,-174.047793180605,6031.05811260003,152.843358350612
0.1495,315.297209394335,-135.447562973157,-179.828926850285,5961.79578697156,152.850790039951
0.1496,314.445745138864,-128.908848070391,-185.54599338145,5890.92581786857,152.860929968885
0.1497,313.390867248212,-122.433634774195,-191.083791709646,5818.71972291451,152.818793525783
0.1498,312.184838886144,-115.638714908808,-196.571880635896,5745.01469462027,152.827548781509
0.1499,310.718243674005,-108.958290532625,-201.807656936377,5670.04886603882,152.844847771006
0.15,309.025678843272,-102.115809863588,-206.873093755619,5593.81827419932,152.827913903596
0.1501,307.128479204437,-95.3415683444111,-211.753388865511,5516.47877812734,152.857035023129
0.1502,305.041920092795,-88.3743114584189,-216.619974396596,5438.08584622196,152.862123307306
0.1503,302.563770150122,-81.3989145347105,-221.15484170858,5358.65346958542,152.84021585422
0.1504,299.963861054496,-74.4419400097042,-225.656802949898,5278.37075566087,152.824688891661
0.1505,297.351415535424,-67.4559056616968,-230.068512198762,5197.24659382229,152.824133235359
0.1506,294.27133297134,-60.1602735094106,-234.05565851145,5115.38976578346,152.827715003665
0.1507,291.208730785165,-53.2142767768076,-238.082074660082,5032.84570140509,152.83962777161
0.1508,287.893415531802,-46.086287734257,-241.701182839407,4949.76963826648,152.811612702273
0.1509,284.322230576609,-38.9820489882035,-245.306982649527,4866.22608549287,152.844794522746
0.151,280.358017436342,-31.994677838102,-248.523964594005,4782.2433156957,152.842175453422
0.1511,276.522929284453,-24.8446590553557,-251.722866819152,4698.00163271696,152.838714385795
0.1512,272.360969909586,-17.7578614143702,-254.64764060426,4613.49807349957,152.785421995708
0.1513,268.059525777957,-10.6524264242928,-257.426760878706,4528.89758640803,152.823723961546
0.1514,263.529066183614,-3.58469070362172,-259.908562732731,4444.21770779292,152.815819067334
0.1515,258.801445875571,3.21494080172031,-262.266190832796,4359.57763558385,152.800234972995
0.1516,253.972171206142,10.2665269953882,-264.266976732974,4275.08916087577,152.860324485875
0.1517,249.037138955886,17.1573560333185,-266.261199076465,4190.77246820554,152.806695586568
0.1518,243.870919069895,23.9678775131623,-267.909615130252,4106.80233361819,152.844408437656
0.1519,238.586086972205,30.8013282079768,-269.361978011778,4023.10742830768,152.817600692935
0.152,233.192480817209,37.5084044861887,-270.56181833719,3940.02793949869,152.801000380798
0.1521,227.538632791036,44.0982315948044,-271.614474905257,3857.45415658373,152.82464676999
0.1522,221.743802292396,50.6088579181571,-272.43672614884,3775.46689628699,152.813288253904
0.1523,215.851390881975,57.021013956857,-272.881307789065,3694.27489347445,152.767570784121
0.1524,209.920025291837,63.3252745278128,-273.296415905542,3613.76226147132,152.815353891835
0.1525,203.834201932855,69.7320492007799,-273.447571280723,3534.22756056049,152.795652481839
0.1526,197.653167705626,75.7489131279524,-273.323777681317,3455.65244444471,152.74571412246
0.1527,191.2609781752,81.7816032914264,-273.069814999629,3378.12135613549,152.787670500967
0.1528,184.794622184603,87.6884269836185,-272.491734143727,3301.6593653497,152.782313511526
0.1529,178.391456639639,93.4054097731217,-271.79526388961,3226.48201170631,152.794008726556
0.153,171.620637028348,99.0809334382255,-270.745414873653,3152.5183992119,152.759937909598
0.1531,164.923935747178,104.468090598532,-269.482681847094,3079.90738922367,152.780939361618
0.1532,158.246392019239,109.852459947171,-267.994938956659,3008.78932122074,152.797960209003
0.1533,151.279616392811,114.982279915954,-266.479377546943,2939.04679865855,152.783939561068
0.1534,144.536093253426,120.012278330601,-264.599763986903,2870.98096009518,152.806898749625
0.1535,137.425363061034,125.025363553055,-262.404137318928,2804.53217430564,152.797440978315
0.1536,130.425360219005,129.665854030797,-260.169289896559,2739.76494705095,152.784100290518
0.1537,123.507009459191,134.128817099097,-257.602508433895,2676.79553915004,152.785458814262
0.1538,116.392767558583,138.559410792349,-254.949767414818,2615.57617896659,152.795122398044
0.1539,109.205082552492,142.805682663469,-252.050618768224,2556.36086756866,152.807055426107
0.154,102.135743549901,146.78271393654,-248.893300270174,2499.05623220644,152.797219774132
0.1541,95.030993678761,150.590346913403,-245.492106542098,2443.72616860174,152.764780581294
0.1542,87.8488252564096,154.221705995124,-242.018577665292,2390.51580874431,152.774135766934
0.1543,80.7476538022935,157.547152766102,-238.228886513871,2339.43776772854,152.76662074397
0.1544,73.5716201228583,160.839488051652,-234.462038394041,2290.52189731472,152.773793107242
0.1545,66.4725273734143,163.937170178428,-230.2153476485,2243.82218458219,152.788563774098
0.1546,59.3120205046221,166.698241703261,-226.002077644085,2199.42598513934,152.767056464844
0.1547,52.2499231256011,169.255777107972,-221.638924994236,2157.30139273706,152.761576742136
0.1548,45.4098708846458,171.695661082264,-217.050571270671,2117.53545752032,152.791048006107
0.1549,38.2380434664495,173.919251737472,-212.232467807584,2080.23587552149,152.763288509951
0.155,31.3906212201798,175.901025961975,-207.21566509661,2045.36083956065,152.76193636419
0.1551,24.4845715992256,177.626127789747,-202.125455289705,2012.94783006835,152.786242689396
0.1552,17.7171095223294,179.205106721654,-196.803519711474,1983.03640252665,152.721058793058
0.1553,11.028108056671,180.42657111753,-191.455213637521,1955.6873633456,152.741482105835
0.1554,4.22944361169116,181.518228862121,-185.838118825564,1930.92695710597,152.759399829116
0.1555,-2.30874388920506,182.43647109929,-180.228224158733,1908.74924764199,152.769689307045
0.1556,-8.83824484937823,183.165180501446,-174.36514863064,1889.15781253295,152.807475332511
0.1557,-15.1425668526224,183.575053117782,-168.42788869276,1872.25136922778,152.744587329679
0.1558,-21.3748612139295,183.741400455235,-162.377379993377,1858.00906866854,152.740635831876
0.1559,-27.6277903247235,183.702282930844,-156.180618686945,1846.42461271579,152.782157287001
0.156,-33.6389423618792,183.490538460879,-149.829967300729,1837.52298077415,152.767598853792
0.1561,-39.5499054666624,183.103960649406,-143.370907178476,1831.37755060436,152.7664579794
0.1562,-45.3562516084085,182.389259547112,-136.987861189778,1827.87630675228,152.749965963086
0.1563,-51.1924806456097,181.449256056555,-130.510620559632,1827.1242329405,152.78928863013
0.1564,-56.6500763002358,180.268329734218,-123.725253368101,1829.10756192637,152.73050499732
0.1565,-62.0386206193814,179.00885599755,-117.013085827664,1833.78827110344,152.748086423464
0.1566,-67.1902416885638,177.449528127686,-110.198925249168,1841.16255955658,152.705220421884
0.1567,-72.3572134418139,175.612903692464,-103.314262882832,1851.33106962525,152.713679773417
0.1568,-77.2752098728522,173.596896431515,-96.326670004013,1864.15961645252,152.741428751284
0.1569,-81.8777843520591,171.469957961973,-89.294526841988,1879.64854642837,152.733365464627
0.157,-86.5129914066981,168.978271941611,-82.3914091211837,1897.86237000056,152.718915086536
0.1571,-90.9580033946561,166.397417254315,-75.4577312442602,1918.75545853455,152.758018207618
0.1572,-95.1941787030581,163.464761718045,-68.2588349314957,1942.25677715595,152.747192560958
0.1573,-99.2146337567106,160.509706955489,-61.2189515492801,1968.44510232293,152.770360039775
0.1574,-103.153260449897,157.242818495924,-54.1652396113429,1997.15497102562,152.694308771525
0.1575,-106.794575932644,153.71685695046,-46.9890710680043,2028.48639119129,152.774392316697
0.1576,-110.312141342173,150.213003333565,-39.9243314058777,2062.42491294818,152.763524603548
0.1577,-113.495694821246,146.292184935872,-32.6995549035695,2098.86337993872,152.739793091868
0.1578,-116.680032701671,142.241840384818,-25.6579718571692,2137.72778376175,152.715184078991
0.1579,-119.349161347896,138.080813571607,-18.5829428645758,2179.07799368758,152.721127190229
0.158,-122.164638914983,133.816303008773,-11.6222358823049,2222.88625571574,152.724173854775
0.1581,-124.552842348697,129.146697957124,-4.70771245878754,2269.05813128052,152.726849233908
0.1582,-126.795556290303,124.433880990437,2.31944164512558,2317.55952530507,152.737912546977
0.1583,-128.753120692101,119.554181542901,9.20348778082082,2368.41752209699,152.729422532429
0.1584,-130.67429556723,114.506334799941,16.1246467721815,2421.46022247912,152.729901473425
0.1585,-132.232101690256,109.273891268603,22.7828225628792,2476.67266215617,152.722006327267
0.1586,-133.529047033285,104.101353747316,29.5566918380512,2534.06843983374,152.732981636123
0.1587,-134.783597534153,98.5103625885529,36.1924192831227,2593.62210300002,152.699765318104
0.1588,-135.700254734768,92.9509834772437,42.6157787647115,2655.11942634188,152.743438884697
0.1589,-136.330960092998,87.1629225865481,49.0971341170933,2718.6567964799,152.711572946339
0.159,-136.890843845675,81.3793833734825,55.4832032370023,2784.20527060735,152.683069668431
0.1591,-137.068103151391,75.3354545931221,61.7710362908829,2851.50266152278,152.672811334032
0.1592,-137.136965572327,69.140391249061,67.9695002690607,2920.6625812002,152.68226514899
0.1593,-136.939510905929,63.0204270109461,73.9593139009602,2991.52688679786,152.739244165144
0.1594,-136.564661829382,56.6379026358671,79.8157819602287,3064.11103248878,152.686466989971
0.1595,-135.863113049083,50.2655383565905,85.6746002661098,3138.31094450929,152.734108458649
0.1596,-135.057636801081,43.6723118875882,91.3721075235486,3214.06907304808,152.69793263096
0.1597,-133.943845637957,37.1814297407939,96.8708237569523,3291.25913937289,152.70655237784
0.1598,-132.637115763167,30.5195627441379,102.084745380703,3369.86878357464,152.676832878652
0.1599,-131.177963388301,23.8063152676434,107.372411360463,3449.86953048332,152.653682206022
0.16,-129.386596545069,17.0334369923244,112.459660422802,3531.07675962726,152.680846670111
0.1601,-127.37559268081,10.10215491965,117.406873223723,3613.45463415347,152.668059072685
0.1602,-125.246085863948,3.16168983956455,121.993175874483,3697.01016438983,152.695215786332
0.1603,-122.899059107225,-3.70355125026218,126.597687243926,3781.5810103139,152.669097928751
0.1604,-120.288968718716,-10.7413299582997,130.830183762692,3867.10053875723,152.715135713562
0.1605,-117.428509629937,-17.8083845603654,135.249214299982,3953.50152142526,152.672542240951
0.1606,-114.511984718234,-24.6915375457674,139.126659876831,4040.71877584531,152.651877623547
0.1607,-111.273472221058,-31.7762968409684,143.066272857491,4128.68849686096,152.675456967355
0.1608,-107.90746561156,-38.7587753800952,146.711608451095,4217.25479973203,152.655636034085
0.1609,-104.269321365374,-45.7489920690844,150.199018549417,4306.35073973085,152.691269251536
0.161,-100.540460621549,-52.8785616643476,153.459864688577,4396.02547506568,152.652763285512
0.1611,-96.5235707741959,-59.9611598813724,156.469176135158,4486.06326955702,152.682958604055
0.1612,-92.4222145473271,-66.9246342502449,159.261887246925,4576.42581406063,152.699146865374
0.1613,-87.9826397679527,-73.9414934270847,161.957866877605,4667.01499942008,152.689348491691
0.1614,-83.6558469883422,-80.7802318871073,164.281782803879,4757.75977449977,152.672030855389
0.1615,-78.9703781161259,-87.6228490671164,166.60921462149,4848.55023080956,152.669439771767
0.1616,-73.999198771634,-94.4315666647281,168.538371732676,4939.38444617145,152.688609823711
0.1617,-69.049795193458,-101.281889801605,170.28988482504,5030.11818050116,152.66928776084
0.1618,-63.8768478336166,-108.028640663216,171.908210011829,5120.72497130346,152.702320206113
0.1619,-58.5927546097301,-114.659877030397,173.249373363753,5211.00899842837,152.665296355485
0.162,-53.1452149765622,-121.157011521721,174.363146761721,5300.9768341344,152.689327673256
0.1621,-47.5752331334664,-127.626083175161,175.241148587988,5390.48998431309,152.677576948264
0.1622,-41.8271595517748,-134.113328914315,175.937262566452,5479.57070589022,152.663867678235
0.1623,-36.0813373926984,-140.291157282209,176.382074908122,5568.07909975755,152.680709857004
0.1624,-30.0930494329487,-146.561743799333,176.582919726137,5655.93374224723,152.679535406842
0.1625,-24.0195410038,-152.617984002539,176.633500778715,5743.06361887466,152.668973339591
0.1626,-17.814728315959,-158.578557528558,176.374402561562,5829.35497754179,152.701809319595
0.1627,-11.5224252578806,-164.491974438866,176.011540123249,5914.75016526523,152.659651595041
0.1628,-5.19374732488615,-170.178845847208,175.358579766885,5999.19718373138,152.662464000738
0.1629,1.34441341195177,-175.765737963279,174.416151084422,6082.65370014437,152.643934616314
0.163,7.8625882791051,-181.181064044419,173.343708648158,6164.94612696889,152.690361330657
0.1631,14.5271598149835,-186.500145452825,172.002173182385,6246.08467016953,152.668295530452
0.1632,21.164996564488,-191.712294981586,170.315266855536,6325.94097337181,152.689451145245
0.1633,28.0018050497275,-196.55468230542,168.753563855535,6404.49953250925,152.672504903099
0.1634,34.8594521360574,-201.479884536093,166.721936483427,6481.6505734657,152.677990163027
0.1635,41.6087399335123,-206.081048920207,164.571962269129,6557.38619517056,152.6411201295
0.1636,48.4684907116011,-210.51916163394,162.055201553656,6631.55795142578,152.643245325074
0.1637,55.495099429398,-214.933622492495,159.572646936532,6704.16575676585,152.646691486534
0.1638,62.4155150506075,-219.070427157385,156.650046808669,6775.10742852025,152.606358428015
0.1639,69.4776078298712,-223.053553665243,153.683573891602,6844.31709054913,152.647771572967
0.164,76.5383193983909,-226.860668944006,150.431570483464,6911.787696696,152.656413422307
0.1641,83.5136825741695,-230.413018979755,147.038132002367,6977.442095452,152.596968952313
0.1642,90.5382502486632,-233.872125435157,143.34277561741,7041.15377206109,152.640829518388
0.1643,97.4809181516911,-237.007568178806,139.49156728564,7103.00486082524,152.664001598861
0.1644,104.37136658606,-240.048871269005,135.587319891502,7162.81794105099,152.65990802179
0.1645,111.404086223311,-242.799668210956,131.338296510846,7220.63853958929,152.595949390241
0.1646,118.391401523538,-245.264568983655,126.942772818135,7276.32821136263,152.574621973333
0.1647,125.372652984377,-247.717796164176,122.415214249655,7329.87516334407,152.645071061587
0.1648,132.129154298223,-250.024033093646,117.701636801039,7381.30011099887,152.632761464031
0.1649,138.873780478131,-251.773658969543,112.832713363829,7430.45143684887,152.631576613199
0.165,145.666110085334,-253.535100396529,107.778599236844,7477.35255937245,152.610809774146
0.1651,152.424536620284,-255.05697576676,102.71361722274,7521.99331121289,152.594699131136
0.1652,159.00466191981,-256.359873022458,97.3494356423104,7564.30624507024,152.623154438474
0.1653,165.634271470781,-257.292278002013,91.8762057584362,7604.22103371969,152.617476630003
0.1654,171.994271977054,-258.276848565863,86.1656405883916,7641.75854086367,152.578119067315
0.1655,178.348202889711,-258.833309984559,80.4757780157752,7676.90199061468,152.581024829032
0.1656,184.661199070103,-259.136458215163,74.6406179469377,7709.56163222039,152.631202112466
0.1657,190.844204562432,-259.430068361461,68.6467019421525,7739.773557998,152.62469970671
0.1658,196.842920234837,-259.428245135065,62.5201736272245,7767.52910514811,152.604872299134
0.1659,202.73246964339,-259.047646673204,56.2027233617672,7792.70154365806,152.631369178783
0.166,208.646255765679,-258.647170668355,50.0387157367714,7815.42792605597,152.591987664246
0.1661,214.342183483306,-257.815516666633,43.6415340888193,7835.59657549294,152.577347990042
0.1662,219.886735434952,-256.882414361221,37.0260636722744,7853.19216471004,152.599001308672
0.1663,225.337057160538,-255.749748380524,30.4505855583108,7868.20558801588,152.592986808123
0.1664,230.568150586234,-254.328829492427,23.7335341567592,7880.69575528692,152.609265208519
0.1665,235.71123541637,-252.744481105073,17.0650996890907,7890.65034387776,152.608991782832
0.1666,240.683333570591,-250.965769654526,10.2585107406983,7898.00635967263,152.616232737039
0.1667,245.426009657374,-248.805750911555,3.34808998801041,7902.79226381451,152.629980614302
0.1668,250.147707150221,-246.758053997874,-3.51664136865857,7905.0232644987,152.594638962659
0.1669,254.600064831978,-244.195306016279,-10.5202951159547,7904.64662471919,152.587989591283
0.167,258.899323200274,-241.478923650067,-17.523427396884,7901.78828625172,152.625264935116
0.1671,263.025916760171,-238.541955194962,-24.4582647985173,7896.35132527425,152.614566768965
0.1672,266.96237743202,-235.38766549914,-31.5123794517924,7888.45105236732,152.584557328969
0.1673,270.739900284866,-232.139625924283,-38.5482690731424,7877.99941561257,152.571806962597
0.1674,274.230472786262,-228.736490779201,-45.6121932655263,7865.0991826945,152.613141017037
0.1675,277.616709143937,-225.074513216896,-52.6648087252754,7849.68534070383,152.618226289715
0.1676,280.825910993867,-221.197040347728,-59.6957292818547,7831.82125643586,152.592578708518
0.1677,283.851947741631,-216.986006821204,-66.6665676780805,7811.54050058028,152.625820059968
0.1678,286.612291679143,-212.751563834984,-73.8076799776085,7788.87794777075,152.568480678079
0.1679,289.149834229726,-208.412860403581,-80.6969629328436,7763.88773977175,152.582353218643
0.168,291.428245670413,-203.845404929093,-87.7371550893299,7736.49103137843,152.57662867449
0.1681,293.661026720841,-199.121372683529,-94.5086089910916,7706.8599733561,152.598181476953
0.1682,295.556797540078,-194.105548683627,-101.482618208116,7674.93678519936,152.58003969849
0.1683,297.319962851877,-189.00500172199,-108.195009351061,7640.81379803448,152.587362771311
0.1684,298.689429598023,-183.798504485423,-115.051494278891,7604.49021823848,152.59081882246
0.1685,300.119125063229,-178.346267875594,-121.693559736124,7566.04156962436,152.553308568694
0.1686,300.92547206964,-172.7717449152,-128.159020978022,7525.47948013721,152.568484343974
0.1687,301.830319540586,-167.054470115266,-134.765288627852,7482.90900682783,152.586133815993
0.1688,302.460186898103,-161.221820695166,-141.196565140012,7438.33645187475,152.587268599888
0.1689,302.780096036793,-155.401853710177,-147.52414798458,7391.77421894047,152.56836150859
0.169,302.959333781309,-149.279597875079,-153.753406291116,7343.40307670113,152.555373665138
0.1691,302.89781198023,-143.109962422511,-159.89582461737,7293.09437913911,152.562738899667
0.1692,302.524736041189,-136.78577734518,-165.800857874219,7241.04311810958,152.58847653129
0.1693,302.081625574606,-130.328018041377,-171.611740772238,7187.28585061321,152.592837860462
0.1694,301.353873197535,-123.966388359212,-177.47022021263,7131.79545310042,152.560204128256
0.1695,300.306033826975,-117.316184937894,-183.085791556099,7074.73268257645,152.574282379055
0.1696,299.215989801754,-110.608619562228,-188.522768037357,7016.16338821063,152.591332196721
0.1697,297.674803942489,-103.882217652582,-193.791631332592,6956.0557872209,152.599641406422
0.1698,296.087042081594,-97.1991292379182,-198.941334640146,6894.55804808893,152.560471568622
0.1699,294.202283546058,-90.1659014592323,-203.961273428614,6831.76107896395,152.567873968178
0.17,292.10278007497,-83.3136583656278,-208.970273316627,6767.55427458957,152.58078008778
0.1701,289.838636005665,-76.2367331854122,-213.527213329314,6702.23720410759,152.56237269098
0.1702,287.261505838124,-69.3039115242231,-218.140322334394,6635.69101343601,152.557271677997
0.1703,284.631157265659,-62.225312379486,-222.38731583584,6568.14322006844,152.559807561354
0.1704,281.810677068579,-55.0071382612127,-226.641215190295,6499.55161584981,152.566305215527
0.1705,278.637924860255,-48.0445217728377,-230.597305175421,6430.04723876091,152.526720099419
0.1706,275.274471915071,-40.7933296510783,-234.414874506831,6359.65307022785,152.559734187898
0.1707,271.75188717647,-33.6968035629227,-238.076499678346,6288.48106351407,152.561382294818
0.1708,267.987658351803,-26.6651228101743,-241.36694815036,6216.60162262752,152.530434391118
0.1709,264.098125616919,-19.4877610485845,-244.679773143998,6144.11062000549,152.571784980671
0.171,260.116926231893,-12.4569322359747,-247.667660906974,6071.04737285039,152.533809127084
0.1711,255.766944597266,-5.26267615827097,-250.570468909475,5997.4647396437,152.550226373251
0.1712,251.206788864802,1.82537044684433,-253.061478633898,5923.54498792773,152.549713211361
0.1713,246.718978750234,8.72436182827403,-255.541665657021,5849.21993611325,152.549189239958
0.1714,241.775186086422,15.8389589902206,-257.744451255861,5774.67352744703,152.551975244498
0.1715,236.819404316047,22.8407811840386,-259.52884145275,5699.92086509401,152.566273242654
0.1716,231.727703606497,29.6610658564748,-261.430133914114,5625.13786992213,152.54525810068
0.1717,226.430560227893,36.4438964959129,-262.879189329941,5550.25796757478,152.533293517033
0.1718,220.982407720964,43.1735234706486,-264.217580220655,5475.51642531393,152.535772637546
0.1719,215.419246213195,49.943168475883,-265.211303269769,5400.81654951218,152.514808933588
0.172,209.599079304768,56.5188014952661,-266.206300348507,5326.37114390589,152.541383142073
0.1721,203.797130649236,63.0161894424843,-266.822065124904,5252.20172885525,152.566986079659
0.1722,197.880138991465,69.4108565275968,-267.164337725103,5178.38376388401,152.534740221311
0.1723,191.730562604249,75.5517883937085,-267.359788712026,5105.00058323083,152.526923828603
0.1724,185.469326331755,81.9050992754719,-267.358412055306,5032.14060990898,152.537972570345
0.1725,179.142746062294,87.9469227757315,-267.057944385612,4959.86137855956,152.571430827039
0.1726,172.786641346219,93.9721857082583,-266.714847570992,4888.23072128687,152.544662354913
0.1727,166.120722568021,99.8250843314926,-265.968876126604,4817.34935516471,152.479554140143
0.1728,159.457155156819,105.447622911794,-264.987291701612,4747.31293985782,152.534925941626
0.1729,152.799673871848,111.072207567659,-263.788591135997,4678.09642593913,152.541662592092
0.173,146.085042040335,116.447807422586,-262.501880926993,4609.86212616774,152.505028255397
0.1731,139.173416867582,121.663690099275,-260.842048610978,4542.57331585676,152.559703030114
0.1732,132.286820011257,126.820331575521,-259.037918580966,4476.43998821404,152.491797969675
0.1733,125.367240756939,131.688883867077,-257.092626499219,4411.42790312247,152.488033252511
0.1734,118.30054639905,136.502764645118,-254.748040174082,4347.66059316826,152.535924882269
0.1735,111.190416002839,141.042687238436,-252.307238802459,4285.14000492063,152.514598617777
0.1736,104.109437251713,145.606481729602,-249.535063124063,4224.00738135524,152.488886934925
0.1737,96.8805720774573,149.914341067016,-246.836537213668,4164.26182632989,152.492663976109
0.1738,89.8105935245473,153.849570059009,-243.686185148219,4106.01623983208,152.5182934126
0.1739,82.5801929211133,157.825482077293,-240.401371907584,4049.29264302162,152.52681146309
0.174,75.403815166484,161.461302447604,-236.868477011185,3994.15354445332,152.522901468519
0.1741,68.2030916190695,164.9274569114,-233.064409577764,3940.62012414779,152.501413915939
0.1742,61.0258603397915,168.283422724876,-229.352226446196,3888.76710413885,152.489781288348
0.1743,53.9340692975502,171.386224064954,-225.148771631858,3838.76608087924,152.491537081147
0.1744,46.7160024381327,174.278961599919,-220.983549963608,3790.48037265226,152.479049159709
0.1745,39.6200686949371,176.965711352211,-216.476406159617,3744.09672305264,152.534976305274
0.1746,32.5248222364241,179.532546795308,-212.027672562976,3699.58973835688,152.492456520473
0.1747,25.4763828929667,181.794037455015,-207.073023422134,3657.06324443032,152.497211941453
0.1748,18.4974028776922,183.895101730014,-202.197839444765,3616.45956907607,152.492778997502
0.1749,11.590169780306,185.563278216619,-197.131287202831,3577.91326295386,152.48914644819
0.175,4.61676247548546,187.198119991105,-191.930235478763,3541.47181289068,152.475875181391
0.1751,-2.16897030152764,188.59694280124,-186.519859613296,3507.10782200977,152.483139189345
0.1752,-8.91438237446675,189.746219032639,-180.826629392747,3474.89825800004,152.494370035222
0.1753,-15.5431077647978,190.758444505528,-175.121899102377,3444.8415008496,152.496739624703
0.1754,-22.0697091211821,191.459278202806,-169.376931722825,3416.99776484199,152.485821110667
0.1755,-28.4715538004103,191.925307257905,-163.300722491487,3391.38768890771,152.482934598779
0.1756,-34.8633519012826,192.226390394115,-157.31601896222,3368.01019682551,152.491604678971
0.1757,-41.1534690138839,192.243884953623,-151.211702794017,3346.97614241327,152.453371597787
0.1758,-47.2541538722458,192.033958612745,-144.751607110424,3328.28469513583,152.481399139698
0.1759,-53.3139840721617,191.657502630473,-138.371696122351,3311.84681761848,152.479894574143
0.176,-59.1688776890029,191.047220108267,-131.771276932394,3297.80715014643,152.483923981003
0.1761,-65.0153350398299,190.095247218965,-125.279727825438,3286.10081379521,152.509318775369
0.1762,-70.4438573751815,189.112578634184,-118.583297205512,3276.76838936734,152.48952295048
0.1763,-76.1079343897619,187.765097370142,-111.827454525234,3269.86181218216,152.480341600068
0.1764,-81.3438149068573,186.26549350876,-104.94819034004,3265.31706630155,152.438279979898
0.1765,-86.4921141559051,184.598740151048,-98.0030207496879,3263.19025288947,152.473405028719
0.1766,-91.4684784327792,182.575510499789,-91.0682255555857,3263.5033379443,152.480309145464
0.1767,-96.3026137103461,180.352343923777,-83.935649290325,3266.16474710606,152.482127921049
0.1768,-101.065723901467,177.971945033646,-76.9163251298726,3271.30591754988,152.451792094357
0.1769,-105.497567433534,175.389332669117,-69.8319035429072,3278.79818574273,152.481320710878
0.177,-109.770756692518,172.57141522243,-62.8240305797346,3288.74122805099,152.465963821729
0.1771,-113.868786848262,169.594450324446,-55.5621754681316,3301.00741870599,152.454093191452
0.1772,-117.85212942111,166.281876411522,-48.4861060712973,3315.72802168844,152.45254345367
0.1773,-121.509721760848,162.917332036705,-41.2356495410987,3332.8155170709,152.448103111494
0.1774,-125.166685170776,159.244489709481,-34.126648847641,3352.20011020117,152.4748494055
0.1775,-128.437935486826,155.423864185647,-26.9072456211641,3373.99346940181,152.473656941883
0.1776,-131.723385964215,151.473745553929,-19.6769940167454,3398.08200756842,152.470722556139
0.1777,-134.732397683415,147.206618903747,-12.5944455316784,3424.48793271577,152.466328178931
0.1778,-137.38386371911,142.894278603185,-5.50900935243573,3453.1649386268,152.486381372948
0.1779,-139.986593211616,138.369477268193,1.51448009179519,3484.14074337715,152.446670761485
0.178,-142.220548215762,133.596043472558,8.6923892089514,3517.27362626349,152.460409271818
0.1781,-144.361433784099,128.745560786251,15.6010263511835,3552.66854312804,152.481508041117
0.1782,-146.229452417532,123.679631446607,22.5139771958658,3590.16720928377,152.464791630934
0.1783,-147.88782485304,118.570565925204,29.4653302195363,3629.82882600454,152.476106276882
0.1784,-149.272945921426,113.162614443362,36.1279561520629,3671.6002180309,152.442389969902
0.1785,-150.517041966828,107.607298416053,42.9623075381408,3715.40859212228,152.461829542725
0.1786,-151.555752958048,102.004011113569,49.5160889934137,3761.24554806702,152.451288069462
0.1787,-152.296613177458,96.1620814095543,56.0558237294515,3809.05881428945,152.44885620814
0.1788,-152.83318843062,90.3978044891749,62.5502456914074,3858.78666213145,152.433036130993
0.1789,-153.21695005058,84.3350486651551,68.9271586834046,3910.46702843684,152.481041667825
0.179,-153.249909929527,78.1871563610264,75.1703578629855,3963.90472622964,152.424488610354
0.1791,-153.203985704815,71.8099387689135,81.3974494285891,4019.21213226802,152.45819775164
0.1792,-152.824346759404,65.5294221832431,87.3598225569457,4076.27210852908,152.449094273553
0.1793,-152.162038055831,59.0334298684576,93.1547460465654,4134.92662139834,152.470077627946
0.1794,-151.364728899207,52.4912651650414,98.9272297594902,4195.32677312141,152.48175934439
0.1795,-150.242998070099,45.80580992027,104.627301447385,4257.24856980548,152.408835750025
0.1796,-149.158340274097,39.0837851689926,110.045963932181,4320.72425696692,152.415134070534
0.1797,-147.551383880065,32.3394158430275,115.310669719449,4385.65136298143,152.457780901235
0.1798,-145.990934014666,25.5666028638403,120.425919613684,4452.01676068023,152.43658552986
0.1799,-143.980869849876,18.5120361173829,125.520483256085,4519.73474721108,152.428634045586
0.18,-141.793971853736,11.56607423461,130.28856162613,4588.69262422332,152.465079232956
0.1801,-139.583918841248,4.4030971110257,134.996087565801,4658.94334117336,152.415478554253
0.1802,-136.89330856271,-2.54634126829583,139.514354494672,4730.33794922451,152.396508481445
0.1803,-134.080560287817,-9.59125962820364,143.817655824966,4802.78412632508,152.412381093452
0.1804,-131.119666968907,-16.7189892661085,148.018600052896,4876.36515032325,152.421749436135
0.1805,-128.057070920105,-23.8096606972146,151.918464985446,4950.8234480488,152.443043760626
0.1806,-124.559271691281,-30.9949262417863,155.664931900668,5026.17028728311,152.412530289578
0.1807,-120.913238482911,-38.1740887242212,159.304966587195,5102.39757056566,152.38672854102
0.1808,-117.181221564765,-45.3234299471752,162.614830298604,5179.35370787452,152.40136645586
0.1809,-113.269044292125,-52.4555719099375,165.706000663777,5257.02723933261,152.433084902831
0.181,-109.153416775271,-59.4272989618667,168.623895643149,5335.35688184645,152.373779092177
0.1811,-104.770948631414,-66.5474560280024,171.372274596646,5414.14010773938,152.405725665607
0.1812,-100.220734636551,-73.6712078574217,174.013755641865,5493.47912519405,152.434605009081
0.1813,-95.4982145612516,-80.6252046739205,176.249036433474,5573.15448128081,152.396878881639
0.1814,-90.7831705288068,-87.6204390780348,178.18584498803,5653.242280195,152.376197127776
0.1815,-85.5902847892055,-94.4105517963881,180.142226262372,5733.5752553897,152.378738357136
0.1816,-80.4934094324948,-101.255979042792,181.767324266236,5814.06097357019,152.413798322708
0.1817,-75.2054405019989,-108.044031897688,183.25586411803,5894.71013587175,152.426105366417
0.1818,-69.7068238201027,-114.836467429463,184.54974684611,5975.38892124021,152.401499868636
0.1819,-64.0209037158165,-121.359327446473,185.436334632574,6055.96872047383,152.426688996286
0.182,-58.3325917599446,-127.906842135343,186.237926027529,6136.57495227622,152.408514251682
0.1821,-52.4182686806699,-134.330614870444,186.628773200987,6216.9251441349,152.40698511562
0.1822,-46.4076536409368,-140.690734522649,187.106045703036,6297.09000948355,152.430509826285
0.1823,-40.3337158069314,-146.877035949627,187.020956434236,6376.89011889935,152.386366323296
0.1824,-34.104855235668,-152.954748482688,186.937526585846,6456.31590685641,152.396574768253
0.1825,-27.6404848059133,-158.993560936011,186.640860325414,6535.28502604702,152.432477966416
0.1826,-21.2082968414163,-164.827399371986,185.997908246381,6613.76463079575,152.394740319078
0.1827,-14.6844287559746,-170.460490894857,185.17416791133,6691.600151341,152.406544879786
0.1828,-8.07963999319873,-176.16179849141,184.11768595312,6768.79042319067,152.363225211065
0.1829,-1.44249870284074,-181.467745145074,182.724408478596,6845.26865790479,152.413566269301
0.183,5.42610844775366,-186.824748673127,181.265264604191,6920.96541359465,152.447382605453
0.1831,12.3287997052917,-191.949473916035,179.61605554968,6995.7541904804,152.379799313818
0.1832,19.1447947513841,-196.870279204225,177.765365794167,7069.63519135887,152.372095942435
0.1833,26.2298432311026,-201.669844441478,175.554227642794,7142.46589823591,152.431865879228
0.1834,33.1469754357683,-206.383750273737,173.209442780028,7214.31406132604,152.401683331262
0.1835,40.1903058728634,-210.820358930955,170.650011563605,7285.00193693751,152.380190204847
0.1836,47.4082367934186,-215.008462059031,167.675316660569,7354.49158611796,152.369452538896
0.1837,54.4036984058655,-219.147727309638,164.847080660506,7422.80459104469,152.416026082187
0.1838,61.5219961256318,-223.144372334543,161.578741835019,7489.73841518104,152.381264368984
0.1839,68.6561667334079,-226.721737800516,158.106537251584,7555.35932603865,152.401990330102
0.184,75.8533913092485,-230.350420304836,154.551412234167,7619.52306506394,152.375996659175
0.1841,82.9311411367776,-233.611651250782,150.678745305799,7682.28593201662,152.403357385997
0.1842,90.0008714235799,-236.692599237135,146.779144261485,7743.46976155793,152.378428726156
0.1843,97.18465498169,-239.678058143083,142.536252690303,7803.09740271744,152.367238480822
0.1844,104.156370661766,-242.375560166474,138.164789027706,7861.11104097454,152.373741916784
0.1845,111.223294398887,-244.964180705871,133.6002333429,7917.47030168157,152.385110695467
0.1846,118.183532634762,-247.147100040315,128.900322992914,7971.99734508363,152.367752647613
0.1847,125.206560874266,-249.246346773803,123.966981455924,8024.86714108089,152.369426211556
0.1848,132.127348127325,-251.042874516761,118.878338273602,8075.92093387267,152.346417040746
0.1849,138.886162072155,-252.722848714294,113.771803025395,8125.0738936865,152.36011762241
0.185,145.621047519995,-253.978466335531,108.28454208743,8172.41341928833,152.38304615026
0.1851,152.349304198856,-255.151399988992,102.885347473611,8217.75976369035,152.395846804417
0.1852,158.970504575853,-256.173631513571,97.1285271266235,8261.191894584,152.376401486222
0.1853,165.52571167508,-256.908053349636,91.4709632329569,8302.581237182,152.402325184648
0.1854,171.88915519223,-257.365935312146,85.5008665668065,8341.96566512958,152.383968457031
0.1855,178.361815620247,-257.653240959536,79.4805557193899,8379.2949336621,152.361483259285
0.1856,184.431488149788,-257.727964747983,73.197960363847,8414.49337942605,152.370436623449
0.1857,190.494284301498,-257.515505719459,67.045886797261,8447.63126047328,152.412230928501
0.1858,196.516889347152,-257.041606752216,60.5170523179077,8478.64918919226,152.375709204957
0.1859,202.460045121823,-256.428914761605,54.0976995951734,8507.47383040554,152.40231779618
0.186,208.049189915904,-255.639223138424,47.5392337339844,8534.11606840757,152.361843589747
0.1861,213.66610964377,-254.477414143197,40.7485051971328,8558.55438300107,152.37538318466
0.1862,219.112588582083,-253.206896472043,34.0350385529806,8580.8107112045,152.398038692743
0.1863,224.343160904715,-251.622720436013,27.2976505439055,8600.86065396161,152.347189362166
0.1864,229.535450402976,-249.853980918165,20.314810982445,8618.5870080536,152.381474690325
0.1865,234.510288420435,-247.830961855303,13.4013860119504,8634.14409769861,152.34603146753
0.1866,239.359492167825,-245.59899961623,6.26357462206425,8647.42885367568,152.340288109021
0.1867,243.958919169336,-243.308132315794,-0.794747182130659,8658.41768267399,152.356313624294
0.1868,248.350196333531,-240.507596176154,-7.83139004506668,8667.24532271648,152.339262394465
0.1869,252.721250098068,-237.773646249731,-15.0284573813371,8673.7438661557,152.359294750146
0.187,256.820330905836,-234.657925728386,-22.1549870610651,8677.95156742731,152.349232941862
0.1871,260.673596250601,-231.503503221767,-29.2292840335633,8679.99365138502,152.342154546486
0.1872,264.348211291074,-227.842880940648,-36.4944398392406,8679.74268223346,152.33086455374
0.1873,267.916420218352,-224.325007478917,-43.6442960407905,8677.21108297139,152.359240613704
0.1874,271.174387206218,-220.460846488931,-50.8770060535867,8672.52339756547,152.365084295442
0.1875,274.317910776602,-216.346601007534,-57.9975030276241,8665.61285386919,152.365573518471
0.1876,277.310859154774,-212.146972376443,-65.0942318358412,8656.46774655403,152.357598505579
0.1877,279.986420283759,-207.709594332372,-72.3098792103206,8645.1782208173,152.340751932725
0.1878,282.42168528317,-203.014606635737,-79.4269393470333,8631.68905869695,152.322050440583
0.1879,284.728123624044,-198.242242116485,-86.4844092618618,8616.06681946029,152.359092566397
0.188,286.771102526782,-193.41905864076,-93.3694481115551,8598.3143734797,152.343035322099
0.1881,288.600153857906,-188.220757469676,-100.363801671141,8578.42952013551,152.377747851937
0.1882,290.276465714984,-182.834623872832,-107.337153373786,8556.51837023338,152.298569987008
0.1883,291.632783009044,-177.471617162834,-114.188871038337,8532.55745616414,152.310916331371
0.1884,292.918388556746,-171.904715924222,-120.840428123198,8506.64532603908,152.363790693744
0.1885,293.75111487087,-166.091769733606,-127.51028844755,8478.65661021841,152.340101116989
0.1886,294.390491833141,-160.376573118404,-134.153463256525,8448.7718675841,152.309720477698
0.1887,294.930416739039,-154.421690844049,-140.617702438917,8417.00988993603,152.333071234055
0.1888,295.310955498774,-148.211042263141,-147.047719304862,8383.31084165048,152.357696089498
0.1889,295.285714747434,-141.885965389983,-153.291459160161,8347.84416308513,152.322701572049
0.189,295.038334052461,-135.540840528828,-159.537376450986,8310.56363841193,152.339177522235
0.1891,294.66018120367,-129.178102894178,-165.399748856303,8271.54078064471,152.309146059049
0.1892,293.93606991208,-122.564143738251,-171.284033790952,8230.79415193228,152.340881551491
0.1893,293.178576852715,-115.830336492113,-177.254798934965,8188.4247631216,152.35741271158
0.1894,291.950027383191,-109.246092647112,-182.88187712095,8144.44367267736,152.32167020141
0.1895,290.681968546613,-102.296108108431,-188.276564625417,8098.91670085943,152.291391284443
0.1896,289.100124757757,-95.4193057102176,-193.675610225585,8051.8552240993,152.309556827194
0.1897,287.24393537908,-88.3360181426731,-198.889160003748,8003.36851272817,152.326570291042
0.1898,285.240341279796,-81.4281937423418,-203.921083072802,7953.46657255364,152.338374141455
0.1899,282.994427772262,-74.2912390052181,-208.89684965158,7902.2642725951,152.336266954409
0.19,280.576329140084,-67.1353052701083,-213.485122458045,7849.68751797987,152.315120898116
0.1901,277.958497127289,-59.9676254839171,-217.991608971467,7795.94081842575,152.319590714292
0.1902,275.156333785426,-52.7633147097415,-222.362885590759,7741.07768921213,152.266083175328
0.1903,271.976258583952,-45.5174293648206,-226.391321001133,7685.0332033478,152.310267465141
0.1904,268.693351935752,-38.2639954232505,-230.490001561036,7627.94024432016,152.318830036056
0.1905,265.220148831712,-31.1110289578661,-234.236034086031,7569.85069756831,152.287902587346
0.1906,261.482951530579,-23.6778674494816,-237.698452661197,7510.80194545446,152.298032761471
0.1907,257.591582881413,-16.4033462173111,-241.157489868045,7450.95161763697,152.307629051219
0.1908,253.48691754713,-9.18457505119793,-244.317063551851,7390.21205078307,152.290791326711
0.1909,249.326930701987,-1.91949183068801,-247.26639096466,7328.80834299348,152.315499452444
0.191,244.71496535984,5.30690355063561,-250.069003911274,7266.70998158707,152.30727851011
0.1911,240.204669906412,12.5163072762636,-252.609426940772,7204.03796721492,152.308455356176
0.1912,235.319048562152,19.6797015679665,-254.912188636609,7140.73164133404,152.287551140023
0.1913,230.305238569632,26.7053262196788,-257.024122082636,7077.02721049941,152.292086166062
0.1914,225.192944229771,33.7925104865677,-258.951190442071,7012.8810979466,152.286404531864
0.1915,219.929241818662,40.8085868401852,-260.567245465798,6948.3723588684,152.306517728254
0.1916,214.410290459492,47.7357762821295,-262.11956377706,6883.64584114682,152.311253195641
0.1917,208.733800294032,54.5226721860338,-263.3336707225,6818.69399962652,152.330457578387
0.1918,203.01691055882,61.2458824764056,-264.325441501306,6753.58242499624,152.274890833659
0.1919,197.105752336467,68.0055997653666,-265.151599098311,6688.36838650356,152.286233266638
0.192,191.043588378406,74.5367612722228,-265.472510176756,6623.18639385357,152.2821240204
0.1921,184.885640657183,80.993483058359,-265.902210709101,6558.11368788058,152.304828841647
0.1922,178.613483592233,87.3135612852018,-265.969321867693,6493.12856738059,152.297133437512
0.1923,172.116592051578,93.5863756707446,-265.82413485935,6428.30515482967,152.319263235233
0.1924,165.686935071559,99.7896767079191,-265.406202479995,6363.77448425519,152.277560448984
0.1925,159.046742297841,105.746843259864,-264.845533566516,6299.54547327759,152.275066813051
0.1926,152.425248039009,111.614083543845,-263.969644822788,6235.74064771029,152.264862652461
0.1927,145.450130160157,117.441923751097,-262.948954920685,6172.47497559718,152.283745544839
0.1928,138.727643938513,122.944741049699,-261.670666036857,6109.64165118038,152.273252714951
0.1929,131.752378070918,128.463763217058,-260.036937336102,6047.43656556268,152.292861651599
0.193,124.686680340639,133.699575051549,-258.336723623195,5985.86319815041,152.304714791376
0.1931,117.528601169948,138.766168748338,-256.378254647803,5925.05457981187,152.258114935515
0.1932,110.419206611879,143.796134392829,-254.172351404912,5864.94528089119,152.290199472018
0.1933,103.257470314674,148.559896973395,-251.77248368655,5805.7849261277,152.29336242564
0.1934,96.0123397649668,153.219362619087,-249.231207594904,5747.40565781447,152.255117405091
0.1935,88.6944867124763,157.643805244175,-246.218232546314,5690.06677725188,152.286244569607
0.1936,81.3914698077922,161.858349818584,-243.295245539348,5633.74799054121,152.274810842578
0.1937,74.181499680484,165.998407315396,-239.997213160166,5578.44379298626,152.269269558827
0.1938,66.7775895707675,169.80072808072,-236.511121699215,5524.32556749525,152.300039875263
0.1939,59.4923792135187,173.484173836593,-232.841448114556,5471.39422756194,152.293216703504
0.194,52.0031645432641,176.919091265294,-229.090342610057,5419.75722559952,152.3076145897
0.1941,44.7904775533744,180.226648351133,-224.876847981151,5369.33769286886,152.26457818107
0.1942,37.4628968938819,183.279601787513,-220.608094273983,5320.33208829133,152.291155982885
0.1943,30.1321687248474,186.126893158988,-216.343171747618,5272.71210688762,152.294845032918
0.1944,22.9151138061328,188.70301800316,-211.680342308741,5226.5070527914,152.255295411272
0.1945,15.6882137201922,191.134435775789,-206.871556736677,5181.80046884674,152.30544535147
0.1946,8.55818277366542,193.404792262881,-201.949173460901,5138.62522647037,152.261186295145
0.1947,1.42738888135641,195.341485675035,-196.794952876768,5097.07331760431,152.269834662732
0.1948,-5.73391179739545,197.110990609679,-191.482137233106,5057.08147327065,152.313862724096
0.1949,-12.5594263165036,198.665310493593,-186.008849366738,5018.82025477407,152.261674474046
0.195,-19.5382468057579,199.942467811656,-180.408722744788,4982.27654615858,152.250405458504
0.1951,-26.3869670988242,200.989034478,-174.64252785021,4947.44719717495,152.260369908973
0.1952,-33.1951437344105,201.876935831009,-168.748024537638,4914.4103474866,152.253031734019
0.1953,-39.8534810973449,202.462728782238,-162.742753256034,4883.19325396237,152.269952915233
0.1954,-46.2328040779303,202.897370087338,-156.67070566093,4853.79739902397,152.255536984467
0.1955,-52.6946148289556,202.969665335143,-150.349910697316,4826.2973949246,152.278678687628
0.1956,-59.1648105205426,202.95890954426,-143.970693558761,4800.696573091,152.263907701569
0.1957,-65.3426286462379,202.598950675729,-137.378016019176,4777.03309286455,152.219737346674
0.1958,-71.346877311597,202.107931123895,-130.822730025947,4755.34046598246,152.283172538679
0.1959,-77.2989922316765,201.400543799723,-123.963363800232,4735.62780812522,152.23761489997
0.196,-82.9961328226503,200.38677260387,-117.277500666332,4717.86628695077,152.233622900688
0.1961,-88.7954790266892,199.073188845883,-110.38871932426,4702.19345717839,152.239238284861
0.1962,-94.2117655276518,197.660831337056,-103.409420682085,4688.51888356027,152.273747575508
0.1963,-99.6243494492127,196.001155602896,-96.407879360947,4676.91543035896,152.239768319409
0.1964,-104.791304828751,194.110474125843,-89.2817627396646,4667.35568839148,152.230761112308
0.1965,-109.824261204073,191.94876473363,-82.1538846429191,4659.89237075609,152.224090695068
0.1966,-114.736716070198,189.637960240612,-74.9660521028996,4654.54220461606,152.251124498212
0.1967,-119.339864302989,187.120615109768,-67.7543596118982,4651.21381018422,152.226905851986
0.1968,-123.834379375923,184.285291549373,-60.4105609834725,4650.0300765058,152.222537463988
0.1969,-128.173375894474,181.278791577543,-53.2039506597467,4650.99090540966,152.203348307706
0.197,-132.302126818324,178.159165117237,-45.806965161782,4653.96260519615,152.269221399821
0.1971,-136.230204245136,174.752454481096,-38.5095059533231,4659.06891575016,152.206314425768
0.1972,-139.961964706417,171.204009047131,-31.1034920880672,4666.31017370404,152.260057422152
0.1973,-143.548694914164,167.400026810864,-23.8217829204679,4675.5505996581,152.262150751421
0.1974,-146.8401398431,163.298236485562,-16.4823427645892,4686.98094432783,152.231550979772
0.1975,-149.943687335047,159.057192041269,-9.12407032283171,4700.46195782095,152.229745548999
0.1976,-152.829506046497,154.758932126324,-1.8750168712778,4715.98717886678,152.257612421305
0.1977,-155.583130114666,150.046239227114,5.52062924120776,4733.55709439979,152.228422671136
0.1978,-158.033621562998,145.402931821127,12.7314747977917,4753.19983391811,152.229088868281
0.1979,-160.405155979262,140.453826243051,19.8660344567142,4774.82826608856,152.235313389371
0.198,-162.365779382474,135.408600207275,27.0216524123426,4798.521048956,152.250124280794
0.1981,-164.173729504808,130.189881325177,34.0488645490631,4824.13358603569,152.238368574039
0.1982,-165.8511499372,124.738596533837,40.9743518108127,4851.71179206397,152.243673049894
0.1983,-167.168181100705,119.196847224714,48.0439068467451,4881.26918678128,152.217353938916
0.1984,-168.343871909489,113.4694967906,54.6982123774218,4912.70613166676,152.287414888403
0.1985,-169.223426759659,107.673104530647,61.6315093250665,4945.97884360182,152.203579560367
0.1986,-169.790529335248,101.695044445611,68.2285588098393,4981.14549777153,152.23048362782
0.1987,-170.387359439404,95.4780501645308,74.8134404995914,5018.09673082744,152.238316717478
0.1988,-170.507294936624,89.1767260874449,81.3176665708096,5056.9342839315,152.239803153969
0.1989,-170.494602635202,82.9046918156536,87.6078325074008,5097.46548280841,152.213617947316
0.199,-170.256350636993,76.395107844384,93.8458097353715,5139.64687542451,152.197279574715
0.1991,-169.876123450732,69.772176779869,99.9952904593898,5183.60509907842,152.142749808208
0.1992,-169.133454075333,63.2077213022558,105.879479238368,5229.09878119101,152.226712934344
0.1993,-168.170945625982,56.3542430882644,111.702099447875,5276.21879628724,152.237865230295
0.1994,-166.959737488153,49.596940083824,117.383758600054,5324.96751342881,152.18145792282
0.1995,-165.58484419432,42.612255668789,122.907859574154,5375.10155822932,152.186619552367
0.1996,-163.99556536467,35.5902198506915,128.346063501832,5426.76418124994,152.168690537605
0.1997,-162.057014245974,28.4492895582182,133.499781047312,5479.83017730695,152.180996655709
0.1998,-160.005278348671,21.3461416427136,138.591818208223,5534.30006930649,152.202983748387
0.1999,-157.685135050256,14.1821667736544,143.565281691457,5590.0538342595,152.159333229465
0.2,-155.139793476775,6.93285495814369,148.157113360637,5647.09277433075,152.221700926796
0.2001,-152.335952704927,-0.258858882175417,152.613535817286,5705.32768886829,152.232352152459
0.2002,-149.466687604095,-7.56856690582253,157.053866879114,5764.77529662251,152.193430485719
0.2003,-146.32475004564,-14.7696890008034,161.104708055295,5825.26466003208,152.181732850295
0.2004,-142.965624222735,-22.2349044767831,165.052389739528,5886.7937454668,152.166086207511
0.2005,-139.381726549196,-29.5132206922568,168.902233139923,5949.39867012698,152.227431209564
0.2006,-135.688917763164,-36.8454625743999,172.348631651141,6012.86534098296,152.202193227427
0.2007,-131.628734007061,-44.1316954872968,175.833760286345,6077.21868529189,152.20751666954
0.2008,-127.47642465851,-51.4465010954638,178.949344203121,6142.43543204031,152.194656447651
0.2009,-123.095205257304,-58.7360866541589,181.830073849869,6208.45935801226,152.200687150961
0.201,-118.433814063852,-66.0265369044992,184.470998342673,6275.07040554006,152.186008821851
0.2011,-113.898364369249,-73.2388336697055,187.058300359187,6342.4479844017,152.192641844271
0.2012,-108.917336843326,-80.3989674186959,189.311009516668,6410.3515216728,152.138047513153
0.2013,-103.886106176676,-87.592753803777,191.375778262913,6478.76262257618,152.186793729928
0.2014,-98.7002343046011,-94.642786942365,193.220290393865,6547.70137880052,152.195478939463
0.2015,-93.2307755987168,-101.61409668341,194.790987392145,6616.95474954982,152.231256160855
0.2016,-87.656571977875,-108.48771702176,196.099996024123,6686.60928170906,152.175022262611
0.2017,-82.0834819168918,-115.407820431225,197.3162276473,6756.49268099763,152.193117504775
0.2018,-76.2152943346545,-122.096170085095,198.113308141816,6826.67416704898,152.210802237493
0.2019,-70.2108202054886,-128.749499115742,198.899488187983,6896.93857042135,152.202484402069
0.202,-64.1280313956445,-135.322798051044,199.473892776741,6967.29497817076,152.187924516872
0.2021,-57.8116337274818,-141.658966321657,199.551256716922,7037.63351207672,152.210585956871
0.2022,-51.5142990560494,-148.159962247282,199.651990285273,7107.99991767396,152.204647118089
0.2023,-44.9736798249483,-154.254992343866,199.288439984379,7178.2570158807,152.161857431266
0.2024,-38.4894109646526,-160.349506080374,198.881708821579,7248.33407677005,152.180445974249
0.2025,-31.7888049294912,-166.369912117995,198.121803497063,7318.15063975787,152.171988864572
0.2026,-25.0226128867512,-172.170197576817,197.155985108379,7387.72107135298,152.196133279946
0.2027,-18.140175600967,-177.932115495212,195.953109608389,7456.94456368969,152.148026892573
0.2028,-11.2279909948689,-183.441322770622,194.592905662797,7525.72193487538,152.158548572291
0.2029,-4.101774931817,-188.620724836237,193.002497653889,7594.09481470683,152.178183284924
0.203,2.79674139515335,-193.984649183591,191.163867068825,7661.8435199708,152.170217041403
0.2031,10.0001650514761,-199.005416727624,188.991372244198,7729.01216463709,152.178632979211
0.2032,17.2795786618908,-203.989421830252,186.624359794442,7795.60464040747,152.166199461627
0.2033,24.4141325408314,-208.598900459134,184.113028906375,7861.42332682829,152.161781286239
0.2034,31.5914720543066,-213.069882449481,181.392299575745,7926.51990707954,152.173705365905
0.2035,39.0571752832553,-217.503061441549,178.390425183569,7990.71101462132,152.186477643369
0.2036,46.2007098490152,-221.50168946688,175.317276625946,8054.12497770482,152.174829937105
0.2037,53.6518709098765,-225.538212948484,171.966004478507,8116.54470187605,152.156510342785
0.2038,60.9061056972354,-229.225280657413,168.308842048605,8177.94939587206,152.15266464381
0.2039,68.3461789265297,-232.901102779527,164.4901005885,8238.37356555987,152.143523065045
0.204,75.7072396637863,-236.121578953217,160.510926191951,8297.65002342137,152.204799725787
0.2041,82.9858720098686,-239.312260386083,156.336938217819,8355.83458938059,152.153166677758
0.2042,90.2722285752375,-242.276039016808,151.85663187426,8412.83560691915,152.149498263088
0.2043,97.5398753117186,-245.053651741395,147.394896615891,8468.51895333971,152.195591498984
0.2044,104.731001319827,-247.381115507671,142.619839489672,8522.9672678706,152.15635930286
0.2045,111.932223797525,-249.627598965111,137.731543266797,8576.11480861892,152.119289846308
0.2046,119.086824999326,-251.696189669932,132.755336763342,8627.8069084344,152.131005199362
0.2047,126.189199593447,-253.507430660829,127.325271567705,8678.10695475162,152.154883439359
0.2048,133.148904403413,-255.116275689245,121.925404767727,8726.95306339389,152.133917470466
0.2049,140.158845110822,-256.500515913715,116.295280764908,8774.32919370354,152.140654702447
0.205,147.058754526755,-257.631894868054,110.592447714021,8820.12168420116,152.177018534918
0.2051,153.741539811675,-258.544135878152,104.7809304535,8864.35787520961,152.1700676591
0.2052,160.521449943974,-259.268583589213,98.6042008212082,8906.91094628824,152.152485358163
0.2053,167.035011774119,-259.667581080551,92.5917385171571,8947.89438821236,152.125091065478
0.2054,173.549175164236,-259.885070242655,86.2757415763316,8987.14310283999,152.162011243378
0.2055,179.7941643742,-259.726643236472,80.0085410575624,9024.68973280756,152.133220909667
0.2056,186.12984826585,-259.46720927022,73.3830295389447,9060.50758406104,152.136659430907
0.2057,192.264049171152,-259.028987879802,66.8358858980966,9094.60564290733,152.139539769443
0.2058,198.178798635644,-258.245537396618,60.144559620175,9126.80786533506,152.114340865002
0.2059,203.970586826324,-257.24405527455,53.2780019186449,9157.29107810964,152.162765274003
0.206,209.701115757289,-256.129787712221,46.2917775187347,9185.90759863486,152.137428753228
0.2061,215.34285822147,-254.649979523643,39.2310466905137,9212.60059508811,152.165655391444
0.2062,220.698129452375,-253.029715141115,32.3280243389638,9237.51801336097,152.155513324325
0.2063,225.90429518062,-251.194335239717,25.2090004338375,9260.48953408149,152.119845435187
0.2064,230.973867231862,-249.037034902027,17.9283834373254,9281.59833574577,152.15879634106
0.2065,235.870166274998,-246.6027147179,10.7563170054241,9300.68267185049,152.113049967885
0.2066,240.644007182584,-244.12143325457,3.53686752168786,9317.92031124368,152.134297369657
0.2067,245.191014328348,-241.281830003559,-3.93251690776358,9333.18508031621,152.094601001029
0.2068,249.561057586286,-238.285304909539,-11.1392878895724,9346.50394841395,152.130123439808
0.2069,253.678993409015,-235.130152701876,-18.6281487443544,9357.89903597083,152.095700455993
0.207,257.731566264938,-231.583519307128,-25.9480492657204,9367.30792404356,152.14074790484
0.2071,261.442978730113,-227.931466849415,-33.4446652279508,9374.76234877777,152.166908142447
0.2072,265.056386375999,-224.180245444938,-40.7479017698342,9380.26046346544,152.129059072112
0.2073,268.301464238656,-220.298558130692,-48.1802787363113,9383.81478458657,152.124502876225
0.2074,271.518104507987,-215.913619737108,-55.5668034601302,9385.38974859147,152.122467999552
0.2075,274.50598825926,-211.474290971861,-62.9561707897583,9385.02807827222,152.136791336291
0.2076,277.226974152346,-206.914879188745,-70.2843998913313,9382.743888046,152.138104776632
0.2077,279.694412074651,-202.122128980407,-77.605768992563,9378.52739061929,152.089672773532
0.2078,281.870369819244,-197.095286275252,-84.8122591283565,9372.35311997936,152.133030713588
0.2079,284.046380897344,-191.917797343559,-92.0209956504279,9364.34855526706,152.102996234009
0.208,285.912577851005,-186.633702222853,-99.1796579122617,9354.37650017143,152.134504667014
0.2081,287.446528307938,-181.26011251047,-106.278482103193,9342.59893922736,152.120502592883
0.2082,288.738507354726,-175.553201627261,-113.29178328643,9328.93053803299,152.124825614895
0.2083,289.903461101045,-169.751742360072,-120.184012564155,9313.45798573268,152.086841702298
0.2084,290.856772910457,-163.750753605897,-127.030885225725,9296.10506501542,152.099870905632
0.2085,291.595734729254,-157.661337464582,-133.831383683725,9277.05575068943,152.070532438062
0.2086,291.944225988827,-151.468073615008,-140.536327512367,9256.15925793547,152.102457049788
0.2087,292.186755198444,-145.164848864828,-147.113928117667,9233.5728659615,152.127145572531
0.2088,292.102067440128,-138.684172767294,-153.476151106887,9209.28678685331,152.101751445809
0.2089,291.920152878685,-132.074511864449,-159.847902925037,9183.31541097044,152.114254136975
0.209,291.426948965349,-125.342641838168,-165.930579566338,9155.69351117349,152.112640292405
0.2091,290.682231214903,-118.540226382261,-171.964713858152,9126.51943427339,152.115924337682
0.2092,289.667097534741,-111.72693660869,-177.904680956035,9095.71866075842,152.103864901225
0.2093,288.492924882832,-104.711955159602,-183.860853340355,9063.40471449233,152.107344471555
0.2094,287.019658741875,-97.7293009182802,-189.46194447514,9029.56500471219,152.072932732521
0.2095,285.477336159538,-90.4905822541392,-194.720473235183,8994.23085738494,152.088737740723
0.2096,283.456254860344,-83.4013797547159,-200.193236768102,8957.54312703925,152.118728579626
0.2097,281.294921728075,-76.0515230123415,-205.285744283789,8919.42993129896,152.100663033439
0.2098,279.111179955967,-68.7472926116204,-210.249565956979,8879.99359903466,152.10810769293
0.2099,276.476940089502,-61.3930768409888,-215.109314201612,8839.27062989728,152.115799879444
0.21,273.733944491613,-53.9614443863972,-219.75934227904,8797.31198153119,152.120886218943
0.2101,270.603695535696,-46.4649819798917,-224.19104410377,8754.09827675096,152.108255888253
0.2102,267.495899116862,-39.1158507486474,-228.455828925192,8709.81823771036,152.115381993469
0.2103,263.996828974949,-31.6574860455137,-232.409405036497,8664.3971415794,152.136049105326
0.2104,260.326240654447,-24.1524942760489,-236.314779975512,8617.91095403039,152.124235642417
0.2105,256.617870704251,-16.577601737033,-239.817658507196,8570.42659113914,152.098900930857
0.2106,252.433265208733,-9.08208493168983,-243.418855260805,8521.98654920527,152.069854239487
0.2107,248.155247481684,-1.62751664528047,-246.560427683343,8472.65812239744,152.054753402022
0.2108,243.700321570792,5.8484946469259,-249.565920236294,8422.49875601345,152.083195772705
0.2109,239.104724432323,13.2119078666692,-252.390190656939,8371.52229071539,152.108815696604
0.211,234.303544285921,20.6054992089767,-254.984089975637,8319.83735104172,152.106910428486
0.2111,229.27443890647,27.9408828413196,-257.239434380854,8267.43381292358,152.084034704824
0.2112,224.16836107174,35.3386975524177,-259.419368081217,8214.41965702551,152.071681572725
0.2113,218.698265407351,42.5308943560714,-261.248032477256,8160.83156193501,152.074788823169
0.2114,213.232906974768,49.7468769930074,-263.007360697534,8106.75673067855,152.065105887954
0.2115,207.620381081248,56.8760433813084,-264.366381615118,8052.21189308259,152.090892483757
0.2116,201.741286533362,64.0030242408334,-265.615746379057,7997.28356074276,152.098064434881
0.2117,195.746601934744,70.870206535087,-266.608816185987,7942.02689211856,152.096091450232
0.2118,189.784772485235,77.6456623965723,-267.372579560609,7886.42443492503,152.089394342184
0.2119,183.46060716749,84.4366273943157,-267.920669842275,7830.6144541979,152.078544060294
0.212,177.097860229687,91.0667847947921,-268.129637229153,7774.69059594712,152.122015614737
0.2121,170.561913428784,97.7146500488202,-268.147605149684,7718.63369270556,152.08847628004
0.2122,163.877572542076,104.142808054581,-267.909034666768,7662.43985702515,152.08799152244
0.2123,157.23042985003,110.360869931867,-267.560238693661,7606.37904635979,152.083622259225
0.2124,150.179567700477,116.477604557877,-266.818430286608,7550.33704581093,152.065538338509
0.2125,143.395868847011,122.573302451076,-265.88804094169,7494.4213881782,152.073042347122
0.2126,136.337290664423,128.42905809229,-264.701974856762,7438.67869146599,152.099135189949
0.2127,129.172134582987,134.267140721468,-263.366900972024,7383.16145043948,152.059233930907
0.2128,121.937488542026,139.708112623992,-261.802374137378,7327.99536381532,152.058236723994
0.2129,114.824070833188,145.110198023878,-259.973115177837,7273.16747139106,152.062953317625
0.213,107.422435186125,150.400166559895,-257.78812076729,7218.72877730557,152.092930749871
0.2131,100.014007585216,155.437691712475,-255.517273942183,7164.75198897789,152.045371683795
0.2132,92.5893545892782,160.38433232153,-253.053134090552,7111.32774230951,152.074074650027
0.2133,85.1893372730163,165.148000250805,-250.210645349475,7058.48671126639,152.050523418933
0.2134,77.5701219240419,169.620628294244,-247.224947043714,7006.24608076862,152.063737329961
0.2135,70.0901192559366,174.029217002624,-244.171002902865,6954.68451107966,152.06526241158
0.2136,62.6454711211368,178.126077560303,-240.714636453666,6903.89457758823,152.080921568896
0.2137,55.0398952659197,182.14161439603,-237.068143547066,6853.91503956966,152.109913834696
0.2138,47.5050880610933,185.773988188295,-233.274520647891,6804.7588723078,152.062389150412
0.2139,39.9431266264373,189.446992554466,-229.234708119448,6756.49367728759,152.046106467853
0.214,32.3176157226989,192.677156811946,-225.064628628454,6709.09383791599,152.069400123057
0.2141,24.8277386443999,195.722414720874,-220.551983238156,6662.77305962774,152.058100743504
0.2142,17.225562584294,198.606412681709,-215.882542998123,6617.47953558991,152.068389507545
0.2143,9.79832150969068,201.343581034226,-211.082095445438,6573.24542980032,152.071122487312
0.2144,2.40383486769204,203.820784753781,-206.193957078908,6530.15590283274,152.050775631698
0.2145,-4.905631177395,205.966796837415,-201.030742457128,6488.20763097128,152.058314755523
0.2146,-12.2732962668656,208.048197384794,-195.667120416164,6447.55922069103,152.098417167927
0.2147,-19.5117292139024,209.804584062924,-190.190220761103,6408.10707230439,152.044981534582
0.2148,-26.8025818750483,211.323246664093,-184.621944763067,6369.91377307178,152.047457432399
0.2149,-33.868406535336,212.600433284463,-178.689859721312,6333.12349328274,152.080388575033
0.215,-40.8338235749401,213.608453947215,-172.849660028118,6297.69182871376,152.096957469145
0.2151,-47.8834027571892,214.404556743861,-166.675713979308,6263.66225922346,152.068141656736
0.2152,-54.659508181042,215.106497832308,-160.442365538747,6231.07960866184,152.072452544549
0.2153,-61.386295446383,215.485366301846,-153.937529216484,6199.95359247603,152.040667426274
0.2154,-68.0235028011346,215.534158757011,-147.403231062004,6170.34489410744,152.05024663596
0.2155,-74.3744115788166,215.432715727488,-140.86849423144,6142.30697863866,152.06040243936
0.2156,-80.8975449457464,215.033461304825,-134.096508118868,6115.81119376466,152.031057317594
0.2157,-87.1464378837727,214.488197679846,-127.321254093198,6090.93275414496,152.057460532682
0.2158,-93.273987044255,213.661992385351,-120.384525653529,6067.68363013284,152.061092592568
0.2159,-99.1869009986974,212.494356090156,-113.32122622177,6046.03294958208,152.018754521929
0.216,-105.042397565924,211.294720002446,-106.197464546824,6026.07559078169,152.034713039221
0.2161,-110.707064306129,209.607912081534,-98.961112450094,6007.84300728487,152.019589080823
0.2162,-116.312365894927,207.945539755363,-91.6859405197491,5991.3117304734,152.041891566912
0.2163,-121.551104191917,205.957503262127,-84.3407751229125,5976.45566180241,152.050157558528
0.2164,-126.765009810239,203.648451507268,-76.8587500334931,5963.35157324142,152.075132902345
0.2165,-131.640527627488,201.154500755791,-69.548430057368,5952.08049384127,152.009802062308
0.2166,-136.509619361535,198.635812556827,-62.0216339144063,5942.48963398296,152.034995340655
0.2167,-141.087953444928,195.706679632915,-54.5119331440695,5934.70313502278,152.033354075789
0.2168,-145.643336223917,192.450779368135,-47.0145842917499,5928.68732175875,152.024352395171
0.2169,-149.706208642653,189.162040416904,-39.4032123808054,5924.51074855762,152.029455746859
0.217,-153.740525034791,185.674650826988,-31.8371171464267,5922.1406932659,152.040155052703
0.2171,-157.599260542584,181.911197033313,-24.1647767295811,5921.56959560694,152.051378316323
0.2172,-161.173775352217,177.898833460241,-16.6003798423334,5922.75558870313,152.000607374641
0.2173,-164.633735110266,173.636303259568,-9.08133348951195,5925.80156541648,152.054223040004
0.2174,-167.777719669276,169.266850438869,-1.55673773525897,5930.649754799,152.00784519648
0.2175,-170.764405131156,164.805915417534,6.02910498834426,5937.28647252732,152.00579807303
0.2176,-173.4909076134,159.975611316171,13.4626354592834,5945.71576914832,152.003208518466
0.2177,-175.953963979286,155.032593259544,20.9294088146477,5955.97668784568,152.037484739749
0.2178,-178.323476208162,150.090765460414,28.3235393445876,5967.98930202442,152.015817297385
0.2179,-180.350815290359,144.515825154117,35.7730709643496,5981.74465327046,152.045465439658
0.218,-182.211749043564,139.172568600485,43.0593035771322,5997.29826491238,152.039259762676
0.2181,-183.869731193421,133.553500996635,50.3526773537913,6014.58231250805,151.991861956322
0.2182,-185.241379438445,127.811802537422,57.4264711699676,6033.62062085137,152.01003459648
0.2183,-186.343570446746,121.961597994757,64.4759728218338,6054.36435743858,152.003499100782
0.2184,-187.20295357424,115.737159471496,71.4534919547312,6076.81732973695,152.028047705072
0.2185,-187.898274259535,109.515728525275,78.3469257251485,6100.95237249826,152.041941117588
0.2186,-188.378286341188,103.325127310714,85.0346666909951,6126.74206813097,152.039073700967
0.2187,-188.558380785476,96.7449851937658,91.7290225681556,6154.10668872738,151.992763782642
0.2188,-188.381531869803,90.147430016565,98.2451197519546,6183.13791310973,152.017052309579
0.2189,-188.13516863553,83.3790682838339,104.725591156252,6213.75537175033,152.031669139994
0.219,-187.602959282558,76.5809808822889,110.962410471518,6245.91105950571,152.006754394665
0.2191,-186.84729381514,69.6787699226822,117.16874692383,6279.58337645593,152.024153174889
0.2192,-185.810871288906,62.5564836392233,123.128994547379,6314.79632248065,152.025322207126
0.2193,-184.611587704866,55.4951377040138,129.023324225164,6351.33447485035,152.000325543376
0.2194,-183.112532551274,48.3296158275211,134.701817815406,6389.46897212353,151.992359127747
0.2195,-181.313425152297,41.0517022829305,140.250037915054,6428.90096420847,151.996529276626
0.2196,-179.380043177366,33.7016385769874,145.60596559701,6469.72898271558,151.983225306677
0.2197,-177.22266488187,26.4399245456945,150.899220722282,6511.90147521021,151.987696273206
0.2198,-174.685501681356,18.8570824241765,155.875128750378,6555.29845250413,152.024756542382
0.2199,-172.184484231287,11.3833829482617,160.764443343431,6599.98175775822,151.9824891478
0.22,-169.20940835913,3.91616624553701,165.374048015897,6645.86904556741,151.988602209829
0.2201,-166.195704107384,-3.66256593906506,169.793117427897,6692.90374414695,152.001756314398
0.2202,-162.847307915165,-11.2748464989251,174.083974025515,6741.10226523245,151.9716382345
0.2203,-159.414471156769,-18.7411430192866,178.167426674881,6790.30036139179,152.007308299786
0.2204,-155.643663077765,-26.3761550738969,181.984896173162,6840.53561830798,151.988152006911
0.2205,-151.774800910262,-33.8276007550859,185.685546130224,6891.78815343492,152.020866046786
0.2206,-147.597497431651,-41.5876804598955,189.128990606952,6943.94273059068,151.972328859306
0.2207,-143.323706182482,-49.0392738301029,192.35046948831,6997.02671591811,151.964308346484
0.2208,-138.633192417783,-56.5549172512461,195.40271281681,7050.93558983486,151.979447244633
0.2209,-133.989531670743,-64.1799084996371,198.16569906539,7105.67932890517,151.996616377631
0.221,-129.097117406541,-71.6930804788898,200.756739936158,7161.14556249695,151.96620935945
0.2211,-123.978117468466,-79.0759994811094,203.076553319134,7217.30941916287,151.961819879406
0.2212,-118.709544106775,-86.4163192431758,205.190611173231,7274.05750696782,151.9975200969
0.2213,-113.224541273189,-93.7877384576613,207.119294503917,7331.42591116298,152.020268480578
0.2214,-107.680049792638,-100.823839890335,208.644631154363,7389.38767422836,151.985905164136
0.2215,-101.854600459603,-108.147667999592,210.126013114286,7447.80856751489,151.99139562991
0.2216,-95.9513970913008,-115.178234220603,211.251069121621,7506.60371973207,151.974275335893
0.2217,-90.0338099676291,-122.196110786865,212.03809451699,7565.82863453663,152.010302903468
0.2218,-83.6608284208534,-129.102376717399,212.79368641201,7625.38026053713,151.998491551223
0.2219,-77.3003760727308,-135.968259281749,213.164306577763,7685.2260168761,152.001321488338
0.222,-70.8807534160975,-142.614895029172,213.451062235981,7745.25185340365,151.961769591414
0.2221,-64.3215243825258,-149.204984410065,213.376228307147,7805.44818577096,151.963570781632
0.2222,-57.5128863664389,-155.673769021008,213.10254999612,7865.75761079099,151.933774322127
0.2223,-50.7160984409238,-161.825980302645,212.60542070692,7926.14442716728,151.996111356695
0.2224,-43.8358276383386,-168.069228340013,211.850648368902,7986.51845214854,151.964624318389
0.2225,-36.7673308838718,-174.100706296784,210.805380141928,8046.84906389412,151.996273410211
0.2226,-29.6768529015152,-179.922340874028,209.608666662972,8107.10865317663,151.982249859356
0.2227,-22.4150192048079,-185.722743571399,208.188849470971,8167.19300728642,152.00160202828
0.2228,-15.1626926386539,-191.275182297553,206.496097570453,8227.00644616638,151.945433314967
0.2229,-7.85993038790929,-196.642327997528,204.393942845679,8286.64751368585,151.995420662293
0.223,-0.34982123312606,-201.901509945699,202.289510468484,8345.90395209728,151.934600480777
0.2231,6.98096502795686,-206.926622762393,199.878124276749,8404.84075238109,151.976769606535
0.2232,14.6167592881622,-211.739372816118,197.324153760636,8463.31437280063,151.959117744952
0.2233,22.0273999083634,-216.486707882871,194.366881532768,8521.31377162548,151.971585830584
0.2234,29.614601874575,-220.826094320017,191.256265587319,8578.86634895216,151.946081508306
0.2235,37.2741558054596,-225.273286551813,188.01376749166,8635.78137522599,151.973497287929
0.2236,44.7931116678532,-229.323798412795,184.470647484882,8692.05977020866,151.962768375782
0.2237,52.4339795381441,-233.147485932457,180.773633899603,8747.70253573046,151.957584063523
0.2238,60.1080110072422,-236.891969925331,176.859925664208,8802.62916924844,151.942327308203
0.2239,67.6796223459121,-240.293055837464,172.671368483772,8856.72124253757,151.970881750369
0.224,75.2336976103265,-243.492990164005,168.365320837023,8910.06857320239,151.964389514352
0.2241,82.8387734551734,-246.56042402496,163.718295298857,8962.54544384209,151.987780656927
0.2242,90.3314110140855,-249.387307539824,159.00278348023,9014.09900067478,151.970223909975
0.2243,97.8773075694539,-251.977977710541,154.145427666179,9064.73095537645,151.950398454161
0.2244,105.303475807635,-254.342174588505,149.02572135695,9114.31612622833,151.96171259756
0.2245,112.711957855164,-256.413858955849,143.638503056217,9162.87792614376,151.950589825388
0.2246,120.170976448657,-258.256924679642,138.264934446358,9210.4006003621,151.966624776061
0.2247,127.420964552558,-259.912287607162,132.560513276044,9256.79947638026,151.968187338868
0.2248,134.525692242924,-261.343860384934,126.767358577103,9302.03125052058,151.945117100107
0.2249,141.693209558161,-262.500778565505,120.872068471383,9346.0480201142,151.966548837761
0.225,148.607159756723,-263.507471357363,114.844769790893,9388.88180497579,151.964120993055
0.2251,155.627895149362,-264.057785447541,108.440180364143,9430.45788396211,151.952359539737
0.2252,162.371184206236,-264.649579805047,102.128602256838,9470.6955134431,151.931942462859
0.2253,169.246596951509,-264.877500388541,95.6841827813822,9509.64008596106,151.936592810284
0.2254,175.830069699552,-264.758029554722,88.9528588646429,9547.1537964076,151.940115727747
0.2255,182.303406536918,-264.443041796139,82.168476799189,9583.33217203958,151.935630709983
0.2256,188.66010147105,-264.016883360534,75.4119743115086,9618.07281282247,151.948077374559
0.2257,194.822365530907,-263.177917770191,68.346608215969,9651.33254831018,151.968096642052
0.2258,200.810362482807,-262.177728272396,61.3244459476564,9683.24158968561,151.945352356434
0.2259,206.833200047686,-260.974062893214,54.1863161517656,9713.54980324843,151.932646647943
0.226,212.609132821762,-259.467467410699,46.9572516475946,9742.33005085525,151.962821522282
0.2261,218.207295344592,-257.728180017696,39.5464221339313,9769.58827453399,151.949004747871
0.2262,223.582987241463,-255.796167530448,32.2173338889467,9795.28747541667,151.943685878907
0.2263,228.904177424327,-253.638203207925,24.6356321188212,9819.43618231406,151.980777536643
0.2264,234.019019606244,-251.251109283323,17.2949681654783,9841.96893678462,151.903699434926
0.2265,238.980367970575,-248.587083531388,9.71848119546591,9862.86513435019,151.934190611546
0.2266,243.620430431356,-245.649537802397,2.08055066752055,9882.17596793864,151.977143672084
0.2267,248.195132222037,-242.632693337479,-5.53411577496296,9899.8219808732,151.935254640971
0.2268,252.501994836085,-239.265092781929,-13.2392510862904,9915.82584408907,151.93316235575
0.2269,256.588324246155,-235.752081031714,-20.8900934249551,9930.1840418032,151.9390901719
0.227,260.637085145123,-231.970264039624,-28.5863040931981,9942.85680304907,151.908190911386
0.2271,264.325864201379,-227.974863807606,-36.3437273413203,9953.87001161494,151.940661773287
0.2272,267.747982606011,-223.720088684634,-43.9453186419179,9963.26569395487,151.897715896629
0.2273,271.063602565069,-219.431356725378,-51.6465828451943,9970.87659059091,151.913340888709
0.2274,274.112587601671,-214.829518630136,-59.2160924020314,9976.93070917554,151.894630102015
0.2275,276.883316746531,-210.118211226231,-66.8965145143811,9981.23874645579,151.924128210965
0.2276,279.53051075412,-205.091175944696,-74.5481467928087,9983.87849263463,151.910415730681
0.2277,281.957896346371,-199.905522628923,-82.0104920298566,9984.85574289783,151.919507688304
0.2278,284.141797287411,-194.590378028378,-89.5993627356081,9984.11119864027,151.933512145044
0.2279,286.144274984251,-189.121172133802,-96.9463052928299,9981.82532361597,151.917878018006
0.228,287.736193657606,-183.506437890231,-104.273499363406,9977.81749437276,151.907351643938
0.2281,289.177769429312,-177.577806412703,-111.571249444737,9972.18111565788,151.916298702843
0.2282,290.354598844643,-171.606798413804,-118.800265056613,9964.97338687454,151.921325755008
0.2283,291.326761958927,-165.438728007851,-125.916993717548,9956.09133096143,151.912719634126
0.2284,292.207157020231,-159.131261569511,-132.922799657478,9945.60024787079,151.896271766605
0.2285,292.602940175745,-152.788402287675,-139.786974563745,9933.57226897558,151.916011049511
0.2286,292.841900375311,-146.212607484969,-146.521342783009,9919.99534031482,151.92369479998
0.2287,292.791800960004,-139.467662895685,-153.331829965973,9904.83598815151,151.877775079757
0.2288,292.524004541505,-132.602980637168,-159.885664253163,9888.1222213989,151.920716645086
0.2289,292.084475905463,-125.716485426468,-166.256960967156,9869.95347632108,151.900691556249
0.229,291.264375632672,-118.666012340342,-172.642890252198,9850.33935206688,151.902742366632
0.2291,290.239184144993,-111.618315561596,-178.735539836154,9829.23779388535,151.916987564911
0.2292,289.08249561267,-104.310005361942,-184.726155851769,9806.72424604237,151.912429540431
0.2293,287.617221053087,-96.9472691906831,-190.576723434732,9782.82278175673,151.933118618885
0.2294,285.847127437724,-89.5551120358454,-196.364761202321,9757.52971508265,151.894996918552
0.2295,283.98594645886,-82.1198894056461,-201.809312296156,9730.86364210963,151.924671562733
0.2296,281.802659752659,-74.5874363432351,-207.325417018962,9702.9426763413,151.902188372633
0.2297,279.399537771494,-67.0896119936235,-212.34156087796,9673.73989186158,151.92673107514
0.2298,276.698950024686,-59.339671003122,-217.382024003446,9643.3041823074,151.913907985265
0.2299,273.951793295292,-51.6048486615956,-222.228947287189,9611.67715775068,151.877109688705
0.23,270.742740920102,-44.011529846543,-226.91245281197,9578.84304104455,151.877105399588
0.2301,267.498386338023,-36.2403426109059,-231.171522783663,9544.90499042608,151.947867850046
0.2302,263.96113917848,-28.4262677472651,-235.468516879678,9509.90394195359,151.905707844339
0.2303,260.150383923927,-20.6523125786123,-239.451025783263,9473.76150683665,151.872815791175
0.2304,256.155636797831,-12.9102821874547,-243.281510151765,9436.66485954979,151.880417902081
0.2305,251.972852465903,-5.08771333054178,-246.934843568076,9398.60272417227,151.897842044676
0.2306,247.561898000425,2.61358043369339,-250.207055906999,9359.60184483084,151.884233966016
0.2307,242.934857844704,10.4399045137204,-253.356176672396,9319.69605427872,151.959154629707
0.2308,238.266921366565,18.1280779588985,-256.282944954529,9278.98147523983,151.913788305839
0.2309,233.235824876245,25.8556575880629,-259.10018861015,9237.43509358339,151.869379990149
0.231,228.064620147642,33.4580905031974,-261.555173811789,9195.12130311456,151.905427089149
0.2311,222.724302686821,41.0664073413075,-263.799221869269,9152.13077781951,151.921368590121
0.2312,217.231761194322,48.6093786560387,-265.746505788012,9108.47348653184,151.890374946259
0.2313,211.553201265367,55.9487705034533,-267.377089108834,9064.20479002609,151.903307587718
0.2314,205.6433132949,63.3890600853339,-269.042176063237,9019.34280864379,151.874188473599
0.2315,199.559743840026,70.7428415948247,-270.252583439618,8973.93971445932,151.876781504008
0.2316,193.398669661083,77.8666564322713,-271.371856164275,8928.10452174345,151.895057180398
0.2317,187.061502283353,85.0636725677278,-272.159729851371,8881.86950445885,151.895056210044
0.2318,180.605467399817,92.1004523681487,-272.676131630742,8835.14953088269,151.917662081703
0.2319,173.983709191493,98.9665041525733,-273.027611450143,8788.22479761431,151.89645871504
0.232,167.284669385535,105.808967253036,-273.093910783375,8740.97862019604,151.876984478986
0.2321,160.410469352383,112.379794860942,-272.875866674854,8693.51253174603,151.855437306378
0.2322,153.438283020564,119.05571899655,-272.377370273957,8645.85396333426,151.885393778791
0.2323,146.313765735393,125.392391864565,-271.755187915078,8598.049194331,151.894738884509
0.2324,139.245755269455,131.61727483311,-270.871803605211,8550.20443263482,151.900246410566
0.2325,131.912399151142,137.738013587704,-269.724720848276,8502.31794486834,151.858692208105
0.2326,124.50310278828,143.822899510468,-268.274995949012,8454.42606545617,151.851431503696
0.2327,117.042274313593,149.676423917714,-266.698661333358,8406.58158943118,151.901105580172
0.2328,109.565539556315,155.2391303874,-264.80249058955,8358.94735796936,151.88163100451
0.2329,102.014029321237,160.668041018862,-262.61732755777,8311.47018865052,151.900072035269
0.233,94.2599949031809,165.98328424359,-260.353993185023,8264.16456705779,151.878479135599
0.2331,86.5697318012214,171.089701087384,-257.730947911982,8217.14886007655,151.924052544478
0.2332,78.829747313678,176.035585114942,-254.834771284803,8170.43392824068,151.87062803745
0.2333,71.026602323554,180.761383389501,-251.767978771491,8124.09392252491,151.906369207584
0.2334,63.3159449887356,185.269599594427,-248.548807434564,8078.15548951734,151.865744829854
0.2335,55.4134134255791,189.561613535305,-245.132928764217,8032.6899449288,151.859872282003
0.2336,47.5959854864743,193.666726185146,-241.380043871768,7987.73273256609,151.833229967989
0.2337,39.7230968267892,197.720538280021,-237.486146830408,7943.2672628967,151.864993018053
0.2338,31.8745009067758,201.428536297838,-233.214227055791,7899.52289901758,151.847473384595
0.2339,24.1548686762532,204.831767740709,-228.861932826493,7856.30523858146,151.873770998123
0.234,16.2455326796298,208.094480546823,-224.361001672527,7813.82522421445,151.894449445564
0.2341,8.48936428166868,210.99729774925,-219.558964301057,7772.02262336397,151.863105712821
0.2342,0.679901634331483,213.91730554587,-214.584075762304,7731.02252090783,151.90126445817
0.2343,-7.01044689139189,216.473884477583,-209.456995465337,7690.8566322082,151.853155144066
0.2344,-14.6137942861032,218.769386738738,-204.120909238768,7651.54999723306,151.859017808687
0.2345,-22.2007496064659,220.845989922023,-198.595946077386,7613.08565698766,151.894279809866
0.2346,-29.8727751820342,222.785610360228,-192.889765542845,7575.59069065591,151.896480184257
0.2347,-37.2814374063429,224.34536479692,-187.138858332613,7539.08735682885,151.861985568869
0.2348,-44.7304975952329,225.89445393164,-181.071718902022,7503.55414623432,151.870086559383
0.2349,-52.0060063511181,226.867153594277,-174.87105033345,7469.10081886316,151.87389695892
0.235,-59.2205064090381,227.842990617565,-168.561023326336,7435.67366983612,151.881787086126
0.2351,-66.3371588447761,228.428083670952,-162.142032281879,7403.43861845883,151.873506366709
0.2352,-73.3735947787396,228.899811918688,-155.580489992915,7372.28134738925,151.815010561047
0.2353,-80.2427516950842,229.053740718893,-148.724525940589,7342.31264330229,151.86478326925
0.2354,-87.0063974398611,228.965665365732,-141.853327273972,7313.56482508102,151.868244471606
0.2355,-93.6795425450407,228.581349313884,-134.947755162241,7286.02899476164,151.855785408967
0.2356,-100.205042486367,228.117277966102,-127.926420569147,7259.78971647066,151.882360678389
0.2357,-106.485745756832,227.241944679391,-120.727466474107,7234.84821356628,151.858508385148
0.2358,-112.782175126286,226.015211363748,-113.439689842336,7211.18229575684,151.848338603031
0.2359,-118.77255609895,224.83750250601,-105.987576919184,7188.86075212757,151.845598881382
0.236,-124.766865832159,223.223943218158,-98.4792381958949,7167.92783593417,151.8503894749
0.2361,-130.479302124798,221.532085795621,-91.0283551107632,7148.4056595501,151.811402921088
0.2362,-136.018532434292,219.470049403956,-83.3552537723943,7130.2506668829,151.827789224743
0.2363,-141.410688937628,217.124976853074,-75.7092214549077,7113.5392251006,151.870287397638
0.2364,-146.680152850676,214.587869878876,-67.9977174280535,7098.25623571207,151.82315677091
0.2365,-151.651097857235,211.886860781901,-60.0789144818933,7084.43169464408,151.837653590347
0.2366,-156.414622280186,208.922643089789,-52.4329113671682,7072.07225173048,151.824191613216
0.2367,-161.084388125353,205.57285844297,-44.5707326867065,7061.2490037399,151.802108837557
0.2368,-165.554160967696,202.28671403845,-36.7010803255141,7051.84897407525,151.814852562803
0.2369,-169.674283889541,198.569615601566,-28.8200478290506,7043.99475595601,151.842569127028
0.237,-173.840320696744,194.619604716268,-20.8994529538813,7037.64563875189,151.850683977645
0.2371,-177.567747462359,190.624155473735,-13.0670359171412,7032.80116276202,151.83863169692
0.2372,-181.071596368347,186.29362888714,-5.19347844856884,7029.48971258307,151.830524319126
0.2373,-184.451386839057,181.769449602582,2.62780810567779,7027.72908401702,151.839973687095
0.2374,-187.658715566168,177.116207103928,10.4616082587131,7027.49257639953,151.827956463336
0.2375,-190.473055000779,172.23142279857,18.3321935574265,7028.81409900914,151.825860735826
0.2376,-193.098008084861,167.155403565341,26.0965137059408,7031.6525925487,151.849618296902
0.2377,-195.645591787274,161.888206150089,33.7509121578025,7036.01687582223,151.802807753057
0.2378,-197.723757283598,156.355792185118,41.5068612607906,7041.9072446522,151.832816819364
0.2379,-199.777960055159,150.737902571733,49.0407759585741,7049.30696071948,151.83485064274
0.238,-201.381392947094,144.860618194559,56.6022031277245,7058.28024644437,151.792550596041
0.2381,-202.883959983411,138.96654208396,63.9426155697425,7068.74856223346,151.828013276527
0.2382,-204.100969667481,132.735360898659,71.2800293250673,7080.70256589952,151.837162449005
0.2383,-205.011420127348,126.401018587675,78.70174575882,7094.143890597,151.818421882896
0.2384,-205.846133884887,120.102124243974,85.7867115190025,7109.068756881,151.841581688731
0.2385,-206.269144182576,113.375056224722,92.8525549770391,7125.48439115893,151.825095536836
0.2386,-206.516084938414,106.864999860673,99.8129596737913,7143.35013890339,151.813605186756
0.2387,-206.620046205333,99.818465105912,106.536443900944,7162.63852958199,151.806932837076
0.2388,-206.351596623669,92.9735301447652,113.496206935593,7183.27411261863,151.820577252044
0.2389,-205.86889881148,85.897961665381,119.881494186805,7205.41715693107,151.778959018298
0.239,-204.968526018807,78.6922520859787,126.380225490712,7228.8611766581,151.819373451914
0.2391,-203.953616757969,71.3195897681689,132.619587737348,7253.70707419153,151.770910737514
0.2392,-202.796245068414,64.0423172106218,138.657240526112,7279.94113308505,151.823660182359
0.2393,-201.250991111379,56.5949134339575,144.645119649122,7307.37968887929,151.790832973035
0.2394,-199.525744173171,49.0551713507323,150.450688251684,7336.1521173257,151.815506554918
0.2395,-197.499700626642,41.4290844940201,156.114257065398,7366.20591852869,151.808951957651
0.2396,-195.270686679425,33.7690206199757,161.60959620774,7397.43984213169,151.794033353155
0.2397,-192.815435065866,26.051447847016,166.889694691459,7429.91033137158,151.820283712547
0.2398,-190.189610268028,18.2829545468781,171.989289603817,7463.57666534781,151.816933590081
0.2399,-187.218679488876,10.4431238858216,176.809226064937,7498.36519123943,151.810388331154
0.24,-184.035735152412,2.60322847087768,181.483981603098,7534.21751752108,151.849254012911
0.2401,-180.751384422329,-5.30602322117579,185.857201896446,7571.21725165614,151.815661793356
0.2402,-177.096445722007,-13.2390807099109,190.212034685856,7609.23911002897,151.824607736533
0.2403,-173.189394483766,-21.0942271906788,194.327621391605,7648.25233081163,151.814891715025
0.2404,-169.13882678647,-28.9154039319659,198.128313845771,7688.2786198636,151.805181774522
0.2405,-165.022950350942,-36.9043426986631,201.790792831999,7729.18906650728,151.807171923755
0.2406,-160.483116993501,-44.7506346975234,205.238416541813,7771.02763389821,151.804513997149
0.2407,-155.76310865566,-52.6377202230672,208.380148806222,7813.70525250756,151.794893640343
0.2408,-150.921823684103,-60.3327340787715,211.314393236116,7857.23177193712,151.78401546957
0.2409,-145.842719454521,-68.2681881191891,214.094197398222,7901.52607252695,151.7773493177
0.241,-140.517119111214,-75.9308389732035,216.641818640537,7946.59677582602,151.808888721095
0.2411,-135.236013262833,-83.6356473151473,218.639915385647,7992.32279348314,151.829395488534
0.2412,-129.578696240345,-91.2572678259831,220.747017606751,8038.71860891059,151.804546312258
0.2413,-123.817794513623,-98.7402993174784,222.649068322787,8085.75583570777,151.799179536179
0.2414,-117.79066572052,-106.288304650122,224.027377380088,8133.31480232486,151.794521403586
0.2415,-111.713869608102,-113.670904480318,225.324517087242,8181.43768891653,151.840648431809
0.2416,-105.304195308657,-121.091967314329,226.367628502481,8230.01642878012,151.824658704641
0.2417,-99.0143541708807,-128.188115139733,227.134156645252,8279.05316738588,151.790005965619
0.2418,-92.3193309215623,-135.356485330794,227.632622355768,8328.47454731021,151.799212423949
0.2419,-85.6389034756315,-142.349184053175,227.916457861255,8378.28517758923,151.761665233453
0.242,-78.7892544222089,-149.115718902067,228.011836799987,8428.36737991622,151.781033419671
0.2421,-71.876620478144,-155.858374765908,227.712108015155,8478.76141991898,151.812402386717
0.2422,-64.8050854831116,-162.581394776074,227.109796225806,8529.33371001111,151.801591148766
0.2423,-57.6115193271712,-168.919626474894,226.608799330437,8580.07945088464,151.795563314586
0.2424,-50.3751826499115,-175.258131193879,225.545407056587,8630.96762399562,151.817792969029
0.2425,-43.0205799265481,-181.38093243023,224.325964422258,8681.91553514714,151.75753430568
0.2426,-35.4647296933313,-187.467927351166,222.805234139155,8732.8903933465,151.782460476618
0.2427,-27.8159676458382,-193.27258932975,221.12490211562,8783.85578554938,151.79098680087
0.2428,-20.2921519284923,-198.939484307971,219.196991620701,8834.79365913188,151.803285376102
0.2429,-12.6246258671357,-204.459133632702,217.098246574107,8885.62148153548,151.783843619379
0.243,-4.86623734704919,-209.760030168461,214.640154428538,8936.24815414535,151.753910762796
0.2431,2.91074084375265,-214.865114152435,211.919199699111,8986.76254018127,151.775652833952
0.2432,10.7825848235453,-219.788187491896,209.069225300875,9036.93087380665,151.802083756123
0.2433,18.7187627522636,-224.473309722467,205.893745555581,9086.91276793722,151.795495073619
0.2434,26.5015841510152,-229.025726208884,202.542854168969,9136.49072304292,151.818363060984
0.2435,34.4138418406832,-233.34241719929,198.819547627428,9185.75965217609,151.772694796198
0.2436,42.3837414398657,-237.536017568497,195.214934898954,9234.61153509972,151.779257842398
0.2437,50.2870506896838,-241.336948471718,191.06554003019,9282.98738568192,151.82173882204
0.2438,58.217195988819,-245.006914911112,186.69534638353,9330.84873878943,151.783640558652
0.2439,66.1882182905277,-248.532336272137,182.315894669356,9378.11012378189,151.733216635419
0.244,73.9231487412692,-251.676298254876,177.665303080435,9424.9131714168,151.769877275095
0.2441,81.9461931667598,-254.75680058994,172.733844965742,9471.03429473047,151.772288175086
0.2442,89.8552950758943,-257.516708780775,167.746819052418,9516.48296896964,151.760561752377
0.2443,97.4857718889644,-260.05736650642,162.379676611417,9561.24870370292,151.769354273439
0.2444,105.237738149199,-262.287418415168,157.025958601354,9605.24403327747,151.736300789744
0.2445,112.940064903128,-264.360315638069,151.364864648197,9648.45355320738,151.749503459741
0.2446,120.545317629821,-266.068228684547,145.560675799901,9690.90669685362,151.738645922491
0.2447,128.05760018078,-267.652854583764,139.599494257954,9732.36000536584,151.78350707997
0.2448,135.503370191848,-269.075094085986,133.466559583039,9773.10595205113,151.790633397461
0.2449,142.943839277392,-270.057739817223,127.168230611167,9812.85892608684,151.763189872668
0.245,150.095331417939,-270.863643480344,120.754381410417,9851.63287956316,151.794628703639
0.2451,157.397389141277,-271.409572581742,114.011215664384,9889.47641911196,151.737706427867
0.2452,164.314676848161,-271.636380242289,107.396792577108,9926.19306950283,151.747836007569
0.2453,171.222141384053,-271.867454642715,100.438413530243,9961.92736481091,151.763072068623
0.2454,178.133354549622,-271.574149673561,93.5017674811039,9996.57235898756,151.754435207314
0.2455,184.668409297195,-271.104246001702,86.2696709374201,10030.1208549449,151.765707064973
0.2456,191.278396994082,-270.405465426071,79.1179323414969,10062.5127151795,151.733688894958
0.2457,197.65384454225,-269.430336018294,71.7724492991846,10093.814070034,151.754655145865
0.2458,203.904073579094,-268.285605736581,64.380241054515,10123.8328742977,151.764468397017
0.2459,209.958131719097,-266.937853373511,56.8817954815704,10152.6598589405,151.781365113693
0.246,215.81168033431,-265.083448051934,49.2827028294017,10180.3106875205,151.754387679013
0.2461,221.694356528125,-263.179331672256,41.6336510915076,10206.6680713389,151.761064828059
0.2462,227.159996471594,-261.006984344529,33.8076077380348,10231.7208389604,151.756667668494
0.2463,232.516220293242,-258.542500743495,26.1114039896067,10255.5140093381,151.733852456644
0.2464,237.676101871316,-255.885629353468,18.2399795460595,10278.000698013,151.751181932281
0.2465,242.761410943894,-253.003971153803,10.3667639710295,10299.1442929787,151.7316057017
0.2466,247.499092730711,-249.897553499337,2.43044501688026,10318.9552602122,151.753541657318
0.2467,252.086289801381,-246.542665922499,-5.64770113440853,10337.3723696235,151.758404541374
0.2468,256.368645227039,-242.895356820775,-13.5678128696923,10354.5048217493,151.781347093009
0.2469,260.687231532396,-239.108788959952,-21.5725970816076,10370.1833536673,151.737070141794
0.247,264.733890416357,-235.014673596701,-29.5763939651967,10384.5238003022,151.716116965495
0.2471,268.342993080231,-230.668530931272,-37.4769376229857,10397.4792581727,151.773202582522
0.2472,271.893749617112,-226.249641644144,-45.6154023264501,10408.9497992116,151.759830048887
0.2473,275.119555786397,-221.587666830982,-53.5605524041374,10419.0723017088,151.766420796426
0.2474,278.193364939213,-216.68734842275,-61.5024358055305,10427.7729435568,151.741341241315
0.2475,281.014813116433,-211.637553950278,-69.3897790831783,10435.0404790736,151.736725652917
0.2476,283.63034460235,-206.358977419889,-77.2780880230572,10440.9300430476,151.767937712443
0.2477,285.936044196995,-200.9276935818,-85.1096691273337,10445.3924507918,151.713117942816
0.2478,288.072704338739,-195.247419676152,-92.7401957218846,10448.4049242891,151.730758135569
0.2479,289.918979123577,-189.306881274604,-100.529165956586,10450.0192108367,151.723141940018
0.248,291.499982883114,-183.330602666144,-108.074333680275,10450.2425965248,151.779538178475
0.2481,292.793989121897,-177.166524825617,-115.674488770631,10449.0272921578,151.741813371502
0.2482,293.94496215951,-170.818303334218,-123.13374493558,10446.4320647638,151.726493076065
0.2483,294.73482018414,-164.327018647062,-130.400360523116,10442.4850509615,151.704939047249
0.2484,295.400073116355,-157.726604987456,-137.786125644022,10437.0964142902,151.756609422627
0.2485,295.809065919194,-150.913670711939,-144.900601609038,10430.3637377324,151.715099879671
0.2486,295.916657563782,-144.025033516244,-151.817365321252,10422.2821188386,151.737206459446
0.2487,295.723794445334,-137.014544834903,-158.858655538553,10412.8482157704,151.713794427766
0.2488,295.34474798727,-129.912405512383,-165.566047354972,10402.0538242635,151.718941246652
0.2489,294.674469693538,-122.615268225574,-172.217525996816,10389.9602000435,151.726603061036
0.249,293.792199395017,-115.094104902357,-178.680719362187,10376.5508069716,151.736229178745
0.2491,292.541421809377,-107.650280233171,-184.931763300301,10361.9235039122,151.723791968279
0.2492,291.132318945553,-100.045174354121,-191.220933251795,10345.9768438094,151.724120603856
0.2493,289.486906622471,-92.4365327243238,-197.19784721212,10328.8255408202,151.712792522119
0.2494,287.674693683381,-84.718568189112,-203.002015495677,10310.4448261834,151.744705016773
0.2495,285.528950682097,-76.7865046640873,-208.709725968499,10290.8649666449,151.735621887233
0.2496,283.104688128081,-68.9411876367118,-214.07451629007,10270.1013777659,151.683038169976
0.2497,280.450633960508,-61.0177719196125,-219.406162221051,10248.2207477532,151.730090354105
0.2498,277.509230358356,-53.0381932253932,-224.497246562258,10225.1874435776,151.709212077615
0.2499,274.441203932347,-45.0530978809293,-229.383381991896,10201.0844164188,151.721424736957
0.25,271.136413422517,-36.9916346635052,-234.019570604632,10175.9157154969,151.696710225581
0.2501,267.471637686202,-28.9477486151343,-238.579212515028,10149.7160606032,151.708531300506
0.2502,263.65866040826,-20.8929222502073,-242.92579474369,10122.4793270429,151.697026501733
0.2503,259.620659755011,-12.7217873722772,-246.873130189487,10094.2651117091,151.707021544557
0.2504,255.446716244062,-4.67862925093467,-250.712566590406,10065.1436447639,151.722069620164
0.2505,250.981900849574,3.48410677182016,-254.380009644808,10035.0994800353,151.717482201934
0.2506,246.285221469134,11.5130082229491,-257.710109144669,10004.1653234882,151.660347622968
0.2507,241.400660070295,19.5434646464242,-260.931276471758,9972.35163053072,151.703690712037
0.2508,236.217353036523,27.4794762420958,-263.910172647678,9939.79311728384,151.740741659653
0.2509,231.021767867438,35.4244520068543,-266.53326240216,9906.47448588061,151.72435305418
0.251,225.487799617556,43.4367562807866,-268.984467397674,9872.36915066006,151.687370685318
0.2511,219.936783499068,51.2668387615392,-271.271057646477,9837.48911173525,151.715742494213
0.2512,213.953219111615,59.0480425684781,-273.019135543651,9802.10791188535,151.742088413221
0.2513,208.009559318453,66.7986638648726,-274.771803002101,9766.01411539092,151.674656299618
0.2514,201.671456898947,74.4939159704725,-276.34421588097,9729.37500416841,151.709194711796
0.2515,195.445367677489,81.9687419206748,-277.521375398614,9692.18219996331,151.697929718653
0.2516,188.9571820927,89.5089482783715,-278.417876126879,9654.41455238498,151.733666763925
0.2517,182.29877113069,96.7806241692486,-279.168527697307,9616.21942976361,151.716435277965
0.2518,175.495600053605,104.107910190584,-279.484593937305,9577.63093727168,151.701432495958
0.2519,168.444215484502,111.203428966587,-279.728591456279,9538.60250057431,151.699024691928
0.252,161.378249270588,118.205970251317,-279.727095531959,9499.27737654675,151.707002969073
0.2521,154.271900034249,125.02803987697,-279.436083814964,9459.6335014814,151.668828363224
0.2522,146.867492549124,131.944392507854,-278.726705282353,9419.74231386663,151.694507847587
0.2523,139.519832058471,138.541913496486,-277.846493356886,9379.64189088465,151.728992705762
0.2524,131.931145190796,144.982965799854,-276.748771002053,9339.31612926483,151.695540129879
0.2525,124.323099759244,151.21052783137,-275.410984074877,9298.84611527994,151.665661613509
0.2526,116.57283451167,157.342371513364,-273.896523774567,9258.3283754093,151.685503473872
0.2527,108.826237866778,163.247761067002,-272.078628986782,9217.73804050095,151.69712106647
0.2528,100.86663157772,169.055758539644,-269.964395558763,9177.16052505623,151.692413915885
0.2529,92.966524845451,174.710058061151,-267.614715617033,9136.58218792021,151.707965194745
0.253,85.0444146714884,180.025276109098,-265.030471026727,9096.08214180138,151.673521242072
0.2531,76.9955135567558,185.180211936473,-262.145017142393,9055.70793079637,151.677358703905
0.2532,68.8317764471769,190.240367915079,-259.219007169918,9015.49710407608,151.726711366719
0.2533,60.8498867914108,195.131224701532,-255.872919435394,8975.46385192442,151.699575547543
0.2534,52.637871000674,199.771199811156,-252.383617843455,8935.71737573528,151.662935658242
0.2535,44.458725515609,204.144398326659,-248.570461019089,8896.21164399244,151.679919699578
0.2536,36.3441021978917,208.305607082567,-244.529585596838,8857.05267147019,151.704475486529
0.2537,28.135395277832,212.246947157163,-240.411002609438,8818.18194201737,151.705447015993
0.2538,20.0049716406347,215.907127539842,-235.926995571963,8779.7737851068,151.651405809513
0.2539,11.8747035067564,219.458991909738,-231.303835150373,8741.80404719792,151.694902923007
0.254,3.69314559854485,222.723017191418,-226.487571208428,8704.32139624634,151.675701346644
0.2541,-4.34953919422119,225.820584617114,-221.358363989246,8667.33731517985,151.615547595193
0.2542,-12.4092520530167,228.651557395274,-216.201896871292,8630.84951657258,151.694499024148
0.2543,-20.450482604067,231.117370398154,-210.829150565724,8595.00886160291,151.705737721867
0.2544,-28.3392143809616,233.45972059093,-205.120421245166,8559.84294680094,151.691242971651
0.2545,-36.2424198169019,235.54204159399,-199.115157959783,8525.22951467075,151.673427964101
0.2546,-44.0390428967893,237.301460232771,-193.294810845333,8491.38554739165,151.672769084234
0.2547,-51.7915726239109,238.86480361988,-187.164111733474,8458.22504721496,151.665378199252
0.2548,-59.4314474616391,240.202009956504,-180.850250340522,8425.9021752183,151.715785143346
0.2549,-67.099576898897,241.207846793222,-174.282990720877,8394.29056704494,151.68708203192
0.255,-74.4614194025313,242.045420044666,-167.530223991322,8363.53443050494,151.692784237097
0.2551,-81.8327202662269,242.613483664674,-160.878280797144,8333.64098252624,151.685661973292
0.2552,-89.0409908876684,242.870264888729,-153.87287463102,8304.63883469158,151.694731585954
0.2553,-96.1512559566133,242.87415213059,-146.790292153891,8276.54432842748,151.670608562658
0.2554,-103.118064317378,242.702751813971,-139.623509590309,8249.40247914269,151.681548618893
0.2555,-109.971195518247,242.195598752183,-132.286747246582,8223.23248834544,151.66632972511
0.2556,-116.733371045836,241.431034628145,-124.814155256407,8198.08401559582,151.685691798193
0.2557,-123.224346863845,240.56187415797,-117.304886040091,8173.95477862542,151.683419432928
0.2558,-129.565285488853,239.230502234645,-109.630119898226,8150.85118007482,151.674360967183
0.2559,-135.907370023801,237.802105685641,-101.957463079994,8128.84741464523,151.657546899615
0.256,-141.907746908264,236.04736602837,-94.0648584794559,8107.93884694251,151.699916900859
0.2561,-147.800112869105,234.007506647496,-86.3364870169077,8088.09968917431,151.644721610206
0.2562,-153.549847518453,231.715489385931,-78.2926587367888,8069.43378052557,151.677384919833
0.2563,-159.010060417263,229.255347831395,-70.1557132148461,8051.91616727351,151.654767720327
0.2564,-164.314190934243,226.543906293371,-62.2197353295563,8035.51590458578,151.653249622923
0.2565,-169.466143969952,223.500638826127,-54.1195099173169,8020.38363593456,151.664318114864
0.2566,-174.358194119905,220.301018455934,-45.8974061124745,8006.42196860727,151.663802630565
0.2567,-179.071610129961,216.92469234548,-37.7211846633817,7993.68266782842,151.669152208061
0.2568,-183.594948626824,213.207706619359,-29.5645946517175,7982.16203319332,151.666640727747
0.2569,-187.969730943234,209.259107715553,-21.3187631482483,7971.88180864939,151.643481268263
0.257,-191.990889735166,205.10697977962,-13.076047585377,7962.84073604233,151.674856519911
0.2571,-195.841812496762,200.796419645189,-4.9327097422556,7955.08918663325,151.687610263211
0.2572,-199.443724133353,196.240305206837,3.23409784455448,7948.55538114725,151.605743364479
0.2573,-202.834881750244,191.342466279788,11.3345446109002,7943.37177847271,151.629458419249
0.2574,-205.938732183592,186.402235889685,19.5998422290342,7939.36564678459,151.660438943241
0.2575,-208.741731542251,181.160452638906,27.579440128594,7936.7603954016,151.629388093013
0.2576,-211.471879306463,175.807553420301,35.8292054925894,7935.36884508123,151.659746035454
0.2577,-213.870448288284,170.164991113331,43.7194697895848,7935.28685591436,151.64344022108
0.2578,-216.080949697523,164.461128708582,51.6677489737275,7936.4830630769,151.635103987404
0.2579,-217.882732089282,158.399039198463,59.4980181295217,7938.96437788976,151.616870840023
0.258,-219.655779417263,152.257020400823,67.3258412418537,7942.7628523325,151.588262664774
0.2581,-221.053600148263,145.999351346097,74.992542558972,7947.78942025027,151.60966749492
0.2582,-222.178264618326,139.545472512091,82.6680847302969,7954.1278982208,151.645968775413
0.2583,-223.126890628395,132.964754323675,90.1873540973457,7961.77637546819,151.635699449397
0.2584,-223.713135792509,126.107379765662,97.5872147924651,7970.67721977016,151.652969385362
0.2585,-224.150157827688,119.242820825788,104.80880528593,7980.76083714527,151.623840424613
0.2586,-224.199831818951,112.191278100863,112.0528119961,7992.21255047495,151.64513292077
0.2587,-224.135522418444,105.026054543852,119.107567414756,8004.79838879135,151.635113323687
0.2588,-223.690751828775,97.7174674495213,125.992261600319,8018.60008509177,151.606380668098
0.2589,-223.158046805936,90.2220411224232,132.73547171524,8033.70609474174,151.64853318657
0.259,-222.206950115002,82.7274115249563,139.380957267524,8049.97177185699,151.620248258839
0.2591,-220.955434701503,75.196406545437,145.864175790154,8067.4248787049,151.631650779702
0.2592,-219.527968643261,67.3884246863173,152.1534880421,8086.04854298276,151.637199827731
0.2593,-217.856767367035,59.6016091089184,158.316305136068,8105.82403738004,151.620927983764
0.2594,-216.011476249021,51.7368853383272,164.302837136317,8126.7163527979,151.645339528469
0.2595,-213.739054866823,43.7277906413794,170.076130377617,8148.7307601498,151.638712077816
0.2596,-211.47659894198,35.7944529192897,175.651882733666,8171.82442358179,151.614435206768
0.2597,-208.614659756011,27.6687960836125,181.096501501487,8195.9948190666,151.616174849484
0.2598,-205.819804100369,19.5250009779572,186.215819308197,8221.25727686257,151.618898394665
0.2599,-202.622146130077,11.3982753236685,191.331689652713,8247.44166732744,151.624033355253
0.26,-199.204899004422,3.08883879064807,196.115501197216,8274.7095372922,151.6211693609
0.2601,-195.518784190728,-5.01380925345691,200.642137741467,8302.90410816454,151.601195064556
0.2602,-191.713212493975,-13.356555778205,205.068484684768,8332.1019392588,151.614829186753
0.2603,-187.644660168037,-21.5100995979687,209.143233038667,8362.19504066159,151.642317956435
0.2604,-183.350210805836,-29.7293072160539,213.006041839496,8393.17995782712,151.612196086851
0.2605,-178.793511936226,-38.007106378271,216.765265549846,8425.01923444208,151.648853427915
0.2606,-174.114360672779,-46.1297192652397,220.230995989135,8457.69432720993,151.624514668808
0.2607,-169.128222798362,-54.310548345277,223.411607425665,8491.20813312832,151.576404309724
0.2608,-163.954675541007,-62.4123905967529,226.428860136786,8525.48424880995,151.60603474551
0.2609,-158.499099389599,-70.6398933982161,229.222699042135,8560.41696594044,151.592610033473
0.261,-152.985247382873,-78.6063320694501,231.628567381409,8596.09988669113,151.619403064758
0.2611,-147.283299966267,-86.5663506303802,233.807735814513,8632.51056092249,151.617011397902
0.2612,-141.230823920181,-94.529740887147,235.919714548809,8669.52220134976,151.581186904551
0.2613,-135.277491029873,-102.247012076971,237.530076016709,8707.15123238561,151.632092167932
0.2614,-128.964620892025,-110.067633117388,238.969539142575,8745.33463989886,151.602427228254
0.2615,-122.526135678832,-117.661743577396,240.242535052782,8784.07423251453,151.606916520119
0.2616,-115.878148757469,-125.317145617209,241.241286299558,8823.33309215547,151.601892569121
0.2617,-109.090587126178,-132.822583154404,241.903828207301,8863.04748651747,151.602366352716
0.2618,-102.277971439545,-140.138650132369,242.421750860932,8903.13518328914,151.591525517084
0.2619,-95.2707446286402,-147.442438211584,242.62098735556,8943.68045838665,151.607512385117
0.262,-88.0433813190231,-154.378925280382,242.496417989472,8984.59101792999,151.620365966376
0.2621,-80.7065308373103,-161.437333947341,242.169734153102,9025.75022012946,151.582960504828
0.2622,-73.3453725424565,-168.292330486755,241.557354954929,9067.24671714781,151.594647573286
0.2623,-65.7736649447383,-174.946253013219,240.680922084175,9108.96780897839,151.602763470834
0.2624,-58.0896092613186,-181.585896680277,239.611087846149,9150.88512424853,151.612430357924
0.2625,-50.4240634511809,-187.920005164746,238.289337816646,9192.98842551238,151.610891800577
0.2626,-42.5818609224184,-194.070083181561,236.685994720124,9235.15763268009,151.622096753196
0.2627,-34.6740167647953,-200.014887736077,234.700146194476,9277.46567798455,151.619806194137
0.2628,-26.7569803029664,-205.823850611711,232.523118360103,9319.79882326529,151.602271582832
0.2629,-18.6589917954761,-211.571522305495,230.195885937254,9362.21380676897,151.590334778171
0.263,-10.5620037690722,-217.047057947236,227.584561281122,9404.52539142927,151.58419152531
0.2631,-2.41463192785582,-222.30133919953,224.780086091531,9446.82432702059,151.590452545825
0.2632,5.70769224929164,-227.377690616182,221.587193922322,9488.97450791219,151.633699329147
0.2633,14.0057690947473,-232.177330770979,218.247902595365,9531.0158766169,151.630974980425
0.2634,22.1978014669974,-236.826328092072,214.659235981809,9572.88164622506,151.598064937016
0.2635,30.5353256169079,-241.335584744664,210.815702778891,9614.47320542492,151.589724720196
0.2636,38.7590664030398,-245.465041814181,206.749999353145,9655.84971447231,151.584493034385
0.2637,47.1159184396605,-249.386581942564,202.421676523441,9696.90209195113,151.565135989808
0.2638,55.4126887015745,-253.300510021891,198.018234232012,9737.71138611936,151.595287631182
0.2639,63.5001045624555,-256.827218058259,193.298167578099,9778.1188260508,151.592755669135
0.264,71.7620312109704,-259.956401644848,188.179138539016,9818.11578042236,151.593614238659
0.2641,79.9836628560585,-263.148506771982,183.142309117973,9857.68524440807,151.534758869542
0.2642,88.0704061216556,-265.850413904316,177.813092154422,9896.79521669884,151.559068861945
0.2643,96.1608470065892,-268.36693058326,172.238631189151,9935.35087199584,151.599483024706
0.2644,104.213026763842,-270.734015710627,166.398032630643,9973.40751913376,151.605494351485
0.2645,112.166041096732,-272.725436284894,160.525993311082,10010.9005858182,151.570713764061
0.2646,120.112719828124,-274.555818205343,154.375300218044,10047.768708273,151.592952276457
0.2647,127.897802613978,-276.081054866846,148.142914441829,10084.0116816909,151.567516650176
0.2648,135.709123850431,-277.386261217221,141.716540192733,10119.5841737417,151.574010856505
0.2649,143.432052984495,-278.408474867607,135.071245116127,10154.5105339016,151.579101434872
0.265,150.813376877256,-279.182619314707,128.271494836686,10188.625916099,151.602294127902
0.2651,158.283079355105,-279.672291958466,121.426516698076,10221.9962314609,151.565715682766
0.2652,165.567618252182,-279.870224756145,114.334553334423,10254.6395348734,151.534321378651
0.2653,172.669198615394,-279.86507072711,107.113764602974,10286.4271550928,151.607766581694
0.2654,179.760694432444,-279.614753423301,99.8074664912632,10317.3634529057,151.538820338758
0.2655,186.743527513869,-279.134852996921,92.3184685443887,10347.4831867059,151.572024028104
0.2656,193.449110314943,-278.187966487823,84.7870530950705,10376.6915800013,151.583451120484
0.2657,199.994032315392,-277.08933322726,77.1269579739621,10404.9382877814,151.553184853358
0.2658,206.402753741528,-275.812416479132,69.2537851056437,10432.3179033103,151.544376584533
0.2659,212.745495958324,-274.267167537581,61.447770470795,10458.7206979417,151.567494787209
0.266,218.856418522885,-272.334742123741,53.5306366624266,10484.0853867027,151.557585806605
0.2661,224.827516007536,-270.267652156971,45.5486997279947,10508.5225921537,151.593498058871
0.2662,230.547849656599,-268.006452400539,37.356114733224,10531.8533291522,151.564743046985
0.2663,236.139885741604,-265.273143946335,29.1207651853616,10554.247228907,151.556673013257
0.2664,241.4885827478,-262.412218118547,21.0387076528378,10575.5265084921,151.561282724444
0.2665,246.582421055907,-259.377429187694,12.8406169566223,10595.7423933791,151.584504991738
0.2666,251.586078584081,-256.090976700373,4.53997034900581,10614.8747015641,151.526055173367
0.2667,256.155738655123,-252.364177476529,-3.70834305506373,10632.8813192294,151.570626905122
0.2668,260.770866368229,-248.662990285851,-12.0645350824544,10649.7604158469,151.55867993727
0.2669,265.08807955899,-244.671559997466,-20.4137424069747,10665.5901729333,151.549394392297
0.267,269.093596128574,-240.358867007742,-28.8377462526574,10680.1879935425,151.575691891609
0.2671,272.868017571916,-235.792720183329,-37.0873739358949,10693.6595126067,151.508585071088
0.2672,276.443460757967,-230.9834328934,-45.4117203605692,10705.975541505,151.539323234332
0.2673,279.891433723442,-226.247686971382,-53.781898850119,10717.1846794284,151.553053596342
0.2674,283.060644598526,-221.016156034841,-62.0909406763777,10727.1960079354,151.554205744753
0.2675,285.789624675978,-215.615689556235,-70.2297979809024,10736.0296052623,151.573524000089
0.2676,288.55459400201,-210.037995687804,-78.4515365734521,10743.6141944601,151.544538056485
0.2677,290.884889899476,-204.326391922505,-86.5140711352059,10750.0974779626,151.529427629003
0.2678,292.969866141134,-198.31841993332,-94.62817456939,10755.3204744093,151.529094066842
0.2679,294.83706428697,-192.230872403467,-102.643688088785,10759.445149893,151.52345869769
0.268,296.482201808586,-186.015492306031,-110.55956142231,10762.3658200542,151.556432969986
0.2681,297.762402295009,-179.485615135266,-118.254297599035,10764.0278128812,151.547022512902
0.2682,299.050752478299,-172.782260107296,-126.180672287567,10764.6263729668,151.566806949792
0.2683,299.685085326153,-166.040244705865,-133.804225240351,10763.9784529655,151.513553009147
0.2684,300.235545495615,-159.066097209241,-141.247439148895,10762.1072159809,151.572239323196
0.2685,300.703204096829,-152.000159375483,-148.677101347831,10759.1247042579,151.528855505549
0.2686,300.608700585024,-144.758107705813,-155.918370224488,10754.963882935,151.552837259712
0.2687,300.4084195953,-137.389518570364,-162.948191815547,10749.7176361229,151.530724077178
0.2688,299.910312790918,-129.808708760053,-170.132088570312,10743.2666421515,151.561338976137
0.2689,299.144111605175,-122.223571220056,-177.000390813718,10735.7114950895,151.543662909669
0.269,298.246825875394,-114.60509804699,-183.591032924964,10727.0060846789,151.569817658481
0.2691,296.949618543634,-106.692614779273,-190.074538051079,10717.2341508397,151.540387789406
0.2692,295.357866938172,-98.83896655368,-196.623021490204,10706.3472022452,151.525731196156
0.2693,293.669653488115,-90.7665487438122,-202.742287247221,10694.4108512819,151.524613916706
0.2694,291.637842317899,-82.6524128731025,-208.839395387701,10681.3519800572,151.514516916006
0.2695,289.253890315509,-74.5655246922354,-214.625150762369,10667.237763802,151.559811946804
0.2696,286.663371379061,-66.3063052572084,-220.370803361496,10652.1357645817,151.50809350314
0.2697,283.878551615179,-58.1373787839801,-225.818593710308,10636.0465909866,151.504915732933
0.2698,280.790286969883,-49.6331571272989,-231.061047349221,10618.9629570829,151.544976667845
0.2699,277.471146983097,-41.5311117616383,-236.044097203432,10600.8620335636,151.537473329408
0.27,273.878337549596,-32.9577588798652,-240.900214486451,10581.8372489269,151.547862976428
0.2701,270.187169249742,-24.6203769454463,-245.509630174193,10561.8753427271,151.508485343013
0.2702,266.099656034263,-16.2357031610445,-249.988372740273,10541.0343929052,151.506963413514
0.2703,261.74620876458,-7.70709599101872,-254.17804181658,10519.294661326,151.524987780835
0.2704,257.428069520168,0.676122148099261,-258.104700407558,10496.6807747784,151.522835948341
0.2705,252.736365919376,9.01911666955034,-261.7965284101,10473.271130235,151.532468259985
0.2706,247.735248622307,17.4157642080287,-265.282397681643,10449.0560236988,151.534536854729
0.2707,242.707877694113,25.8265199052394,-268.480593166235,10423.9916150586,151.540073701488
0.2708,237.242935757052,34.1044262633225,-271.565992907232,10398.2744084168,151.485214268508
0.2709,231.73322008346,42.4096580748589,-274.205309707737,10371.7857716517,151.557346034427
0.271,225.979993845703,50.7188392017986,-276.637915835755,10344.6530694027,151.48912048455
0.2711,220.155074696165,58.8283156840872,-278.952113355746,10316.7627729556,151.51219062639
0.2712,213.887489585912,66.9875957389126,-280.887083648621,10288.3037485434,151.519728871919
0.2713,207.694585724491,74.9098087610515,-282.608891027255,10259.2431186808,151.565260163589
0.2714,201.132711617289,82.9363887705546,-284.041004328717,10229.6133711286,151.522437623778
0.2715,194.451629165729,90.7547574263921,-285.232736243718,10199.4600391225,151.524298550465
0.2716,187.688803601013,98.540860751649,-286.139610535218,10168.7382439787,151.506452698238
0.2717,180.639938812853,106.000063061619,-286.855337380388,10137.537236577,151.523295087092
0.2718,173.662170298637,113.633545937552,-287.305185020239,10105.9746067447,151.526503905584
0.2719,166.310085483213,120.981456327331,-287.412318427665,10073.9411392896,151.545275203696
0.272,158.897103573253,128.310067263431,-287.312991984139,10041.5630882854,151.507506116411
0.2721,151.374025589625,135.566241065828,-286.92069195776,10008.8261986277,151.506564295505
0.2722,143.819058467628,142.321797735945,-286.211573731584,9975.80034123245,151.509853436495
0.2723,136.085921807527,149.191574717811,-285.315889002172,9942.50018329219,151.523146240102
0.2724,128.256363175954,155.883503034892,-284.045183629141,9908.92503830093,151.504163233951
0.2725,120.190212916784,162.430615252586,-282.698707518527,9875.1747763444,151.503226358121
0.2726,112.245627376215,168.790874765582,-280.917423792003,9841.24502003078,151.497137466427
0.2727,104.194179391075,174.948899512645,-278.965888765793,9807.1471407615,151.50301244756
0.2728,95.8276694397641,180.926641373928,-276.705228280155,9773.03276896053,151.488080878599
0.2729,87.5331192499734,186.579826958158,-274.212736177772,9738.81451469616,151.491954352585
0.273,79.2547824761375,192.162033378137,-271.580121451015,9704.54031012548,151.498146671763
0.2731,70.9519568616044,197.582188296431,-268.551097914139,9670.31353612644,151.498370381724
0.2732,62.5528442642381,202.77900602215,-265.304297405048,9636.10276222807,151.523712029744
0.2733,54.0227270350986,207.818681440129,-261.801680018384,9601.98726862428,151.508386130179
0.2734,45.4927591490957,212.525379513929,-258.0451113061,9567.96001987754,151.491397035907
0.2735,37.1513100781538,217.037951059048,-254.234566315734,9534.0779906595,151.520312865615
0.2736,28.5189157445697,221.430866735856,-250.044849554518,9500.41684771111,151.485431852192
0.2737,20.0669225727128,225.368704859589,-245.53338073577,9466.90760945832,151.456704526201
0.2738,11.5209487820629,229.227947915202,-240.906540379584,9433.66187788564,151.49684231495
0.2739,3.14204401740608,232.830159970756,-236.08008487369,9400.7355060248,151.497120886601
0.274,-5.36452898958599,236.251527638863,-230.869777125842,9368.0789932262,151.526588820919
0.2741,-13.7363461786412,239.300647226208,-225.568525145309,9335.77554603655,151.509564489263
0.2742,-22.0459197629173,242.094952414142,-220.076247025339,9303.87735115565,151.507435470061
0.2743,-30.3900298462978,244.876710143763,-214.472834969462,9272.36623693212,151.495630806208
0.2744,-38.7158998252345,247.230541437972,-208.532954716658,9241.3078601537,151.487806504959
0.2745,-46.7929029991051,249.244552323144,-202.492105454315,9210.73607797699,151.434202536736
0.2746,-54.9658007017633,251.139542616718,-196.087119852028,9180.65552550766,151.491797373838
0.2747,-62.8933226506268,252.752035643392,-189.665633747267,9151.11197090147,151.508972565807
0.2748,-70.8934926652231,253.966618925576,-183.206248241302,9122.11039926871,151.476374607081
0.2749,-78.7511700100194,255.079835916173,-176.276941974302,9093.6706881552,151.49769615805
0.275,-86.4906989077785,255.822544884413,-169.349528050545,9065.88110827386,151.477776353847
0.2751,-94.2180466601278,256.391961556921,-162.188024315039,9038.82782403813,151.513435113563
0.2752,-101.527387131989,256.611519839367,-154.911541143325,9012.36616780541,151.521746904105
0.2753,-109.061893686156,256.586476373929,-147.572837010002,8986.56537972586,151.490958786746
0.2754,-116.242994618993,256.291920354668,-140.035452231005,8961.53616233265,151.455464061057
0.2755,-123.361272760553,255.755262506407,-132.397854461337,8937.22432787245,151.46110138255
0.2756,-130.238677944174,255.03076979959,-124.755128155114,8913.72763302359,151.464438893113
0.2757,-137.046242110269,253.951025935426,-116.719606898457,8891.00556841793,151.41298843916
0.2758,-143.705815132037,252.433562574364,-108.922022179952,8869.15789442195,151.437605794291
0.2759,-150.08641398644,250.856265760651,-100.763091379625,8848.09459512196,151.465711448334
0.276,-156.425788463304,249.063239378341,-92.6597643217212,8827.91434515204,151.465473879321
0.2761,-162.443624560868,246.875968004515,-84.4082466203246,8808.64831467112,151.461165966664
0.2762,-168.359600831857,244.576192636452,-76.1219314823902,8790.20482658127,151.449785504022
0.2763,-174.136199868136,241.849054714663,-67.8159307526959,8772.70196067256,151.436962270488
0.2764,-179.639283454945,239.102774500066,-59.4789277929306,8756.16742315727,151.473180213165
0.2765,-184.893673908025,235.864529335785,-51.0015485100576,8740.54384494449,151.480502908578
0.2766,-190.046928540805,232.495452778263,-42.4364063724783,8725.91129483161,151.4630937722
0.2767,-194.899559255981,228.803711942413,-33.9465831817957,8712.23649910546,151.440218056478
0.2768,-199.581456066743,224.988248625573,-25.4183335101936,8699.56367135876,151.461008159626
0.2769,-203.919491506808,220.833820172172,-16.9265027780255,8687.91130975141,151.41769271411
0.277,-208.086042321821,216.382187579403,-8.42122884858561,8677.24635572083,151.500742461129
0.2771,-212.120440908925,211.898687764983,0.21014070747317,8667.61378176759,151.464527640691
0.2772,-215.762053661131,207.129364678154,8.62785951423138,8659.03026863092,151.425160508095
0.2773,-219.378692745347,202.123167391377,17.1590451696964,8651.5185821388,151.426310037443
0.2774,-222.470626561151,196.846652678563,25.7476796934456,8645.04549706416,151.459372971999
0.2775,-225.519245299637,191.465191412604,33.9674013408213,8639.59202342894,151.469686482908
0.2776,-228.206482048494,185.689048165645,42.4789836736818,8635.18124166785,151.43876076312
0.2777,-230.711111255188,179.84555977728,50.7083958568619,8631.88474805778,151.44454379408
0.2778,-232.797503062393,173.879621490505,59.0321328599513,8629.61692214035,151.457895559083
0.2779,-234.71555230748,167.579154612361,67.1236196528191,8628.45393136011,151.421473419448
0.278,-236.536073251539,161.219040603326,75.2911374536876,8628.3457036588,151.462440122956
0.2781,-237.957035686639,154.602282508159,83.3160363552764,8629.35893391295,151.434174254564
0.2782,-239.132129099086,147.864435801956,91.1916078843165,8631.34975530169,151.491079234179
0.2783,-239.952048182111,140.963002397215,98.9423044663764,8634.51279763649,151.433927880168
0.2784,-240.61133924544,133.812778283118,106.746432218081,8638.66258631608,151.474520945313
0.2785,-240.954747908269,126.676011406094,114.39282648689,8643.926648161,151.450366742111
0.2786,-241.025350310102,119.348903702097,121.806562988781,8650.19099093927,151.412924344048
0.2787,-240.861779263241,111.757193329671,128.987500039273,8657.53706935749,151.475547176749
0.2788,-240.565947314568,104.197292977181,136.211823823714,8665.84659301663,151.401475622516
0.2789,-239.694279066641,96.4190403086925,143.366996107488,8675.28048308819,151.475059090339
0.279,-238.744466653091,88.5641948710417,150.107972361237,8685.77072171211,151.448642198057
0.2791,-237.474723518654,80.6606405569617,156.852139590347,8697.17778065336,151.470349497966
0.2792,-235.972450439001,72.5783955946242,163.404900740786,8709.61326988066,151.432573427757
0.2793,-234.166994362156,64.5191039387397,169.726559972105,8723.10160724303,151.457830811387
0.2794,-232.162104581202,56.19548845986,175.92525494067,8737.54888877131,151.422192919519
0.2795,-229.86400382962,47.9352026412392,181.926930752879,8752.87489855536,151.432090165163
0.2796,-227.334583989403,39.4660140739262,187.722574389049,8769.17803066515,151.426769341022
0.2797,-224.459992306505,31.0576956561146,193.3274890223,8786.49030223991,151.437661622556
0.2798,-221.439630658791,22.7439384739336,198.649266840321,8804.62031655953,151.437128806075
0.2799,-218.063527130003,14.1856666036595,203.850963945528,8823.68481056284,151.425068799739
0.28,-214.562576098242,5.61990332609171,208.885912748399,8843.65320932032,151.427870492107
0.2801,-210.768277916516,-2.8728723743236,213.570530396264,8864.47146813282,151.454359417042
0.2802,-206.584009115413,-11.4373815026268,218.142921028157,8886.15174078345,151.472205078862
0.2803,-202.321977448526,-20.0345505746173,222.402107232403,8908.61719561021,151.470299042907
0.2804,-197.868034016733,-28.5790644038488,226.458508329634,8931.92149667927,151.395838763569
0.2805,-193.133598612967,-37.2556215391053,230.222893166974,8955.9400899923,151.406217970616
0.2806,-188.115003664016,-45.6442272688788,233.84895072064,8980.7165479224,151.434097770947
0.2807,-182.937902118295,-54.1312157283751,237.127439679369,9006.23774646113,151.395497895929
0.2808,-177.487396775839,-62.6655396080979,240.222952548699,9032.50558524503,151.418667059237
0.2809,-172.009154157206,-71.0690773538482,242.975372973681,9059.41714956838,151.420805541916
0.281,-166.205214017755,-79.4474808386952,245.566843784081,9086.99348898972,151.423633197372
0.2811,-160.135349556751,-87.7430278787116,247.976687079138,9115.18184341133,151.414479356497
0.2812,-153.910569827956,-95.9687674463455,249.99100218588,9143.95412286991,151.406929818241
0.2813,-147.592390063357,-104.135429323966,251.721746770093,9173.37352937578,151.423808118422
0.2814,-140.990880941117,-112.162395529301,253.20761076349,9203.29824184548,151.407996508168
0.2815,-134.27173633957,-120.200188403131,254.400590120733,9233.73837203824,151.420104399983
0.2816,-127.355061525924,-127.981272376438,255.450562178575,9264.66031974567,151.4241869906
0.2817,-120.362860590588,-135.785946827706,256.15500399661,9296.03858383099,151.408672858107
0.2818,-113.098215421572,-143.557853802192,256.600598811618,9327.91193764623,151.428492787566
0.2819,-105.783888172341,-150.992170412944,256.76160352405,9360.04760685116,151.443906877879
0.282,-98.2803569800683,-158.451714928575,256.695553594749,9392.67796802522,151.421141677521
0.2821,-90.5823203398266,-165.607476049775,256.353896434209,9425.63155792168,151.405203630711
0.2822,-82.9724507288051,-172.651167615596,255.580219358559,9458.82808301719,151.409617461051
0.2823,-75.0170297077471,-179.571379274991,254.805329887056,9492.3446832453,151.372599177925
0.2824,-67.13114978237,-186.433003620251,253.495228209921,9526.14111539068,151.364505363974
0.2825,-59.0470316951294,-193.188436721966,252.156486893399,9560.12243165499,151.387345599132
0.2826,-50.8636370877098,-199.456186291613,250.467370345754,9594.30405948893,151.365491705383
0.2827,-42.5699523262809,-205.623634285463,248.509462342973,9628.60081427184,151.42716566477
0.2828,-34.4235294907051,-211.914072376917,246.210911100872,9663.07892883487,151.40996938593
0.2829,-25.9454907166853,-217.637565488464,243.622231754639,9697.60422203702,151.378627257862
0.283,-17.5000600181591,-223.361007502424,240.883006653587,9732.19964827761,151.388366328441
0.2831,-9.09079205553805,-228.820777919332,238.030214623531,9766.84136044434,151.398067742887
0.2832,-0.551176346967595,-234.06455033755,234.710089237883,9801.38555209096,151.398061929015
0.2833,8.04016783346945,-239.133779642718,231.069332244212,9835.98369456058,151.388543905192
0.2834,16.6299490368555,-243.979556725888,227.346874799331,9870.50188451897,151.401805076195
0.2835,25.1984302578508,-248.552416414303,223.327459242855,9904.87282838372,151.37942820418
0.2836,33.8665369746129,-252.912731112625,219.11731051356,9939.1712345364,151.363554282951
0.2837,42.3740953663897,-257.102334581237,214.661507761863,9973.24904343537,151.426478140657
0.2838,51.0352729590276,-260.862116427139,209.878337969978,10007.185686246,151.366493449095
0.2839,59.5756073522485,-264.620224922802,204.992023613936,10040.8676480479,151.375949114251
0.284,68.1670751112548,-267.935927818884,199.844354069664,10074.2922800438,151.414778696017
0.2841,76.695933128714,-271.137991030019,194.381159510903,10107.4465861981,151.37238223613
0.2842,85.1420386619542,-274.090369411157,188.845254720343,10140.2238227714,151.400291366982
0.2843,93.5855497718982,-276.670026697172,183.08537061987,10172.7458902244,151.369283194105
0.2844,102.001331139145,-279.042911955072,177.009766099247,10204.7932470035,151.400524823287
0.2845,110.347138916372,-281.091063559384,170.935272743645,10236.5476856938,151.411723878155
0.2846,118.428671969124,-283.059881342579,164.582626959602,10267.7973934587,151.359328868843
0.2847,126.600184893783,-284.568207081686,157.973183685909,10298.6040055484,151.382340553937
0.2848,134.718718138064,-285.957919997569,151.196907446037,10328.9563015616,151.389080002421
0.2849,142.656567787632,-286.929937166621,144.370096814615,10358.726885228,151.39893969038
0.285,150.368221598945,-287.799818635833,137.229967511104,10388.0215737516,151.391417160379
0.2851,158.179674844646,-288.316391406788,130.133434662108,10416.7122787887,151.386015878763
0.2852,165.811256455816,-288.518974285353,122.726882223061,10444.8319321066,151.381066291319
0.2853,173.226563989293,-288.42486776305,115.317450741586,10472.3150329269,151.379364094155
0.2854,180.653123413081,-288.157483815803,107.530321926258,10499.1902400639,151.341017854606
0.2855,187.705420754318,-287.514023112302,99.8110955591812,10525.3662768399,151.363315297507
0.2856,194.755436305744,-286.698355800679,91.9970344796357,10550.8866698966,151.326213211823
0.2857,201.568047864567,-285.723133214918,83.9460907067225,10575.7060373867,151.385228787531
0.2858,208.283418779901,-284.213604539256,75.936450243215,10599.8092617569,151.371074755362
0.2859,214.791200858109,-282.565817639155,67.7155293913128,10623.0927409468,151.34974062307
0.286,221.199522943941,-280.625049792678,59.4275194021297,10645.6269930442,151.369457517841
0.2861,227.395667343997,-278.462482884798,51.0751513558578,10667.4033462739,151.369884291
0.2862,233.362730817432,-276.025435813101,42.6654387548903,10688.3940611659,151.3577896864
0.2863,239.027659625197,-273.396670694686,34.2015044356628,10708.5052041596,151.342028900982
0.2864,244.637474288905,-270.33740403289,25.6512234500217,10727.8491356243,151.355954565983
0.2865,249.934511193346,-267.167494546959,17.0763966391189,10746.2515333612,151.349454726289
0.2866,255.164198993442,-263.584402650246,8.48307367992493,10763.8669922963,151.347778393766
0.2867,260.020758572123,-259.990082106447,-0.113715371924745,10780.5122690636,151.386212590336
0.2868,264.735490153529,-255.959520497265,-8.79186301354488,10796.3364615166,151.357252684725
0.2869,269.164685959802,-251.730888082943,-17.5675139289761,10811.2624466792,151.359312084813
0.287,273.441076446363,-247.302001349239,-26.1276884193451,10825.2189669468,151.360680778029
0.2871,277.268782209152,-242.581857058034,-34.8390640991733,10838.2722183485,151.337157519193
0.2872,281.126122482826,-237.685395412013,-43.5325778623858,10850.3855494765,151.322965900145
0.2873,284.789444005822,-232.537334315525,-52.130838768178,10861.543482066,151.392092740633
0.2874,287.939819588836,-227.069831133413,-60.7365129829645,10871.7255878238,151.354528726449
0.2875,290.743184197667,-221.661793036043,-69.2701813650446,10880.9946269453,151.391810863515
0.2876,293.61502359595,-215.737354825615,-77.8413319118744,10889.2461314771,151.351135178753
0.2877,296.128250516842,-209.834972661153,-86.2517643308817,10896.5590508852,151.316330203731
0.2878,298.450260380828,-203.633466096675,-94.6733860792741,10902.8906795212,151.333944924578
0.2879,300.238408062994,-197.251021888646,-103.001499717585,10908.2305988109,151.345952998211
0.288,301.967067204499,-190.807435018026,-111.180281929413,10912.6134765673,151.361742067608
0.2881,303.345816135415,-184.003483654252,-119.335028730719,10915.9981367371,151.385782654627
0.2882,304.51847059659,-177.106031251142,-127.412332584693,10918.4161027728,151.337217129229
0.2883,305.401418159187,-170.094226058051,-135.336644812375,10919.8287053507,151.360025985737
0.2884,306.008340720579,-162.809164090407,-143.199284498715,10920.2816060558,151.32965866945
0.2885,306.295862884731,-155.401467826827,-150.887020905216,10919.7050464591,151.334677753259
0.2886,306.367154372501,-147.769114393964,-158.469610965471,10918.2306544051,151.328506315853
0.2887,306.067791223227,-140.2330986881,-165.829537899558,10915.7596304601,151.359877283755
0.2888,305.582321503689,-132.355989059698,-173.142742909053,10912.294529211,151.356453841405
0.2889,304.785896756004,-124.503811876444,-180.385963693827,10907.9597063513,151.341827125737
0.289,303.808979617772,-116.536824373252,-187.320362489455,10902.6029223963,151.303165922051
0.2891,302.53961887918,-108.418059743096,-194.115961896921,10896.3060413896,151.36128756006
0.2892,300.924245515079,-100.088714310516,-200.750738315102,10889.0468921873,151.338992324312
0.2893,299.047004459342,-91.8941152982991,-207.196394010076,10880.9545899216,151.350623935868
0.2894,296.813656578333,-83.3805820523983,-213.501815710446,10871.9232749882,151.355412458176
0.2895,294.575946090844,-74.9176604545628,-219.584755653785,10861.9679190415,151.310919628381
0.2896,291.940786245054,-66.5156679567196,-225.566355738363,10851.1512379894,151.337191460249
0.2897,288.966500483394,-57.8706432400818,-231.122361365685,10839.4468093423,151.355820987209
0.2898,285.790595712911,-49.2052318550444,-236.59745747754,10826.875428823,151.298920655041
0.2899,282.375338166043,-40.5057443062215,-241.887243607587,10813.4940792053,151.33100255358
0.29,278.785442307184,-31.816025989907,-246.911375250338,10799.2319289795,151.325826271223
0.2901,274.782213168918,-23.0500104241636,-251.741777929982,10784.1764670073,151.318685323971
0.2902,270.752134720381,-14.2469424984411,-256.323202991114,10768.3820267042,151.281469989063
0.2903,266.172504779749,-5.57164972314601,-260.694684421305,10751.7290064306,151.328701749856
0.2904,261.613832773195,3.31727578294976,-264.75498033387,10734.3845493411,151.343379966104
0.2905,256.676133236762,11.9656632407006,-268.668518367172,10716.2333574082,151.317972833529
0.2906,251.618183109995,20.7643118409943,-272.26733425294,10697.4254032063,151.322185897609
0.2907,246.212036538368,29.3009779174413,-275.696348333108,10677.8980848554,151.333343427277
0.2908,240.750600659951,37.9979885609554,-278.692673726616,10657.6710572807,151.299678445209
0.2909,234.980464203836,46.5928149946181,-281.687614362671,10636.8406459629,151.301982375238
0.291,229.046452974162,55.1197715556845,-284.136249038653,10615.3339158055,151.302031070038
0.2911,222.846173735458,63.6245867498639,-286.549200524646,10593.2417084627,151.340022544332
0.2912,216.547435927797,72.0711609958869,-288.536241045443,10570.5549899272,151.341127597799
0.2913,209.994755013204,80.3876254075277,-290.320468706627,10547.3288771615,151.314682524917
0.2914,203.221947427068,88.6924713469116,-291.862943059305,10523.5368656188,151.291579306013
0.2915,196.315804828284,96.7803144486547,-293.20691759488,10499.2539531108,151.296403572538
0.2916,189.279571405064,104.872512544709,-294.099353106345,10474.4905259499,151.31891966472
0.2917,181.979934694714,112.832621937499,-294.77643217697,10449.2361971592,151.318535506355
0.2918,174.621383516439,120.709892861046,-295.260787422859,10423.6043814191,151.315654242461
0.2919,167.13325640162,128.353858227938,-295.493674461491,10397.5175936756,151.3358938437
0.292,159.411220265899,135.957281955046,-295.405542970038,10371.0499326674,151.275283582425
0.2921,151.579839163212,143.302164774616,-294.944068339009,10344.2177748099,151.311874787443
0.2922,143.60989821616,150.549939618835,-294.293978064166,10317.1325993497,151.313367268533
0.2923,135.660145621973,157.75027321049,-293.362641992926,10289.7013643678,151.315553376187
0.2924,127.475794823776,164.599729396006,-292.08787160436,10261.9773296023,151.326240410793
0.2925,119.231692046953,171.372003516485,-290.686803254463,10234.0939847533,151.309683625907
0.2926,110.865123843106,178.001112566714,-288.852948485876,10205.8770952535,151.317940218201
0.2927,102.432823448083,184.407503710738,-286.893910714186,10177.6348584451,151.280323097727
0.2928,93.9227014157425,190.602900679485,-284.618149960566,10149.0994857836,151.289544845185
0.2929,85.3854336636879,196.697965999449,-282.000469753766,10120.5024611249,151.265192067737
0.293,76.7485750018335,202.50648610957,-279.173984015616,10091.8138621221,151.273648600631
0.2931,68.1011870064861,208.05728090434,-276.120095307432,10063.0454272065,151.272279963021
0.2932,59.3642805022039,213.393841466394,-272.762208638974,10034.2458637203,151.281396891537
0.2933,50.4930506272649,218.612398583383,-269.144963645033,10005.382311431,151.307674477784
0.2934,41.6204284570692,223.610856512304,-265.307321123044,9976.61206506237,151.297547564891
0.2935,32.8995512063921,228.230830720631,-261.193892223546,9947.86317383845,151.322827284099
0.2936,24.0729637826605,232.883896385159,-256.857488248498,9919.1804605934,151.278850821159
0.2937,15.2266914213698,237.022995717096,-252.332854828141,9890.60303979882,151.284841666798
0.2938,6.47392668397073,241.009772254126,-247.458989961815,9862.1558775589,151.272349073109
0.2939,-2.40611499579974,244.754130321487,-242.379991689738,9833.91070937561,151.264650580612
0.294,-11.0822380136506,248.311215497607,-237.230973498725,9805.80059748113,151.28031605988
0.2941,-19.8461198505374,251.588105164047,-231.726746490795,9777.94498046643,151.271983375546
0.2942,-28.561815193325,254.527706236875,-225.967053164291,9750.3054317895,151.263133516454
0.2943,-37.1825216051506,257.27646621651,-220.154601743671,9722.95438278329,151.287327158553
0.2944,-45.813815363261,259.755627966538,-213.89912678358,9695.90412610729,151.242990239226
0.2945,-54.2907479892334,261.892884701327,-207.602250576623,9669.21463507151,151.292259190154
0.2946,-62.7818250638144,263.807209776024,-201.178906964249,9642.77393917731,151.263163876356
0.2947,-71.0382504502765,265.509549277161,-194.420681427197,9616.83177080877,151.272636496213
0.2948,-79.397684337,266.863002768294,-187.598509697989,9591.22294449956,151.285532496729
0.2949,-87.4763061590387,268.029085197081,-180.56619567135,9566.03740524488,151.290966539539
0.295,-95.4949561973405,268.801183864954,-173.33195754056,9541.33344653391,151.288181308111
0.2951,-103.39673618519,269.430215118787,-166.012840820067,9517.08407625776,151.285797306749
0.2952,-111.273280734902,269.784777090549,-158.420313155826,9493.34307660916,151.247425353049
0.2953,-118.943651112991,269.814583924346,-150.790558992497,9470.11485068315,151.302614280799
0.2954,-126.421550393764,269.470131846028,-143.028146473515,9447.46537898497,151.295774685844
0.2955,-133.821383035353,268.890505204692,-135.094289527954,9425.35129910053,151.246631076482
0.2956,-140.97086956187,268.068604413701,-127.036571693795,9403.80409562586,151.251895621001
0.2957,-148.029252404978,267.014522064338,-118.92110921845,9382.88274994161,151.26571324819
0.2958,-154.975806242314,265.578101380914,-110.611014504379,9362.61390755013,151.224881949054
0.2959,-161.664393060635,263.944062084751,-102.348638952036,9342.99325642319,151.254576580531
0.296,-168.213011073085,262.060587893205,-93.826864165557,9324.00186278853,151.229001736478
0.2961,-174.680892080203,259.854628197463,-85.3210537867602,9305.70926243689,151.278856513003
0.2962,-180.753081490497,257.367024046032,-76.6395146999776,9288.1168002886,151.229993570649
0.2963,-186.667026112176,254.607886312752,-68.001558947435,9271.27010814917,151.270430338072
0.2964,-192.27237315706,251.62918979283,-59.3553257984009,9255.15541361658,151.274098775446
0.2965,-197.829051725795,248.43265362054,-50.6107617083424,9239.70891153836,151.258924891314
0.2966,-203.093008962764,244.995251991466,-41.7649276547335,9225.10843211168,151.258810547365
0.2967,-208.255344394457,241.215264097861,-32.9177083116016,9211.2527524218,151.223565814917
0.2968,-213.204892665317,237.220244354086,-24.0917042766866,9198.19261022104,151.229862408719
0.2969,-217.673625479273,232.951296787534,-15.1763040990367,9185.91021512189,151.25252080812
0.297,-222.058585991522,228.365377183904,-6.27249740192743,9174.47617233953,151.255590931784
0.2971,-226.355078102074,223.623554113432,2.47039499932371,9163.8484946837,151.245145525403
0.2972,-230.118286084913,218.806222780082,11.3130082554241,9154.04720992173,151.222786235998
0.2973,-233.728565831565,213.540569436029,20.1031502840841,9145.13040999261,151.233467539057
0.2974,-237.101803651029,208.096600964032,29.0391351346029,9137.00323201245,151.261903123516
0.2975,-240.352635897021,202.41580666283,37.8685930634833,9129.72432988918,151.264152708032
0.2976,-243.0856326956,196.672284784412,46.4207097362127,9123.35437367756,151.276947031247
0.2977,-245.523443755963,190.591330831195,55.0539685886792,9117.84390105048,151.254327083367
0.2978,-248.014784520161,184.258933703874,63.6441647159594,9113.16482440641,151.258895368538
0.2979,-250.048005307446,177.838320768055,72.1883632315023,9109.3757029841,151.225590206445
0.298,-251.85394957148,171.246923688439,80.5716267537837,9106.56050387451,151.202254415371
0.2981,-253.34045206693,164.472547591556,88.981622739736,9104.46904686948,151.203804855493
0.2982,-254.602593832594,157.435609906161,97.1651611637681,9103.34476167663,151.248313973292
0.2983,-255.574646294814,150.274514976255,105.364838077052,9103.05618585772,151.221186553524
0.2984,-256.232780146294,142.967748801841,113.315862566498,9103.72991479556,151.220370780222
0.2985,-256.668262595823,135.491159341142,121.194523698291,9105.26129095667,151.216659329124
0.2986,-256.756050228037,127.728055857803,128.998942658611,9107.65969947335,151.196651325967
0.2987,-256.610220031877,120.058523509999,136.536210259954,9110.87105675265,151.250576779424
0.2988,-256.093310173216,112.20744894689,143.979621386317,9114.97952027363,151.224898486507
0.2989,-255.498197566642,104.094797598344,151.27122615821,9120.00585916536,151.24878616959
0.299,-254.478621474988,96.0307135230828,158.402844067975,9125.80735199823,151.217658999093
0.2991,-253.247030611214,87.7337477263769,165.477460221925,9132.5485385224,151.198942592603
0.2992,-251.640410158782,79.4536664313107,172.306454220419,9140.08669283892,151.238895297809
0.2993,-249.758701253755,70.9133785165467,178.926954566395,9148.43615828144,151.263844927453
0.2994,-247.743540697211,62.3211575215961,185.367215152,9157.65330048796,151.237108899076
0.2995,-245.46994849877,53.7868293486151,191.654160208554,9167.678735514,151.237056981948
0.2996,-242.807150383361,45.1743200658261,197.604298928594,9178.55539343189,151.243408151532
0.2997,-239.866610407458,36.3602044506359,203.477987644423,9190.1615810454,151.19751895011
0.2998,-236.681167636584,27.6093209309661,209.056051028241,9202.57431639204,151.179322479295
0.2999,-233.248323525629,18.8377374498795,214.520567846958,9215.77326220447,151.257347398825
0.3,-229.58137749525,9.97348841314178,219.624637777877,9229.68893778993,151.217129646729
0.3001,-225.704718479372,1.13360063531618,224.630152652803,9244.40337425686,151.178813653855
0.3002,-221.58139405322,-7.74382586760992,229.256439510228,9259.86194578624,151.212609784595
0.3003,-217.066871504678,-16.7759586369231,233.865564538209,9275.97449952333,151.200785460014
0.3004,-212.513789231207,-25.6102819673158,238.065471452858,9292.81272289992,151.212045995974
0.3005,-207.628894624714,-34.5613837562334,242.025648845396,9310.3369014433,151.215288500132
0.3006,-202.428835355717,-43.4066214308401,245.800696348623,9328.5391439753,151.211854525316
0.3007,-197.114172880611,-52.1572664898453,249.273713163613,9347.31575740903,151.22202312289
0.3008,-191.525221024592,-61.0613634930811,252.533260118051,9366.78274438919,151.193994353329
0.3009,-185.671475638022,-69.7457801140604,255.494910998141,9386.85794819486,151.201491779475
0.301,-179.693254484282,-78.3644009815707,258.198826302856,9407.50069749023,151.205238881732
0.3011,-173.527977193602,-87.1015968492542,260.695191681944,9428.7120268423,151.185423644938
0.3012,-167.182459907319,-95.6116436066712,262.704417300651,9450.50198768022,151.186474874924
0.3013,-160.552101565645,-104.035906131824,264.643851470953,9472.75778502579,151.208224958654
0.3014,-153.661758777831,-112.52558781611,266.378972526876,9495.55217622924,151.169882329344
0.3015,-146.736739487433,-120.814323569249,267.43337768903,9518.81732411677,151.161852804356
0.3016,-139.679855167095,-129.033268582628,268.556613795577,9542.55694533326,151.191696571033
0.3017,-132.400057839707,-137.130505958437,269.397812435283,9566.74152541175,151.21573460646
0.3018,-124.854865879997,-144.991818325382,269.920346928186,9591.32509842357,151.17395147723
0.3019,-117.160148836688,-152.880733829827,270.22524056451,9616.28372795661,151.190535746232
0.302,-109.403428551111,-160.567784984639,270.112807757596,9641.60965433009,151.207167526645
0.3021,-101.528608857994,-168.049957750698,269.783395896436,9667.29111684201,151.196748361412
0.3022,-93.5540220055796,-175.609158943913,269.04890481132,9693.28943732899,151.160587372416
0.3023,-85.4948584970653,-182.793783428083,268.216902724718,9719.58774252898,151.171381430066
0.3024,-77.2307153653963,-189.823953335023,267.067170453574,9746.11907036207,151.194348009693
0.3025,-68.8459966102242,-196.749312592595,265.548050483489,9772.86799611267,151.186411474649
0.3026,-60.320659410182,-203.413105770229,263.846361598259,9799.8897771337,151.203520297657
0.3027,-51.8262485063819,-209.968053713831,261.744088355891,9827.05626957527,151.181358441356
0.3028,-43.3706302082973,-216.434098589306,259.518224502363,9854.44619150878,151.224900068026
0.3029,-34.5917639981514,-222.403000860443,256.972122757904,9881.91853174165,151.201618531957
0.303,-25.8166668570885,-228.39875102531,254.161523962493,9909.52810121028,151.153713162125
0.3031,-17.0676932829688,-234.067878751987,251.111507958425,9937.15933758985,151.159421839616
0.3032,-8.17374585230751,-239.649348503968,247.83670122904,9964.91541409915,151.172295517868
0.3033,0.666395076908004,-244.862640204736,244.117507840115,9992.6854200826,151.165883388496
0.3034,9.61198336682312,-249.945002133623,240.26453095203,10020.4676636102,151.208107909178
0.3035,18.6040296782692,-254.680494631139,236.132279170909,10048.227207279,151.188199768695
0.3036,27.476283979336,-259.287181387176,231.792800989885,10075.9491995286,151.170301082776
0.3037,36.3394958742938,-263.591003746662,227.229733653185,10103.5646538881,151.189254290803
0.3038,45.3051911444794,-267.674426512942,222.40847169323,10131.14559858,151.168550919009
0.3039,54.3328078674335,-271.518839322708,217.211748917104,10158.4835603331,151.155390566932
0.304,63.1457908443059,-275.101352892863,211.97260032179,10185.7784406829,151.136171527334
0.3041,72.0649007393129,-278.448503413109,206.346656631896,10212.8492369085,151.184055474824
0.3042,80.9523693685521,-281.478295079518,200.587560776305,10239.7588632462,151.18006035488
0.3043,89.5872105261076,-284.271143755103,194.69538785243,10266.4637873495,151.160647831764
0.3044,98.365379358241,-286.871406277118,188.538225437072,10292.8602679855,151.130330852216
0.3045,106.986176006789,-289.09115508237,182.094004433506,10319.015678212,151.19108221633
0.3046,115.42413395534,-291.068577245144,175.603539924393,10344.775895714,151.146089534927
0.3047,123.973290683007,-292.786287154416,168.75987836382,10370.3489137639,151.133501155896
0.3048,132.283067356604,-294.161454243971,161.849970443854,10395.506558733,151.141063495675
0.3049,140.632575668265,-295.391531825939,154.745274487128,10420.3194180397,151.156348863233
0.305,148.743083097707,-296.24040113369,147.49270983354,10444.7685154309,151.174901667945
0.3051,156.730319062373,-296.839476074826,139.947493264381,10468.7623260818,151.122150960239
0.3052,164.786185386484,-297.199436727159,132.372211598236,10492.3334492734,151.13457336259
0.3053,172.645191200555,-297.161797724886,124.532896024156,10515.4761343083,151.163710164885
0.3054,180.088038796856,-296.944418898082,116.699009333263,10538.0647295854,151.160778100799
0.3055,187.608193276735,-296.385095656044,108.708254052151,10560.24029754,151.120906927949
0.3056,194.935070071247,-295.539591570556,100.558670110717,10581.8672818027,151.15631777739
0.3057,202.183498599894,-294.483792595098,92.2640081643193,10602.9663478326,151.111276769426
0.3058,209.03664378067,-292.993202574081,83.9653135011429,10623.4698290737,151.165632304602
0.3059,215.863352374997,-291.342233552134,75.401028971754,10643.439012474,151.134609325061
0.306,222.612998199889,-289.408487459673,67.0196968264233,10662.7979001648,151.183899217207
0.3061,229.004590635943,-287.242584647736,58.2760089514933,10681.579671217,151.13559931068
0.3062,235.233810855363,-284.753966814474,49.5189342447219,10699.7268498904,151.146739418182
0.3063,241.275897031341,-282.032703373691,40.8081805184096,10717.252626773,151.104711803212
0.3064,247.069369677098,-278.908861648546,31.890553386773,10734.0564885691,151.121973077355
0.3065,252.695435762825,-275.770245533667,22.9876589276531,10750.2258937781,151.135467406932
0.3066,258.128473614492,-272.164342549038,14.053552326636,10765.7612573439,151.110359858215
0.3067,263.290969846662,-268.429820550082,5.07385689915257,10780.5611039496,151.082658284115
0.3068,268.066034014602,-264.296984646516,-3.8683788785044,10794.6348399889,151.136817778212
0.3069,272.810645806736,-259.900699671039,-12.8707755788174,10808.027290776,151.131474577812
0.307,277.304736161225,-255.386776177813,-21.7413036377209,10820.6231087257,151.116043388367
0.3071,281.395271763186,-250.570818473904,-30.801996549847,10832.5441648937,151.107045495767
0.3072,285.453199427592,-245.597706718703,-39.8404703178242,10843.7066671815,151.150437987459
0.3073,289.099575571301,-240.195154534271,-48.9068153361619,10854.0569119492,151.111087130628
0.3074,292.471923039728,-234.704042273058,-57.7851742303487,10863.721140554,151.153027689655
0.3075,295.666088523112,-229.082090172538,-66.7651110364428,10872.5752860953,151.128375913489
0.3076,298.556835733534,-223.097825305744,-75.4369393073394,10880.6645698936,151.161144507486
0.3077,301.208808088174,-216.860840698406,-84.293111558957,10887.9486199551,151.137300358026
0.3078,303.621141513019,-210.54453473767,-93.0138838727426,10894.4154531368,151.125427255083
0.3079,305.660601171041,-203.910028280366,-101.643185406329,10900.1237885595,151.123388623043
0.308,307.489100762012,-197.231963008138,-110.138317801447,10905.0331394371,151.124118177988
0.3081,309.039790304194,-190.3921498381,-118.688658663173,10909.1343245463,151.140200555776
0.3082,310.183600216904,-183.221838622841,-127.110056393902,10912.3998517258,151.116313291595
0.3083,311.217188185305,-175.873281927623,-135.295494035824,10914.8887904781,151.093789064939
0.3084,311.889815666376,-168.510472371946,-143.445418745348,10916.6009548281,151.094661233521
0.3085,312.344623776709,-160.879249810868,-151.413108206608,10917.482754593,151.133863417862
0.3086,312.412325730514,-153.102364105391,-159.35463566457,10917.5424251986,151.09437320806
0.3087,312.322232364509,-145.231077287978,-167.080089384278,10916.8537841089,151.119891420082
0.3088,311.916369784029,-137.219525817277,-174.676654708667,10915.2536687092,151.12214245908
0.3089,311.147131935949,-128.89610635284,-182.049422788481,10912.9686422356,151.148421574001
0.309,310.150809656868,-120.717007454235,-189.42666173375,10909.8560416224,151.123229280866
0.3091,308.937009748836,-112.263871273812,-196.553365289097,10905.9640640995,151.073624742742
0.3092,307.191901305512,-103.681472096825,-203.555673292626,10901.3064660649,151.105552776497
0.3093,305.394465454082,-95.1805972426908,-210.306794442393,10895.8453532421,151.120418528774
0.3094,303.259998382098,-86.5226073263666,-216.773348974696,10889.6280741393,151.098976492823
0.3095,300.905434534767,-77.7322388159438,-223.105838118714,10882.6342268862,151.102383990041
0.3096,298.224294293494,-68.8928621287216,-229.375851436432,10874.9488963122,151.119900589326
0.3097,295.246684776501,-60.0379866904594,-235.281494965122,10866.45401086,151.088189948482
0.3098,292.147302253156,-51.0611136167107,-240.983952855949,10857.2697652459,151.11843359568
0.3099,288.528595164517,-42.0699234658289,-246.480424576056,10847.332510233,151.106509674231
0.31,284.837897532582,-33.0485492660282,-251.729415109787,10836.7360012361,151.081191686814
0.3101,280.837663196658,-24.0681509553074,-256.798486600205,10825.3713801596,151.140744556441
0.3102,276.639398243853,-14.9219580910585,-261.771552041946,10813.4042667491,151.123892415291
0.3103,272.142926073814,-5.82529140932982,-266.262196772898,10800.7028516334,151.161937760411
0.3104,267.346913322692,3.24314295601794,-270.595906383745,10787.391379562,151.06681258251
0.3105,262.383334476702,12.3419149471923,-274.645522224179,10773.3883373506,151.069429969279
0.3106,257.2177349893,21.264367223414,-278.52977686279,10758.8001543957,151.10634572525
0.3107,251.690042977103,30.2714432078092,-282.016596691203,10743.6124173429,151.111772046015
0.3108,245.90290502383,39.3684912284954,-285.347886306187,10727.7959156606,151.085761655046
0.3109,240.041835809706,48.2710097321564,-288.274242863311,10711.3942548623,151.066504278327
0.311,233.961190132176,57.1272474105493,-291.089333584809,10694.4525683103,151.075425094603
0.3111,227.698844018134,65.9078185704649,-293.639243075011,10676.9989197087,151.081437050386
0.3112,221.121875621881,74.7046763536788,-295.75264647611,10658.9226017348,151.056746807305
0.3113,214.282801335267,83.3407267825924,-297.726004984517,10640.4254030739,151.081129084296
0.3114,207.507322180425,91.955009011788,-299.329851669385,10621.3922291688,151.108207938214
0.3115,200.320409732141,100.379595599234,-300.717741120381,10601.9242109295,151.077689827323
0.3116,193.05843574072,108.750421070374,-301.802210046258,10582.0317593055,151.083823007338
0.3117,185.62277776637,117.075492918617,-302.609082793965,10561.6573990575,151.079666937521
0.3118,178.046311540003,125.200607681089,-303.212384182006,10540.8968074214,151.068637244366
0.3119,170.262861901693,133.21135845716,-303.414755704958,10519.7684228985,151.051581354804
0.312,162.275177683243,141.113230680869,-303.465121580514,10498.2337525709,151.098359741476
0.3121,154.284530108462,148.797779743328,-303.107209257494,10476.4305133021,151.064410230192
0.3122,146.184574591626,156.349151375751,-302.595457217408,10454.2857304291,151.084569847081
0.3123,137.827434510263,163.789360618708,-301.583720646379,10431.7999348724,151.05854461768
0.3124,129.404051365358,171.035704836939,-300.4277632319,10409.0580334228,151.060944074762
0.3125,120.907861088414,178.121564707916,-298.920552216357,10386.06373642,151.07748601344
0.3126,112.32716335545,185.016394649206,-297.257942685037,10362.8506297495,151.037185715488
0.3127,103.559214822309,191.569919849897,-295.224377097002,10339.3866298518,151.088078429137
0.3128,94.678859126787,198.177699783914,-292.881462594792,10315.8178505329,151.03820913263
0.3129,85.8567972819819,204.486804524088,-290.289289303736,10292.0692003189,151.074614241014
0.313,76.9270427233188,210.520352484143,-287.467586113153,10268.1125965011,151.062430300722
0.3131,67.9451984749948,216.387504450304,-284.377707324324,10244.1257773391,151.043640547801
0.3132,58.9918683586937,222.087766149314,-280.953145414048,10219.9813778423,151.05875483343
0.3133,49.9037888176202,227.520734306425,-277.232451331958,10195.835653378,151.044999843375
0.3134,40.756121840333,232.69764095773,-273.453203837558,10171.6469212753,151.088758080791
0.3135,31.5575518246697,237.617138467341,-269.328436935743,10147.4145089321,151.057133619679
0.3136,22.4193006196224,242.407499489664,-264.854622460923,10123.1773155421,151.077153909153
0.3137,13.3316529165191,246.886646534605,-260.142310952934,10098.9675202774,151.032699054165
0.3138,4.19470139703296,250.968955900405,-255.285011442673,10074.8343084999,151.050238520136
0.3139,-4.92301118688536,254.98484909368,-250.075428968081,10050.7548032567,151.060858689045
0.314,-13.9390295288851,258.740571661115,-244.705900343074,10026.7920240859,151.03013517425
0.3141,-23.0559722433258,262.117929531635,-239.177529667415,10002.928359662,151.075708152222
0.3142,-32.0855902220593,265.330825112722,-233.251814688202,9979.23798308451,151.056620458745
0.3143,-41.0587300495373,268.260454251529,-227.132913573756,9955.66393026582,151.07056806467
0.3144,-49.8534445114131,270.832817403945,-220.933011109792,9932.33901137142,151.039580678036
0.3145,-58.8119504576209,273.24314542841,-214.496461211431,9909.21417866997,151.030006076933
0.3146,-67.5055985147871,275.277325315124,-207.760312846244,9886.3736130526,151.049257777305
0.3147,-76.252154618764,277.169946884164,-200.8948627657,9863.689461707,151.018573455842
0.3148,-84.8866537441881,278.658953078189,-193.903514642741,9841.32975340731,151.052592180983
0.3149,-93.2627693417603,279.87212116044,-186.606375803894,9819.27164163888,151.041424252031
0.315,-101.699499207603,280.780767648556,-179.242782938607,9797.48408205517,151.060576665069
0.3151,-109.86748381688,281.486164139875,-171.621885002775,9776.09380577518,151.057468590266
0.3152,-117.95937662916,281.836136334385,-163.941126977205,9755.05910820682,151.029548423253
0.3153,-125.878168385074,281.979719173878,-156.013850569243,9734.42684670872,151.05202327088
0.3154,-133.81922273082,281.729052854035,-148.051780037916,9714.15340096445,151.046647228834
0.3155,-141.386349840426,281.332449271546,-139.785271470863,9694.28387095607,151.028675753803
0.3156,-148.992228502346,280.476776758629,-131.624259868766,9674.8798902081,151.053752868587
0.3157,-156.430914324307,279.448132306358,-123.125364566851,9655.95996885641,151.054371375543
0.3158,-163.513614148313,278.189417394083,-114.556356501959,9637.48112744275,151.028746001141
0.3159,-170.60354117682,276.510803036247,-105.972750236195,9619.44478383015,150.980206438167
0.316,-177.373311139424,274.614286917416,-97.2872413595059,9601.98961883733,151.012481895189
0.3161,-183.995849937604,272.429529803218,-88.4655928449166,9585.00567423834,151.023369924825
0.3162,-190.432089671308,269.918238941544,-79.5833193057473,9568.56061848418,151.001958098495
0.3163,-196.691568710974,267.227560255913,-70.6100582434354,9552.68063305631,150.991784097252
0.3164,-202.560516028198,264.32050827237,-61.6257699783148,9537.40726403265,151.006457890886
0.3165,-208.413119848003,260.947346895576,-52.5633610931667,9522.69680563477,150.985102390161
0.3166,-214.050601962884,257.426806975011,-43.5193075796607,9508.52765849439,151.022259655028
0.3167,-219.361952187495,253.566523370429,-34.4016865628829,9494.94593227164,151.003930487104
0.3168,-224.421998995079,249.643607002699,-25.1778039441241,9482.09397761314,151.003797381237
0.3169,-229.270902380682,245.340560570683,-15.9773930604709,9469.77078782851,151.004779972973
0.317,-233.869564567801,240.606402886791,-6.80678910966807,9458.12891854706,151.0045605672
0.3171,-238.228871666586,235.844184060733,2.38797418211517,9447.1129993037,151.012665853582
0.3172,-242.273994525895,230.685126250734,11.5772402818189,9436.78198296498,151.000070423808
0.3173,-246.135479306341,225.416135833229,20.7836840251868,9427.08292823697,150.998424337011
0.3174,-249.735150986324,219.916321060121,29.78273305437,9418.08704972724,151.028666213136
0.3175,-253.112464839862,214.174548640625,38.8532651136573,9409.78551881297,150.986778813771
0.3176,-256.067625340078,208.131205766189,47.8309127959321,9402.14783835202,151.009868527069
0.3177,-258.813690143187,202.049216544884,56.7798060561837,9395.22819050474,151.018034076984
0.3178,-261.279188959173,195.524346956488,65.8517206857648,9388.98988553496,151.032518771911
0.3179,-263.642573709749,188.98997512223,74.6247794196023,9383.43490255409,150.988650088919
0.318,-265.525134640532,182.16184698955,83.2572825557066,9378.63861328652,150.999705650374
0.3181,-267.136071380454,175.119434389191,91.9818927683074,9374.51883549525,150.984021138498
0.3182,-268.526125446349,167.999305426076,100.638987172843,9371.11871291482,151.023837573814
0.3183,-269.507930050299,160.503469317852,108.99229187542,9368.39501981642,150.98768679211
0.3184,-270.452205215739,153.011537843822,117.401556496372,9366.47564357288,150.996174067281
0.3185,-270.921769638729,145.339956681648,125.60269358526,9365.25117058989,151.000568743616
0.3186,-271.104837836421,137.526412476812,133.604382011518,9364.73480361885,150.993470781211
0.3187,-270.991977743704,129.543698145734,141.498218940887,9364.87802471721,151.014191682297
0.3188,-270.67361582296,121.370370831155,149.354139341554,9365.77486708738,151.000359951643
0.3189,-270.058915684769,113.080770185636,156.977037711009,9367.41522984648,150.982816564219
0.319,-269.099438448518,104.594322311398,164.403285305592,9369.7111767694,151.011040412093
0.3191,-267.835647127937,96.2070109677111,171.637711906856,9372.76613480719,150.984728205139
0.3192,-266.408409625613,87.6375452797528,178.875788924989,9376.48741727906,150.998235821577
0.3193,-264.631608250897,78.9499765447684,185.748884219026,9380.90674615336,150.970445138505
0.3194,-262.512453498442,70.0893233088976,192.415397667318,9386.03983249238,150.981076150154
0.3195,-260.223192677636,61.2681013072965,199.002495696619,9391.85856377141,150.973738776134
0.3196,-257.554187227113,52.2751479863582,205.331898983439,9398.34417778027,150.956952516794
0.3197,-254.627866668398,43.2106288369565,211.464878908397,9405.46163203377,150.981422476958
0.3198,-251.534211283865,34.1462415920727,217.360863560006,9413.27006897426,150.95947657267
0.3199,-248.10221202712,25.0539454443651,222.951811217112,9421.68187305308,150.94920545494
0.32,-244.301167513513,15.9187662424824,228.501519442375,9430.87452301464,150.949637104124
0.3201,-240.299656575176,6.66962997477215,233.680292764091,9440.60313400728,150.952436634983
0.3202,-236.061705436417,-2.46319022860601,238.629122144541,9450.90086976236,150.962424963695
0.3203,-231.615276762137,-11.6433351755841,243.399320902862,9461.91732885563,150.927567165343
0.3204,-226.848865365104,-20.99257088985,247.802653446639,9473.4680993017,150.957297912632
0.3205,-221.895155684444,-30.1578639665268,252.017835211886,9485.60901350698,150.947535212391
0.3206,-216.729022127418,-39.2884521732647,256.079843764222,9498.38347570837,150.961241863665
0.3207,-211.204284507838,-48.4424821673955,259.706852420815,9511.64796038405,151.004116614776
0.3208,-205.533360532399,-57.589919714029,263.074647359803,9525.48491045514,150.970312638548
0.3209,-199.620665919863,-66.6630745442136,266.29315809554,9539.80589343974,150.975612917483
0.321,-193.418041893184,-75.7591612372119,269.121490715954,9554.6755259918,150.981373958328
0.3211,-187.074337395677,-84.6322508801166,271.735009454344,9570.05904271642,150.962058788697
0.3212,-180.60860192331,-93.5576740066944,274.156622254744,9585.93136881523,150.944452320592
0.3213,-173.820277519264,-102.355593888071,276.151622929417,9602.28028274385,150.993098162893
0.3214,-166.824296194921,-111.149692192273,277.894276790458,9619.08023935298,150.947587120605
0.3215,-159.65559944295,-119.800403200759,279.336379800087,9636.28062670031,150.959346965305
0.3216,-152.366529141435,-128.294261141797,280.530934051416,9653.88320542012,150.96522311191
0.3217,-144.938174290287,-136.552673051071,281.565895815974,9671.89732163768,150.94791034047
0.3218,-137.284554178185,-144.884259428293,282.220281202645,9690.30461546088,150.966153197942
0.3219,-129.392323819903,-153.076023791434,282.431629348112,9709.09289644214,150.972816074449
0.322,-121.378001326553,-161.114285820565,282.489633165486,9728.21163382552,150.966245181161
0.3221,-113.320420512435,-168.919185426588,282.243354777403,9747.64275890458,150.95714734619
0.3222,-105.083666875439,-176.638209271768,281.761793601259,9767.36254929249,150.937595003949
0.3223,-96.7094617934175,-184.155371160483,280.914782322368,9787.36682767267,150.92884153576
0.3224,-88.1503724459624,-191.667590746562,279.895206050346,9807.62063282454,150.929934856045
0.3225,-79.5858214106936,-198.807910777556,278.443092867737,9828.17738726285,150.935496841933
0.3226,-70.8020306830525,-205.734605240291,276.661036428775,9848.9364140939,150.919345858572
0.3227,-62.0443523623198,-212.59056119305,274.711695163514,9869.85695539676,150.928873394966
0.3228,-53.1077590364852,-219.259922778168,272.466369806949,9891.02166922435,150.95174444956
0.3229,-44.199591758006,-225.686786792866,269.861867697697,9912.28512312746,150.928479267388
0.323,-35.1669237902867,-231.964787095522,267.098001597694,9933.7445236871,150.93369657959
0.3231,-26.1806072315422,-237.901790566532,264.098488331678,9955.30758988952,150.941147768017
0.3232,-17.016002133394,-243.6637484535,260.624791179996,9976.92703029465,150.955232848688
0.3233,-7.75735446717301,-249.269495814234,257.053202195366,9998.65484455746,150.914997607746
0.3234,1.396226608139,-254.4853826367,253.188019953924,10020.4078217202,150.922352137919
0.3235,10.632685812201,-259.589505616732,248.932453912175,10042.2049956079,150.926123057177
0.3236,19.8973643793295,-264.45805830748,244.590530065712,10064.0635641842,150.910421240584
0.3237,29.1553904638704,-269.05600427061,239.936470320784,10085.8727935541,150.922906350653
0.3238,38.3779992160852,-273.369484865093,234.983475887587,10107.6370119983,150.922736839499
0.3239,47.6359202601076,-277.458480274373,229.88894193216,10129.4055930701,150.917687505831
0.324,56.8166323749981,-281.251683218749,224.343087223349,10151.058674185,150.935542444587
0.3241,66.0025004897852,-284.734664563189,218.845251773085,10172.5820545075,150.910908949057
0.3242,75.1423957601545,-288.0386507518,212.95062392708,10194.0443606886,150.895786727816
0.3243,84.2599697169509,-290.974548132465,206.823912475718,10215.3594989378,150.934586794505
0.3244,93.2578135344831,-293.758259943733,200.520642321277,10236.5317324415,150.935923172784
0.3245,102.191138513936,-296.157105040544,193.946146268759,10257.4872253327,150.903652434733
0.3246,111.134236370598,-298.424828760371,187.247375546762,10278.2816053333,150.93096636178
0.3247,119.792248794751,-300.226587578392,180.41781080727,10298.8625034466,150.900449226164
0.3248,128.653590514889,-301.979682575447,173.262972332696,10319.1678543667,150.901958782716
0.3249,137.268145292742,-303.211379013671,165.938530392993,10339.2461781223,150.934410337946
0.325,145.69572608157,-304.128748148052,158.480060053063,10359.0226693823,150.892040960339
0.3251,154.055381733332,-304.862946219922,150.760862631866,10378.5723926258,150.952598683207
0.3252,162.343527328367,-305.297763055549,143.042401491149,10397.7697740742,150.903547653492
0.3253,170.321883452761,-305.51288990794,135.030236737993,10416.6344655579,150.925888409927
0.3254,178.384871554906,-305.342066051064,126.950788868197,10435.1743047282,150.911141543299
0.3255,186.227552895796,-304.855656296152,118.602547437862,10453.2898593528,150.881506222583
0.3256,193.887986721523,-304.142234721953,110.374430757103,10471.0667552748,150.889541913976
0.3257,201.37914855572,-303.177674098516,101.810548742821,10488.447249168,150.903220711561
0.3258,208.628961848059,-301.784818749883,93.261406339159,10505.4302838348,150.883800426816
0.3259,215.764973564736,-300.217397403332,84.5779709563888,10521.9929858208,150.883048444762
0.326,222.636223759295,-298.242450797264,75.6788868410099,10538.0557510129,150.88625164487
0.3261,229.359466984066,-296.160952079681,66.703406453583,10553.6769228689,150.906362084518
0.3262,235.896615525995,-293.747870720765,57.8384588828593,10568.8219441647,150.925509652069
0.3263,242.222705233101,-291.023904079559,48.6971364582728,10583.4857819472,150.877583334481
0.3264,248.326682405071,-288.037894134965,39.5643792513215,10597.5957697446,150.876529660384
0.3265,254.34905938634,-284.635362257304,30.4117881539412,10611.2989544995,150.899179374496
0.3266,259.878418917428,-281.164728581375,21.1796385807646,10624.3810285517,150.91308708026
0.3267,265.420321419023,-277.34797948915,11.933685366079,10636.9970616657,150.902744828942
0.3268,270.611749812427,-273.303368824006,2.59000860606775,10648.9775575126,150.912490810852
0.3269,275.473147538625,-268.876067425823,-6.6478436862053,10660.4395649586,150.844487543471
0.327,280.209627877108,-264.236317021013,-15.961372053464,10671.3434820687,150.854994792287
0.3271,284.620754855061,-259.444077894707,-25.3370236295663,10681.6623327716,150.885794541191
0.3272,288.86151425129,-254.267363669214,-34.4535715259179,10691.3652776335,150.923071296328
0.3273,292.761737560954,-248.957662723429,-43.8451160116803,10700.5117919572,150.839898420288
0.3274,296.504238318338,-243.27735505667,-53.1381859781867,10709.0323928059,150.877705303773
0.3275,299.852428034254,-237.530413524658,-62.2537402815401,10716.9313174425,150.871407656472
0.3276,302.934883406607,-231.483612799579,-71.4281845715825,10724.2252840394,150.876366361357
0.3277,305.761493932841,-225.2159917061,-80.5441092206691,10730.8452188324,150.890347846182
0.3278,308.360001930991,-218.740506010115,-89.5903852733648,10736.8777303231,150.870858987906
0.3279,310.513389200129,-211.949414260626,-98.6809820268319,10742.2805502787,150.863050616887
0.328,312.64352913434,-205.217995676812,-107.516919292233,10747.0548091958,150.86781673587
0.3281,314.400597293588,-198.077974136814,-116.218659792742,10751.0967947319,150.876846988404
0.3282,315.69886774999,-190.731965966743,-124.966264882205,10754.5272459277,150.872031799067
0.3283,316.843829570982,-183.296503366401,-133.570181497267,10757.3805115584,150.905116268397
0.3284,317.705844467526,-175.663232158161,-142.055915289206,10759.5212402461,150.864373867616
0.3285,318.238393074481,-167.988540730252,-150.275666488638,10760.9821325858,150.843960991732
0.3286,318.496028545572,-159.857300930654,-158.551470502985,10761.8034669021,150.878745637697
0.3287,318.434311234714,-151.836528612281,-166.694553175315,10762.0236239032,150.851800954044
0.3288,318.262181499523,-143.589583027957,-174.572197056132,10761.5394215195,150.85745922059
0.3289,317.577429483169,-135.206305389754,-182.36036332204,10760.4435761509,150.875964915544
0.329,316.714925082459,-126.742445731129,-189.919803199242,10758.7057261628,150.869789460914
0.3291,315.354064686431,-118.106683100245,-197.423050752729,10756.2962208722,150.848433523473
0.3292,313.970089913912,-109.327472974986,-204.596567070014,10753.1798513016,150.862778393111
0.3293,312.08030018755,-100.440712438237,-211.587443778434,10749.4877404266,150.842960085603
0.3294,310.141664266169,-91.518605696836,-218.542338678362,10745.1953221081,150.861139224649
0.3295,307.695725474757,-82.4957790309511,-225.17888249458,10740.2062984731,150.866707345826
0.3296,305.160097958046,-73.469312103873,-231.592605748093,10734.6355979527,150.854458174154
0.3297,302.180250714439,-64.2516358678128,-237.798083174707,10728.3750769994,150.884442581191
0.3298,298.995383164722,-55.0769114374041,-243.897602623743,10721.6325133236,150.852568638804
0.3299,295.440558192723,-45.7824129983555,-249.724792869053,10714.1938773492,150.81874929216
0.33,291.775104237947,-36.4745097366889,-255.324985657438,10706.2185124283,150.863501833734
0.3301,287.792294164776,-27.0790717876489,-260.692711536793,10697.6272861598,150.844481133217
0.3302,283.483588107817,-17.7992105041094,-265.657164998717,10688.387520483,150.840472767553
0.3303,278.886920629093,-8.3407935501,-270.448608343169,10678.6472532,150.845230072303
0.3304,274.080911257701,0.988121281686843,-275.101338690182,10668.3499039806,150.846464870542
0.3305,269.091216421957,10.3456994440085,-279.482496511752,10657.514218616,150.824389333809
0.3306,263.806986277758,19.7013423011895,-283.499425494174,10646.1251899163,150.841318762394
0.3307,258.286314740458,29.0289379627782,-287.379365352834,10634.1931386674,150.807960577672
0.3308,252.554037706567,38.2897853641389,-290.802776654333,10621.7843780474,150.822523781899
0.3309,246.521477537621,47.599796730897,-294.187011237424,10608.8749694293,150.824183636991
0.331,240.328198535901,56.7286297769776,-297.075881430928,10595.4376841405,150.84610553572
0.3311,233.826359223943,65.8276227804673,-299.771394331519,10581.5751887091,150.820535757067
0.3312,227.307016198676,75.0108762181136,-302.183983453114,10567.1980338892,150.825954721666
0.3313,220.35818412726,83.9732032227962,-304.393418540947,10552.42803425,150.805009862958
0.3314,213.353210509847,92.8261598060394,-306.213428028586,10537.2021174818,150.834476650703
0.3315,206.085420237899,101.693281845754,-307.731968782763,10521.5413248636,150.85279784491
0.3316,198.619501475811,110.34778330772,-309.013223758853,10505.5562291517,150.783417304663
0.3317,191.096472490554,118.955230105465,-310.01055845977,10489.0892013826,150.829606718395
0.3318,183.253957389817,127.361467756175,-310.695032678312,10472.306424025,150.82313508164
0.3319,175.341105030422,135.831766143334,-311.134231903907,10455.1576124183,150.817434020892
0.332,167.286262095716,143.931028890735,-311.123284862312,10437.6563265336,150.792741642962
0.3321,159.000794907937,151.946911810802,-310.942932128786,10419.8799629253,150.792005943929
0.3322,150.643169719342,159.862267602268,-310.549017776864,10401.794247341,150.801580401702
0.3323,142.123358960557,167.633027394485,-309.68822393875,10383.4307822733,150.823991606464
0.3324,133.510978615239,175.15041683703,-308.654663592028,10364.7734979732,150.797498623232
0.3325,124.677098899283,182.543893190865,-307.165193299856,10345.8854747649,150.807198397482
0.3326,115.816549929936,189.702669458823,-305.468042317145,10326.7573842667,150.805922011262
0.3327,106.921383929086,196.698691126252,-303.623050760457,10307.4428574396,150.801280028654
0.3328,97.7529757472333,203.478392229261,-301.480395162144,10287.8920236676,150.8285594797
0.3329,88.7918581559157,210.110164682091,-298.869274351791,10268.1748876932,150.8104532707
0.333,79.5694207344529,216.422345546945,-296.027288132592,10248.3330405631,150.837261548612
0.3331,70.2807963323013,222.575861198603,-292.974504814753,10228.3581487885,150.741778872796
0.3332,60.9860630528874,228.581971279178,-289.511969136121,10208.2294418544,150.821737962021
0.3333,51.6248076488339,234.252099596534,-286.036762657932,10188.0444008211,150.82193824425
0.3334,42.39356642202,239.843684359765,-281.973123552089,10167.7617947176,150.812446677233
0.3335,32.9179009976688,245.056539409396,-277.837140337965,10147.4077124869,150.816007796851
0.3336,23.3942111563476,250.028741553702,-273.44032376954,10127.0279802256,150.812378697919
0.3337,13.8853357175411,254.661894197652,-268.757522676296,10106.5960268448,150.802520521957
0.3338,4.53957309772819,259.183907838128,-263.91685069757,10086.243206168,150.78961029481
0.3339,-4.889438541725,263.458863239367,-258.516140802227,10065.8233866924,150.796479128235
0.334,-14.2507040600445,267.376558641968,-253.187930462022,10045.4647697117,150.8180923265
0.3341,-23.5374156943822,271.106874352493,-247.45265652841,10025.161127744,150.79998679406
0.3342,-32.9083866193822,274.426170932008,-241.558912087863,10004.9496693755,150.772676771762
0.3343,-42.1719729575738,277.649281613697,-235.372633615434,9984.77991290632,150.808254494348
0.3344,-51.3750694221066,280.383288859654,-229.043487925863,9964.78112561134,150.787614392192
0.3345,-60.6649850204911,282.948645604842,-222.500702593855,9944.91605794286,150.755179419083
0.3346,-69.6924046648961,285.314190728397,-215.578198227224,9925.13262553418,150.761256295296
0.3347,-78.6657345129887,287.197359072954,-208.703060574755,9905.55490926946,150.774580347758
0.3348,-87.4576227625567,289.053905254553,-201.441376849257,9886.13051248312,150.757520624332
0.3349,-96.3206690909622,290.359315705551,-194.059472335376,9866.9079172958,150.796361251968
0.335,-104.94746382898,291.49087966805,-186.566614341092,9847.99942586604,150.759563515142
0.3351,-113.623243854355,292.418065370503,-178.782640483812,9829.23476494429,150.78088882788
0.3352,-122.079532983862,292.907421548218,-170.883309161751,9810.74520378423,150.824310830983
0.3353,-130.203367389279,293.053632503644,-162.73496671427,9792.56117138729,150.770182036355
0.3354,-138.42504459693,293.065809887249,-154.492261592756,9774.60943174426,150.768670606445
0.3355,-146.462559581524,292.735860941485,-146.13959167985,9756.95237862643,150.792961338873
0.3356,-154.243765535277,292.068433511765,-137.873821066262,9739.67853429385,150.811915277671
0.3357,-161.997018499156,291.115784971221,-129.115288328915,9722.71000548999,150.734838896313
0.3358,-169.580797699461,289.924455757822,-120.356400197791,9706.04659733474,150.796114617505
0.3359,-176.861305974378,288.34448367712,-111.478547539064,9689.78358273974,150.761681836091
0.336,-183.887465569719,286.483701134044,-102.437016621417,9673.90477587396,150.763261526604
0.3361,-190.739735578152,284.389221127114,-93.5202436864562,9658.39386849742,150.770689164157
0.3362,-197.495149912251,282.009046947566,-84.3511487778226,9643.2424936323,150.74685453707
0.3363,-204.139567158948,279.269914299109,-75.1807284476092,9628.58095515115,150.778797498957
0.3364,-210.415660867338,276.42565569222,-65.928690789332,9614.34300897117,150.754146252093
0.3365,-216.473811047332,273.17475056208,-56.685582129803,9600.55850287619,150.746531792415
0.3366,-222.224944886452,269.630184300123,-47.1944657682914,9587.16802737257,150.723781153613
0.3367,-227.87092095377,265.788095660306,-37.87406250305,9574.28031360115,150.77047432077
0.3368,-233.348502229367,261.721096167266,-28.3893951389298,9561.88896595992,150.750033983765
0.3369,-238.444505492386,257.444534788022,-18.8707047425974,9549.91079855719,150.762171349282
0.337,-243.270522123699,252.723508003509,-9.44760670776591,9538.50120210329,150.743632074821
0.3371,-247.855815350944,247.914785546816,-0.00989492873960192,9527.57039668457,150.748679064338
0.3372,-252.262451918514,242.797130387542,9.44106455514459,9517.13299983857,150.768271070388
0.3373,-256.317597630142,237.436189038034,18.9416439705733,9507.20317667109,150.775399756122
0.3374,-260.23848527832,231.9558517378,28.3288759942096,9497.8150146524,150.751263444218
0.3375,-263.771315296444,226.086464003796,37.6624789677272,9488.99590697494,150.777677327998
0.3376,-267.017429289763,219.977101483835,47.005930891237,9480.6894728537,150.745449367276
0.3377,-270.034844314673,213.751513368073,56.3414275757477,9472.99895526805,150.718432571284
0.3378,-272.62347961061,207.222513695364,65.5194943316501,9465.77766792084,150.760145430665
0.3379,-275.14229230026,200.471948324094,74.6757275179036,9459.12583628318,150.722038701783
0.338,-277.2038392369,193.585268669831,83.7498553477591,9453.08821482073,150.744604337725
0.3381,-279.117880085173,186.367779386807,92.8565342743115,9447.56913804187,150.700727497115
0.3382,-280.685233422999,179.097960495329,101.529877843956,9442.63397841165,150.73251656576
0.3383,-281.878754330527,171.473496214192,110.386107972658,9438.2350082896,150.725397030995
0.3384,-282.879882080897,163.910684354463,119.077730200312,9434.50037108608,150.731478511079
0.3385,-283.607460740792,156.037086717508,127.609777050229,9431.30826251188,150.736248823523
0.3386,-283.924966227429,147.97104723716,135.920146524446,9428.66827188702,150.731117920573
0.3387,-284.039700472785,139.810427102496,144.144430025069,9426.65905760577,150.732140087085
0.3388,-283.883336089048,131.501918159904,152.319498656932,9425.13918011999,150.730010150121
0.3389,-283.312406146248,123.050730084102,160.221202167909,9424.22003268719,150.778049698244
0.339,-282.477595488337,114.482743589388,168.002934579286,9423.94713516935,150.713283701588
0.3391,-281.449973230433,105.753594513413,175.653636191335,9424.20622492472,150.739660538652
0.3392,-280.050353599143,96.887359628312,183.06946788545,9425.04322206869,150.713539916098
0.3393,-278.184472821556,88.058076149936,190.227131912678,9426.43668168535,150.712298449483
0.3394,-276.392774719639,79.0070607646579,197.271050492459,9428.42331309426,150.705106855808
0.3395,-274.035960248263,69.8107219123497,204.159121903511,9430.95950959527,150.733351159347
0.3396,-271.385329798361,60.6863265005622,210.81419816361,9434.04026181321,150.676800480302
0.3397,-268.59940671398,51.3496423581514,217.140663632945,9437.69901765879,150.731345395661
0.3398,-265.443101043342,42.0824569246837,223.473507375499,9441.85958801446,150.72770334502
0.3399,-261.939508340804,32.6712609180067,229.429947729683,9446.60028048051,150.713092993161
0.34,-258.32197586809,23.1645098051072,235.110916388986,9451.8699437128,150.647498788035
0.3401,-254.512441485265,13.8501621381409,240.60658229803,9457.65588237652,150.700076950502
0.3402,-250.144423471795,4.34175791864407,245.838078230835,9463.97409177293,150.70069799408
0.3403,-245.681807625652,-5.13183772434962,250.797966462961,9470.83639918616,150.684306715333
0.3404,-240.918146288672,-14.8171648107592,255.536563411818,9478.13339006762,150.709103202142
0.3405,-235.860928772673,-24.164345050592,260.085099814427,9485.94393544668,150.675244527736
0.3406,-230.539097776489,-33.5813240030009,264.254393070872,9494.32280097209,150.698158957887
0.3407,-225.151062467202,-43.0605285995583,268.197863955882,9503.0398437642,150.702880555603
0.3408,-219.438648484388,-52.5392156295418,271.825310446932,9512.2993602955,150.712972116873
0.3409,-213.400224451382,-61.9462452535435,275.408025015722,9522.03451491661,150.681797166074
0.341,-207.154729087026,-71.2866387331841,278.43086377117,9532.17200857231,150.72658581578
0.3411,-200.726405633008,-80.5465371434495,281.245480912817,9542.75687950545,150.688152499145
0.3412,-194.12099654152,-89.6521233761768,283.879842808022,9553.7471452606,150.672963769169
0.3413,-187.115220656053,-98.9427344766311,286.070177404628,9565.14374002309,150.663611035418
0.3414,-180.225056617555,-107.851349080895,288.082121011982,9576.94870563734,150.683046626388
0.3415,-172.793963618184,-116.830411318385,289.727579638558,9589.11428576854,150.713656129132
0.3416,-165.498374847154,-125.730972869742,291.078950821587,9601.64446706837,150.659872311219
0.3417,-157.748488167772,-134.521524691711,292.260412466489,9614.57967275632,150.66035084425
0.3418,-149.924782652094,-143.003281199859,292.894034363655,9627.80098451105,150.699921935646
0.3419,-141.986549091299,-151.499333384535,293.488936272208,9641.34826569931,150.647703303598
0.342,-133.914894826502,-159.892410547676,293.657403021835,9655.25439595125,150.654813378622
0.3421,-125.59221724678,-168.024412713305,293.637674193583,9669.37843058757,150.700774814453
0.3422,-117.084556998203,-176.040835514784,293.246086696098,9683.83293826816,150.652631442357
0.3423,-108.55175005377,-183.911551026183,292.545111630115,9698.55156330624,150.662375566268
0.3424,-99.8500409454586,-191.737506885372,291.56589783437,9713.52838856536,150.670016435567
0.3425,-91.0768087397711,-199.171211279195,290.182940786123,9728.70758179909,150.709658561364
0.3426,-82.024588584949,-206.531738836832,288.651444446514,9744.08103650029,150.668414173799
0.3427,-73.0790567411286,-213.637911190538,286.72078690499,9759.675703982,150.667901719365
0.3428,-64.0337162789029,-220.632910090423,284.609234182616,9775.4952771946,150.628827021952
0.3429,-54.7179935266057,-227.317396579879,282.203044731587,9791.45706895831,150.649736218537
0.343,-45.5186519926008,-233.888071282439,279.43334953426,9807.58633934318,150.677105632074
0.3431,-36.1623806485353,-240.11220795531,276.458507341739,9823.84490932731,150.657355160951
0.3432,-26.8668533924384,-246.25784464719,273.055236510847,9840.14871666246,150.659146282481
0.3433,-17.405362215751,-252.128322138858,269.486817458561,9856.59984571892,150.648570208981
0.3434,-7.94443430932102,-257.780024319194,265.667571975313,9873.14720424516,150.62805435008
0.3435,1.65383550014346,-263.142633972542,261.436114822962,9889.7556204949,150.67943700247
0.3436,11.2037519321148,-268.07320226131,256.993531059583,9906.43044788986,150.676172646619
0.3437,20.6970153790843,-273.03196509395,252.372479979112,9923.1236880735,150.64237762219
0.3438,30.2805473857726,-277.687829489464,247.440732719399,9939.76604460568,150.631476748352
0.3439,39.7308412356867,-281.977843931439,242.211794850126,9956.49395164875,150.633749418114
0.344,49.348908193604,-285.991556154658,236.806227807525,9973.18656787852,150.657227203415
0.3441,58.7313006963758,-289.882868846091,231.103304355607,9989.78189805925,150.678540709415
0.3442,68.2257614560179,-293.411015150742,225.22229440266,10006.3624713553,150.641106000792
0.3443,77.5476200889544,-296.56482407525,219.07226979622,10022.9127749005,150.654935341955
0.3444,86.9683424639529,-299.567247482576,212.665527423257,10039.3225861385,150.619550167592
0.3445,96.2077694582774,-302.286961017718,206.02732610874,10055.6909804419,150.664097044625
0.3446,105.401230390618,-304.644581414094,199.321843651568,10071.8539932244,150.640196546476
0.3447,114.49905398672,-306.727178162983,192.241923513232,10087.9641487769,150.644952788523
0.3448,123.653842127208,-308.53859355833,184.996160424639,10103.7886479901,150.63107418482
0.3449,132.469583303967,-310.003495830871,177.633277391597,10119.5786457207,150.602180379221
0.345,141.274997526188,-311.335044328943,170.092640840174,10135.0939887293,150.630588595209
0.3451,150.017063717031,-312.16293801223,162.271452004141,10150.4940520386,150.665227626711
0.3452,158.469788803031,-312.755107741663,154.31031748199,10165.5817343952,150.615243858569
0.3453,166.977771674297,-313.045132421852,146.061798460156,10180.5010331997,150.62330119411
0.3454,175.258114205723,-313.183434720692,137.84487077121,10195.1183406103,150.591949808367
0.3455,183.421938299343,-312.847620129931,129.391166465871,10209.5047250001,150.651556045707
0.3456,191.337923652779,-312.23478758615,120.890543396809,10223.6274562418,150.640104865374
0.3457,199.106753604521,-311.39849233077,112.285259810223,10237.4974848549,150.607518772567
0.3458,206.845110631286,-310.220222528524,103.428799285984,10251.0013789343,150.668474676427
0.3459,214.227337805431,-308.797071861429,94.5106498536041,10264.1675221395,150.596819871972
0.346,221.479789296694,-306.888452606829,85.4823320982472,10277.0966531898,150.645681306826
0.3461,228.50605027494,-304.882966519299,76.4470016121443,10289.6112399668,150.614066702001
0.3462,235.342398150967,-302.431843308118,67.1359541364625,10301.7647999132,150.638035805048
0.3463,242.046821073588,-299.823138582898,57.7775369302963,10313.6214028879,150.613236301991
0.3464,248.439003466702,-296.884390463034,48.5027367169378,10324.9738433134,150.609317339563
0.3465,254.752618026097,-293.732250878764,39.0255780321061,10336.0122981013,150.62851236733
0.3466,260.643796563589,-290.184080042327,29.5799101190955,10346.7022406285,150.586502314862
0.3467,266.322294708721,-286.522070928629,20.1099820845539,10356.90076155,150.581002047931
0.3468,271.862988215156,-282.420027113033,10.4964923639963,10366.696768604,150.623669415525
0.3469,277.084746517487,-277.99882790558,0.940125033211947,10376.1043231464,150.631416141205
0.347,282.015038834703,-273.463983761303,-8.57713512488197,10384.9998549898,150.605666750156
0.3471,286.839198728693,-268.608313378169,-18.1951477210521,10393.47795798,150.615792220003
0.3472,291.259542992129,-263.463310614237,-27.8625384736952,10401.5232130076,150.634092300281
0.3473,295.345194660328,-258.114925764457,-37.4149784013113,10409.052683066,150.586259046112
0.3474,299.410824610564,-252.393577226478,-46.8791146229418,10416.1524467321,150.582617698501
0.3475,302.973552605054,-246.68728956892,-56.4499573094984,10422.7632422925,150.573257508492
0.3476,306.40830032998,-240.586776860155,-65.890298693732,10428.8384118141,150.620271623067
0.3477,309.52024906006,-234.23872346431,-75.187900523684,10434.4733160723,150.58575133731
0.3478,312.284692957049,-227.679635003207,-84.6773169052159,10439.611034351,150.560199393612
0.3479,314.935064093909,-220.847928757093,-94.0255474425432,10444.2120528816,150.590789077476
0.348,317.011156000456,-213.948014183242,-103.069901609342,10448.3419904778,150.627872570946
0.3481,318.991984590306,-206.711353458691,-112.109288502432,10451.9676646225,150.586410119809
0.3482,320.618208038052,-199.410665125453,-121.292512482654,10455.0329349479,150.600414232542
0.3483,321.964782032395,-191.736689653389,-130.188912916561,10457.5818284243,150.581126997787
0.3484,323.086401899369,-184.029468056403,-138.979643327576,10459.6584726355,150.57821332937
0.3485,323.762028123421,-176.10273176024,-147.622672459463,10461.2183193447,150.567337217651
0.3486,324.255707181864,-168.032266837028,-156.13335049018,10462.1590324957,150.58327482272
0.3487,324.343751196184,-159.641872603054,-164.560520178647,10462.669336519,150.558259938308
0.3488,324.132778630556,-151.38963652094,-172.846163810859,10462.6039507715,150.576267817451
0.3489,323.739398323838,-142.825261545004,-180.866145450344,10462.0759219257,150.547116960034
0.349,322.912993026936,-134.008277328202,-188.836477777933,10460.9548724962,150.589818652458
0.3491,321.912573452845,-125.401456767547,-196.578196550721,10459.3168152534,150.587982155145
0.3492,320.522521054738,-116.362993295671,-204.187147216634,10457.1584911141,150.553529684044
0.3493,318.815257339524,-107.299906497887,-211.552100189957,10454.5282038858,150.572302758387
0.3494,316.967518268589,-98.2888724051307,-218.623184338214,10451.3258145109,150.547516151077
0.3495,314.613539829072,-88.9504967154637,-225.751989494896,10447.6191660646,150.558486130535
0.3496,312.038985786702,-79.6722455268744,-232.442274571521,10443.4447039713,150.554596642253
0.3497,309.271580563018,-70.2536032243536,-239.009904967778,10438.6783880193,150.55163175957
0.3498,306.191757249395,-60.7321919341585,-245.295158730519,10433.4829582878,150.522957879214
0.3499,302.736770533602,-51.2118102390277,-251.466571849557,10427.8104707577,150.568712007106
0.35,299.006499244073,-41.7099640072771,-257.305617185924,10421.5716976686,150.575008294392
0.3501,295.18761476444,-32.0791700391029,-262.89079939555,10414.8724431134,150.574757240302
0.3502,290.863855489046,-22.4603734804745,-268.463718927174,10407.6562078041,150.575780599296
0.3503,286.436297329958,-12.9538255863703,-273.413168874103,10400.0321869422,150.561717595924
0.3504,281.625803189757,-3.23826568505255,-278.387390979201,10391.9135170656,150.582682418089
0.3505,276.51237345647,6.48210553354903,-283.001289140721,10383.3668983463,150.578662837216
0.3506,271.224334827984,15.9447674086358,-287.269747087196,10374.3202044302,150.52693910475
0.3507,265.775686895094,25.6908946099304,-291.363114242076,10364.8436424261,150.555960739077
0.3508,259.983967984853,35.2221878735005,-295.174853981015,10354.9490190053,150.534878697272
0.3509,253.817884823319,44.7194977484811,-298.568748714262,10344.6024453387,150.545674434021
0.351,247.676249687696,54.2027760532187,-301.86434226736,10333.8959831924,150.555842871073
0.3511,241.195047472671,63.6348010406202,-304.783783231407,10322.7348508103,150.56083011654
0.3512,234.469135960442,73.0754983704645,-307.454272749519,10311.210220305,150.544831200147
0.3513,227.493994970662,82.4318785393691,-309.898644302948,10299.300890009,150.529687568343
0.3514,220.441610838422,91.5845695137513,-311.952870311776,10286.9942664321,150.51907525909
0.3515,213.016290525465,100.679318993333,-313.803480825514,10274.3490454569,150.526984378361
0.3516,205.548987156959,109.657744382193,-315.213277015259,10261.3418989248,150.531570982332
0.3517,197.88395512696,118.570152616952,-316.411176690209,10247.989944365,150.550308426213
0.3518,189.990821732468,127.411252193816,-317.301486111217,10234.3261904961,150.539031511685
0.3519,181.808542037153,135.980471139117,-317.93274624155,10220.3567928816,150.534222827903
0.352,173.602456947753,144.524696506571,-318.151719389325,10206.050104726,150.505307976627
0.3521,165.226816324897,152.880171321882,-318.12036504619,10191.5100354883,150.521290429242
0.3522,156.784004243582,161.157936271861,-317.712699094248,10176.6641603848,150.505073533203
0.3523,148.033912871158,169.140019520444,-317.222010649248,10161.5533204341,150.509135843919
0.3524,139.205488465235,177.082944754218,-316.237387746451,10146.2351658522,150.521284005176
0.3525,130.281943975534,184.730725057022,-315.099205025889,10130.6428842658,150.53917638653
0.3526,121.230929718895,192.274056704791,-313.47162660663,10114.899531343,150.494520188982
0.3527,112.152929876654,199.531721085276,-311.719656736566,10098.9316164367,150.485974987033
0.3528,102.808899770465,206.657441105445,-309.567319060035,10082.7353050864,150.52897689365
0.3529,93.5806652634952,213.653515057608,-307.078739408441,10066.354674143,150.51202805272
0.353,84.1682635852157,220.295628331957,-304.30129025676,10049.8741125982,150.515395162553
0.3531,74.671229856352,226.757688281735,-301.440447703728,10033.1917210779,150.534144855796
0.3532,65.2030045656567,233.035509906951,-298.092084988222,10016.3972859055,150.52731072742
0.3533,55.5718463474243,239.012481820116,-294.504651784808,9999.53095621169,150.516209285939
0.3534,45.9637132679074,244.856367065161,-290.772311794303,9982.51098860252,150.515601762666
0.3535,36.1171056731336,250.234636589147,-286.600608024646,9965.47715427994,150.524637775284
0.3536,26.6520085752472,255.640882904585,-282.135392119883,9948.31656450858,150.515896743187
0.3537,16.9613071954054,260.71322498133,-277.537555899397,9931.12893079312,150.508216261292
0.3538,7.25353157243774,265.511657073585,-272.684355786675,9913.9403846862,150.528286344451
0.3539,-2.49293138343455,269.944071139062,-267.356975580703,9896.65727164845,150.504543753698
0.354,-12.1260789807736,274.030616697775,-261.881111278036,9879.41088206655,150.511473616656
0.3541,-21.7573876571086,277.990898451909,-256.194097536083,9862.14338420143,150.469234551459
0.3542,-31.4113943645909,281.731124113565,-250.399834981295,9844.93489499419,150.497099016611
0.3543,-40.9935848816712,285.021409797029,-244.209818108858,9827.7215888736,150.475977686576
0.3544,-50.5461086857969,288.28791976821,-237.757701426361,9810.61645056229,150.512020006051
0.3545,-59.9930064618837,291.115447630983,-231.108950855132,9793.53493466206,150.490141836032
0.3546,-69.2988065983304,293.542656389348,-224.185581940044,9776.59105385351,150.506942682464
0.3547,-78.6227100164931,295.799680816103,-217.207183476524,9759.7130287195,150.464996881223
0.3548,-87.8765076893364,297.765853612541,-209.876940813391,9742.93437658831,150.474243413638
0.3549,-96.937597242336,299.332453144753,-202.460733593088,9726.31390970915,150.491275770621
0.355,-105.838061310071,300.749207989082,-194.826674155551,9709.83326406793,150.473741845154
0.3551,-114.787567305966,301.743955518771,-186.956629528977,9693.51045367254,150.505162153908
0.3552,-123.510045502025,302.452209946532,-179.018598687703,9677.35887298766,150.465662687978
0.3553,-132.177604998584,302.972102164289,-170.794219528583,9661.38277947711,150.487710026069
0.3554,-140.740405912477,303.084557391797,-162.419194507459,9645.63727208243,150.488199031541
0.3555,-148.959991526433,302.866672871203,-153.89842169236,9630.03513442082,150.488236865783
0.3556,-157.15760792998,302.413431940102,-145.308624468782,9614.73779973466,150.483928316192
0.3557,-165.11026925401,301.649120472078,-136.448416450042,9599.57875494685,150.44497883791
0.3558,-172.967039838699,300.509586627434,-127.540200456586,9584.74954154309,150.463096639614
0.3559,-180.674179656773,299.090874625805,-118.628280337004,9570.15812390816,150.475192226345
0.356,-188.117750209604,297.44716990666,-109.441282820784,9555.79432915182,150.510439854044
0.3561,-195.278214018882,295.421357779821,-100.194450981679,9541.82683630275,150.452982026212
0.3562,-202.284528242582,293.141455703482,-90.8739249084852,9528.09476708905,150.478392249827
0.3563,-209.160488067842,290.643319977376,-81.4545282120793,9514.72090021935,150.449960883361
0.3564,-215.742497953222,287.774247628242,-71.9525298748864,9501.5903786404,150.472487962615
0.3565,-222.103179633844,284.59131021555,-62.2706782818281,9488.84523248165,150.470189547762
0.3566,-228.291578733602,281.153872285481,-52.8792668088513,9476.38853170283,150.464682069231
0.3567,-234.161419337473,277.400248917376,-43.1241964212044,9464.33442938167,150.456791221493
0.3568,-239.878240845459,273.305709839268,-33.5184128424369,9452.64737393932,150.50628424299
0.3569,-245.254386276872,269.046502158718,-23.8665788638807,9441.28352872952,150.443325503974
0.357,-250.4807085296,264.430413162994,-14.1175037300552,9430.3404698396,150.488655625729
0.3571,-255.335551332765,259.76692084859,-4.29507593836197,9419.79351711145,150.447251808145
0.3572,-260.045243405908,254.608651362047,5.30290458148456,9409.58504755816,150.433901446247
0.3573,-264.414965160548,249.404556407873,15.0941639988296,9399.7671519657,150.454912789675
0.3574,-268.525333984077,243.66534280676,24.8049650782923,9390.42855936433,150.444595717045
0.3575,-272.238070020202,237.881324441771,34.3695635887332,9381.45868249921,150.410347989107
0.3576,-275.781145581112,231.708475453191,44.0759179701235,9372.91928231113,150.475620720404
0.3577,-279.180173266123,225.447243798729,53.6135542683905,9364.79883545233,150.457232017734
0.3578,-282.044066785696,218.884259343919,63.0503229278078,9357.16449343256,150.434981574181
0.3579,-284.848214479286,212.134365034478,72.5750645271986,9349.90801671523,150.440675790607
0.358,-287.091202713001,205.156709408995,81.982161683792,9343.08069842595,150.431310186598
0.3581,-289.161184393137,197.951927010803,91.3049377783193,9336.73221010563,150.424189955633
0.3582,-291.029188017621,190.520210414189,100.471532583654,9330.84406679293,150.447986756399
0.3583,-292.465907560004,182.928630694767,109.455046557959,9325.39931603362,150.439736676191
0.3584,-293.534953137615,175.160706302926,118.434931415061,9320.39308897058,150.409430668251
0.3585,-294.565259711941,167.276046973802,127.281327120217,9315.87083780029,150.423017773966
0.3586,-294.973057338172,159.07079099539,136.027304574034,9311.75123191203,150.425851752667
0.3587,-295.411689896133,150.837568500129,144.559603591201,9308.13543905318,150.389407812993
0.3588,-295.368827770114,142.370108230958,152.958559940491,9304.99361585616,150.407064668117
0.3589,-294.968197128151,133.856035957275,161.229585179225,9302.31247371797,150.412418750048
0.359,-294.369783567795,124.961547266254,169.333869498162,9300.06063632202,150.39247554191
0.3591,-293.406284251795,116.134105769905,177.258333713329,9298.30328415689,150.410652752695
0.3592,-292.10010254266,107.016878390144,185.117767478598,9297.04832251302,150.411761809089
0.3593,-290.652586686358,98.0433345882218,192.665944008713,9296.15612849016,150.431118962075
0.3594,-288.817917975981,88.8022419628093,199.956893866424,9295.78148391652,150.406335781194
0.3595,-286.628880909414,79.4732252824631,207.138750463981,9295.84915602533,150.429751330962
0.3596,-284.198417983523,70.0993283513917,214.025367447096,9296.3512833652,150.426579117282
0.3597,-281.410405139912,60.5481887970809,220.845284656764,9297.33128386604,150.441163374643
0.3598,-278.328258937472,51.058796200215,227.314474793097,9298.75416845336,150.447182373951
0.3599,-275.001367461457,41.4582056405335,233.524902060283,9300.63343517904,150.422757723778
0.36,-271.366366872469,31.8355146144413,239.626875879985,9302.93280820119,150.430722217032
0.3601,-267.575535408224,22.1144363627995,245.436160995712,9305.66167935037,150.449634565137
0.3602,-263.409098677124,12.4047148475833,251.026152458607,9308.77730643556,150.398347365189
0.3603,-258.969989736418,2.5916602595254,256.286381633113,9312.40515386038,150.397513447395
0.3604,-254.192838907801,-7.03820299940033,261.269230646401,9316.38485617981,150.410348517929
0.3605,-249.234370412626,-16.8995979176926,265.996476303896,9320.78544588006,150.398858887664
0.3606,-243.997274159256,-26.6162653043848,270.597112994437,9325.58502244654,150.389513455752
0.3607,-238.45293681559,-36.2782323203101,274.816422771494,9330.7585857782,150.400915784949
0.3608,-232.753577157704,-45.9578949857885,278.813490002368,9336.38568832952,150.398337292362
0.3609,-226.807896189089,-55.7861040662416,282.414458468565,9342.36665590562,150.371217013552
0.361,-220.519451586925,-65.3754550119187,285.766852563357,9348.74049162646,150.387463366072
0.3611,-214.096567960934,-74.8699364319345,288.965434150802,9355.45188847221,150.397236529773
0.3612,-207.322393051674,-84.4114317260146,291.756093601345,9362.47965458339,150.394870798601
0.3613,-200.524775274786,-93.7734550721767,294.351916758244,9369.87892933615,150.403581833342
0.3614,-193.335826026276,-103.149513652718,296.573009524328,9377.623984626,150.356520229596
0.3615,-186.039515495703,-112.431344432595,298.437785585053,9385.7323988538,150.421707299624
0.3616,-178.499249793318,-121.588312042925,299.955861140222,9394.10489164109,150.402373633118
0.3617,-170.754137925435,-130.545638340148,301.346046179913,9402.78511169583,150.386760903821
0.3618,-162.86936251012,-139.512673781217,302.346160735151,9411.78311134738,150.385986046908
0.3619,-154.758451488046,-148.299425864419,303.110617863446,9421.05530534175,150.360088505477
0.362,-146.523158079492,-157.033553739838,303.437959770423,9430.59856054263,150.381906960086
0.3621,-138.109556098362,-165.440832335189,303.555834535067,9440.37174250477,150.37674515975
0.3622,-129.55077857463,-173.74950523834,303.351104863067,9450.49789698858,150.369409671277
0.3623,-120.955396688775,-182.044373926135,302.938468105611,9460.76516459508,150.354916348072
0.3624,-111.921137159218,-190.044253804466,301.880915273685,9471.292011583,150.376199053691
0.3625,-102.954703598134,-197.9024289809,300.912594556902,9482.01973200064,150.382179897534
0.3626,-93.8462674510127,-205.579946732767,299.540058742746,9492.97949137959,150.390259704641
0.3627,-84.7311635382084,-212.982470216694,297.699736230919,9504.08102803805,150.335308511743
0.3628,-75.4659212134144,-220.316592591461,295.720101509864,9515.34085950776,150.401486504564
0.3629,-66.1102710644248,-227.263030197829,293.483147114405,9526.87700400146,150.392450400645
0.363,-56.5927517181992,-234.091245185198,290.726669319518,9538.44614726067,150.395546285892
0.3631,-46.9586601744244,-240.726997643407,287.861600324733,9550.19245499079,150.407271868296
0.3632,-37.4677847851361,-247.281890928204,284.604600342384,9562.06532092056,150.363617013212
0.3633,-27.6842768647039,-253.347568048542,281.153362619267,9574.03757689506,150.364510562191
0.3634,-18.0348638630492,-259.218267640272,277.420130238109,9586.1233501707,150.329979391704
0.3635,-8.30221511324664,-264.952183243217,273.228043003762,9598.27209245016,150.388875600727
0.3636,1.51460372379254,-270.400760176802,268.884060651049,9610.44382358357,150.367376247148
0.3637,11.173146309058,-275.562688087134,264.186005543785,9622.73359439945,150.374227759177
0.3638,21.0284615526524,-280.519082481701,259.465987639043,9635.02949105487,150.349105005649
0.3639,30.8309454831105,-285.119087332872,254.255174590913,9647.38879264615,150.373150766344
0.364,40.6630520452317,-289.397709675172,248.829248995955,9659.74522217961,150.329739177591
0.3641,50.3078198026128,-293.445395298445,243.240074188983,9672.0968495016,150.30422425416
0.3642,60.0458614128222,-297.350067559596,237.249399686834,9684.3951568337,150.353617445966
0.3643,69.6577705208505,-300.885127492867,231.029561635456,9696.72211820852,150.340672659453
0.3644,79.4096192388787,-304.074204344532,224.734639532488,9708.99362373229,150.337625517415
0.3645,88.94240723622,-306.980116807728,218.155306924694,9721.23755114963,150.344035434502
0.3646,98.3840026536419,-309.687560591925,211.253624687502,9733.38870791855,150.3481566468
0.3647,107.885698075936,-312.034073596612,204.234101564185,9745.44532289916,150.32286904063
0.3648,117.162965163092,-314.073145759457,196.894893993333,9757.38700869185,150.343512977384
0.3649,126.302433649997,-315.80328767996,189.474779208092,9769.30429022631,150.336869628979
0.365,135.456011880747,-317.250985396209,181.772501575038,9780.99048648301,150.36731391512
0.3651,144.415603796788,-318.330713546947,174.005657454688,9792.64131346777,150.353442266967
0.3652,153.260191036061,-319.237998360322,165.85258900374,9804.10444642275,150.319447439748
0.3653,162.036136300691,-319.716884142715,157.648608621398,9815.41124607392,150.309417149658
0.3654,170.701507595808,-320.00131970548,149.301276061851,9826.56759934274,150.301075698979
0.3655,179.151177575642,-319.892086212809,140.797141965654,9837.47982652528,150.288086893745
0.3656,187.508065694124,-319.497436047856,132.073892501488,9848.27509624766,150.347599421951
0.3657,195.644948342174,-318.804290742225,123.254110303976,9858.75821369122,150.307826672188
0.3658,203.517156400209,-317.876544302538,114.331223190411,9869.11975659738,150.32320473502
0.3659,211.295510900635,-316.405636872942,105.196330892611,9879.24238669649,150.319085138956
0.366,218.984271235062,-314.967724575296,95.9826954750531,9889.08642232276,150.342032106999
0.3661,226.281605600314,-312.990708320393,86.6765664281704,9898.69896957551,150.311159395996
0.3662,233.452096841501,-310.841700195292,77.2012149016782,9908.04730259952,150.336889454287
0.3663,240.45934552991,-308.184856670975,67.8806600154061,9917.13769074428,150.297464779236
0.3664,247.212416800615,-305.392478347691,58.2458612100039,9925.9673530131,150.291229069223
0.3665,253.659785213638,-302.385766116971,48.7175518112764,9934.41157075442,150.319963126542
0.3666,259.948744604339,-298.92409478314,38.9526827260673,9942.62539659471,150.316718418451
0.3667,265.933323600569,-295.185040218649,29.279789805396,9950.50623609467,150.3335010912
0.3668,271.866840485663,-291.230779624461,19.4244291929495,9958.08570055242,150.27585753539
0.3669,277.319657815106,-286.919412894908,9.75880148192416,9965.32735002252,150.33878086669
0.367,282.794329575345,-282.522384863848,-0.107912478811864,9972.27226580109,150.303470313063
0.3671,287.70357273856,-277.71517812205,-9.92905998319067,9978.80570680315,150.296680783923
0.3672,292.459991442299,-272.656705621586,-19.822464670829,9985.01979442587,150.309106480951
0.3673,296.87835830801,-267.307414895843,-29.6088247294534,9990.92009838015,150.294042303651
0.3674,301.14847646099,-261.755662373294,-39.4796373089379,9996.39969309651,150.296741568103
0.3675,305.142847967342,-255.901064019808,-49.2595995138213,10001.5119487897,150.315569505642
0.3676,308.831356380834,-249.796428132798,-58.9228670204451,10006.3144392106,150.291469792298
0.3677,312.083932911776,-243.459066371432,-68.6341017756571,10010.6186359819,150.299897435607
0.3678,315.312923302678,-236.838388844192,-78.2858003178143,10014.643929732,150.281843492099
0.3679,318.027553761047,-230.208094515158,-87.8534896617032,10018.2021574078,150.26087282765
0.368,320.444347101709,-223.251725506904,-97.4331779281121,10021.4174112851,150.280920621161
0.3681,322.61936545202,-215.931820023849,-106.72757783124,10024.1308673459,150.295414044023
0.3682,324.568048158427,-208.497795409721,-115.976761488084,10026.6016164489,150.287100359524
0.3683,326.108375075786,-200.822147338614,-125.345619804291,10028.5510689977,150.279137437003
0.3684,327.375499769355,-192.990908438452,-134.338724427167,10030.1349665541,150.266849024414
0.3685,328.436593266759,-185.078938869627,-143.348608691657,10031.2999793659,150.275548455297
0.3686,329.099333024333,-176.815602297837,-152.152215751721,10032.0647786378,150.281738453813
0.3687,329.369556693737,-168.541667458673,-160.924919456125,10032.4269668275,150.266920228416
0.3688,329.534292075833,-160.031224864431,-169.509607503788,10032.3206707896,150.286171859984
0.3689,329.168551712504,-151.362048181445,-177.820886289229,10031.8194882092,150.294428012274
0.369,328.685820552492,-142.462796805639,-186.177186226715,10030.8944671824,150.273088894513
0.3691,327.766057886682,-133.630687844054,-194.154636121621,10029.5267898372,150.250293608515
0.3692,326.593363316153,-124.414253483604,-202.155588659255,10027.7919900558,150.281495305669
0.3693,325.136193688875,-115.242236302266,-209.818823580683,10025.6677778335,150.239818033359
0.3694,323.378815997252,-106.017595481091,-217.200896451709,10023.0063048512,150.24112629267
0.3695,321.300096166365,-96.7212032813396,-224.57055784609,10020.0300680381,150.241941543743
0.3696,318.849538460678,-87.1762945308332,-231.656683368435,10016.5772305716,150.269585643831
0.3697,316.171851855003,-77.6248664590157,-238.6374359787,10012.7766990054,150.231252669739
0.3698,313.086737540515,-67.9255127081229,-245.192359603529,10008.5478920711,150.292986973998
0.3699,309.833855947973,-58.2757369953884,-251.623536269779,10003.9010423256,150.276492438245
0.37,306.271025738338,-48.4948736665715,-257.799617201764,9998.8363835677,150.24763640364
0.3701,302.372481762824,-38.6715573216066,-263.747955719431,9993.39552097693,150.292679321917
0.3702,298.369094834912,-28.8611089062748,-269.377697043846,9987.58260018668,150.264226113662
0.3703,293.795601928896,-18.95263802332,-274.812942849193,9981.3862609793,150.256598907222
0.3704,289.192638960431,-9.10262481415799,-280.051801928477,9974.76358678218,150.271907065455
0.3705,284.207678305218,0.802510680053043,-285.001144966725,9967.79133546789,150.235730634257
0.3706,278.914735316887,10.693705999636,-289.607002381341,9960.45574977623,150.207127144043
0.3707,273.50677543566,20.5517481192582,-293.981704162645,9952.67794840925,150.265774403806
0.3708,267.75582499671,30.3199062732346,-298.015850432758,9944.61969391774,150.24274539068
0.3709,261.7199274236,40.1811131266651,-301.80236267188,9936.19986217315,150.233921328093
0.371,255.528652361751,49.9377796680962,-305.482031939952,9927.43480261754,150.290249740139
0.3711,248.964718116735,59.6000856596925,-308.477236411533,9918.34462158871,150.248271120914
0.3712,242.176738127952,69.2744361028808,-311.500466506582,9908.87136774649,150.264521061733
0.3713,235.315334645606,78.7972347883488,-314.243179131298,9899.10294090469,150.234262563895
0.3714,228.082577721771,88.3091834165607,-316.489276918681,9889.00889031776,150.226954121793
0.3715,220.880006847106,97.7993860574453,-318.54133829817,9878.64716817754,150.224008208594
0.3716,213.226891423347,107.089548369311,-320.267381398125,9867.98023667714,150.223825435692
0.3717,205.435437578504,116.313761333151,-321.74456395488,9857.04262597819,150.207682301811
0.3718,197.516167582155,125.39531469521,-322.877843354924,9845.73896329226,150.253756372955
0.3719,189.339057874893,134.332923536935,-323.684688958193,9834.20540695899,150.223582187311
0.372,181.143899678114,143.090912143678,-324.187009181439,9822.43868723596,150.218833410652
0.3721,172.530806697889,151.787542311627,-324.377277004262,9810.41693594339,150.214868264536
0.3722,163.946639672042,160.44239714454,-324.2633618669,9798.09347222812,150.254262739661
0.3723,155.151833613359,168.745088395851,-323.851428872677,9785.63471309078,150.214517417938
0.3724,146.273463378983,176.865381068784,-323.05174690654,9772.89987163888,150.257204415581
0.3725,137.168820340446,184.902278241008,-322.069280687837,9759.97244681098,150.237181330748
0.3726,128.035730929578,192.785153349884,-320.748216367687,9746.82259690027,150.226881490503
0.3727,118.724350277846,200.33808633109,-319.064250481759,9733.55496618934,150.212927389507
0.3728,109.278788012641,207.769014055727,-317.092203512777,9720.10279184465,150.220584260635
0.3729,99.9019267477457,214.95159461192,-314.824062889259,9706.42202499063,150.199755483091
0.373,90.2568948861444,222.036887924589,-312.426324807991,9692.65050372293,150.195533032499
0.3731,80.5935258191632,228.767583422847,-309.46114709471,9678.7113862129,150.217274620523
0.3732,70.929638121533,235.382750559129,-306.21159944519,9664.61800016938,150.228006153595
0.3733,61.1268910442208,241.705028986286,-302.916449382727,9650.4818450002,150.225336881805
0.3734,51.329386889839,247.732721646636,-299.116363871135,9636.15983926631,150.199708989154
0.3735,41.5635912525386,253.627839495239,-295.074605183919,9621.78570712542,150.189417297606
0.3736,31.5448255457965,259.16548678821,-290.725123275721,9607.31396293857,150.208473917182
0.3737,21.5866442198031,264.546005973323,-286.170682149207,9592.8251324013,150.190205714297
0.3738,11.6413704051344,269.627275446812,-281.280299159631,9578.28877094945,150.207770491207
0.3739,1.76963469833716,274.37518491897,-276.168345829147,9563.64958040482,150.187294874125
0.374,-8.16908408578618,278.90251634593,-270.7936587115,9548.95920575607,150.189988439297
0.3741,-18.030164772389,283.212396200651,-265.155791268642,9534.34097675668,150.215630641907
0.3742,-27.8339757766268,287.091721588648,-259.185288588413,9519.6548354609,150.199499333216
0.3743,-37.7572962859866,290.801618318776,-253.063143922884,9504.95763500368,150.192340615195
0.3744,-47.5826202304851,294.188307897368,-246.67981553229,9490.31840123722,150.216132656965
0.3745,-57.2378426141684,297.264169219534,-240.080278313595,9475.702159478,150.190503334861
0.3746,-66.8288834153754,300.114700125129,-233.148175789314,9461.1509608786,150.179521253405
0.3747,-76.5189408840027,302.581896780092,-226.209218907087,9446.61991306381,150.216682688086
0.3748,-85.9332340092713,304.849719894569,-218.8946177359,9432.16118588013,150.19202302578
0.3749,-95.3214847355606,306.652604155393,-211.347401448489,9417.74410502796,150.155975681304
0.375,-104.496325354694,308.247784448034,-203.62841149527,9403.44620879016,150.22544194025
0.3751,-113.785015886141,309.575587553916,-195.787226666709,9389.2674529819,150.187034051664
0.3752,-122.818795523562,310.434818635295,-187.697969480314,9375.13785562548,150.178811603584
0.3753,-131.775119656877,311.215041918344,-179.398818546452,9361.20768229353,150.190263009627
0.3754,-140.569239553789,311.564195842612,-171.044553158054,9347.3960262012,150.194597314364
0.3755,-149.162536619153,311.600142332401,-162.342664062648,9333.7083445921,150.188697779251
0.3756,-157.597766268777,311.265615331512,-153.707781227005,9320.18483836072,150.182714829263
0.3757,-165.894960408201,310.694202108546,-144.771149255867,9306.81811463535,150.162946411727
0.3758,-174.106419513147,309.769924297284,-135.700055053992,9293.63374418191,150.171025181108
0.3759,-182.003718846123,308.695747139651,-126.714228568971,9280.63879491726,150.17622971631
0.376,-189.892103719575,307.19639713915,-117.399570702321,9267.88656618915,150.175461336272
0.3761,-197.300184609358,305.276887180452,-107.95989560318,9255.27820100137,150.17198177376
0.3762,-204.702690912483,303.20662711963,-98.4316656745884,9242.9064556297,150.12425351525
0.3763,-211.797718247285,300.746991541922,-88.8992845426337,9230.75849273767,150.129813646737
0.3764,-218.853091503107,298.129740541808,-79.3306196538963,9218.89174607011,150.12814625211
0.3765,-225.453434009974,294.982897093082,-69.5136054901235,9207.22732182226,150.163608176152
0.3766,-231.996238351584,291.742093236244,-59.697302122498,9195.78859399092,150.166410642637
0.3767,-238.186476869,288.045758083107,-49.9368153166555,9184.63952009284,150.161900297242
0.3768,-244.214883411668,284.206920327254,-40.0004117932762,9173.73381095119,150.191635886288
0.3769,-249.952260427256,280.091834449082,-30.1517308584637,9163.15691774419,150.158066729188
0.377,-255.454074805312,275.590414023223,-20.2672272198308,9152.80483249721,150.158595714862
0.3771,-260.571743772886,270.863492172351,-10.2811347035921,9142.78293891036,150.156112717593
0.3772,-265.588594454664,265.740554663094,-0.294814541483947,9133.09313193946,150.150679292536
0.3773,-270.078316257976,260.586079873549,9.54234387002671,9123.66029420307,150.174367820015
0.3774,-274.46219937174,254.991063251909,19.5655571514548,9114.52756168632,150.189767223507
0.3775,-278.743123042335,249.150150729046,29.4458264676569,9105.73661503765,150.134295805939
0.3776,-282.542529318952,243.162404195932,39.3915875746371,9097.30572486903,150.121604802142
0.3777,-286.138788907544,236.868609868593,49.1796930293548,9089.12295732202,150.164001621965
0.3778,-289.348774399249,230.367964240141,58.959978146903,9081.31444317402,150.135597082736
0.3779,-292.298882279078,223.624083644364,68.7485578867538,9073.8514805403,150.15420984422
0.378,-294.86348731195,216.646965301018,78.2207260634432,9066.68926262876,150.142102279947
0.3781,-297.191319968298,209.477551881777,87.8422730763346,9059.89767449006,150.108298678139
0.3782,-299.275080723773,201.980397483867,97.3189105733158,9053.4866445429,150.139363150449
0.3783,-301.058465538785,194.357490422747,106.728339684092,9047.3675597941,150.120714091133
0.3784,-302.402771312423,186.51937135802,115.901164208657,9041.63679471515,150.128049702493
0.3785,-303.606893696279,178.516639255509,125.133499450234,9036.26582801962,150.128502979298
0.3786,-304.438944483727,170.444652751985,134.028379842694,9031.27485600241,150.110687091851
0.3787,-304.944135979663,161.960907509959,142.939998058049,9026.66496465942,150.125530389916
0.3788,-305.03878998351,153.447429818237,151.69925524834,9022.34291250659,150.092853328093
0.3789,-304.948625718157,144.694155889981,160.282924521231,9018.44695928891,150.132059117624
0.379,-304.624751247476,135.890332211044,168.641815506445,9014.87894668053,150.140927583357
0.3791,-303.913960370112,126.833595323383,176.918304478303,9011.70473532817,150.092022210618
0.3792,-302.732777748868,117.901434561725,184.859977180323,9008.88919201041,150.088299465719
0.3793,-301.391180437023,108.554028254674,192.761521382082,9006.40841661111,150.165724467832
0.3794,-299.617924773777,99.266821904272,200.551161543148,9004.29876953781,150.113283095064
0.3795,-297.708444208084,89.7901922141503,207.947523441429,9002.57273925695,150.123803425291
0.3796,-295.522792543283,80.3862217838271,215.257418815733,9001.23588851022,150.077180939265
0.3797,-292.962710831599,70.6592635135296,222.319236133998,9000.28181469106,150.08962719352
0.3798,-290.056400205197,60.9238431890729,228.99448727717,8999.59088126336,150.134473127988
0.3799,-286.815290135374,51.1030421988056,235.696726040718,8999.24173534756,150.096876435329
0.38,-283.361279681128,41.2843579615837,242.02898340569,8999.32945773348,150.106578857296
0.3801,-279.501577594856,31.4111485372125,248.16708429051,8999.7285819342,150.079503217951
0.3802,-275.499191660704,21.3860413007701,253.94956982285,9000.55012178995,150.078266695113
0.3803,-271.174249773051,11.5004409314687,259.597015484468,9001.57738779183,150.097202104337
0.3804,-266.542442446963,1.57138549279972,264.97856308454,9003.08626023632,150.063147231582
0.3805,-261.644575721136,-8.46361778470701,270.083875965418,9004.8536821257,150.097978516777
0.3806,-256.452620900759,-18.2948681093031,274.904889816719,9006.92179087958,150.084950348592
0.3807,-251.150291604272,-28.3867276822921,279.400648940627,9009.38722853704,150.081437912391
0.3808,-245.287622880466,-38.2495459992958,283.716678679235,9012.11755112077,150.110514453921
0.3809,-239.388401296179,-48.2241554292217,287.535342004082,9015.18200775561,150.093210684779
0.381,-233.179425723498,-58.0187894064713,291.412039192724,9018.56069789122,150.128574576805
0.3811,-226.832087510424,-67.9121200584856,294.737458923276,9022.21182820717,150.081960771431
0.3812,-220.143510750549,-77.5857186165776,297.878083675406,9026.2033666501,150.077528742131
0.3813,-213.240081561424,-87.3006664273324,300.630397737532,9030.44067815828,150.099544675958
0.3814,-206.074986258688,-96.9975395550632,303.075028373091,9034.9842168652,150.097220917902
0.3815,-198.787359132601,-106.551297271198,305.248348718745,9039.78948820666,150.11335264832
0.3816,-191.169973092098,-115.837997086897,307.213169193782,9044.84254569379,150.102342319044
0.3817,-183.490583715611,-125.290115581953,308.783318750374,9050.21788027548,150.06800453587
0.3818,-175.487417046643,-134.512464877808,309.918966422767,9055.78462429959,150.069281772221
0.3819,-167.360614100923,-143.642528514719,310.941882248237,9061.6601321573,150.058981138679
0.382,-159.073229972745,-152.534056481124,311.683441590565,9067.70690896673,150.059395438911
0.3821,-150.5979650146,-161.388510569039,311.946392002056,9073.94429433841,150.068377681913
0.3822,-141.985838416445,-170.079549721399,311.916468416131,9080.46113282511,150.05128673287
0.3823,-133.170741005627,-178.532583109445,311.678965392825,9087.19200888311,150.068764219524
0.3824,-124.09663395173,-186.854394594682,311.028494158605,9094.10263201669,150.06566813519
0.3825,-115.230897392537,-194.98913594963,310.171042858148,9101.21013666203,150.047769485052
0.3826,-106.000980591639,-202.852926202511,308.955001128959,9108.44543477713,150.081911540076
0.3827,-96.6467077624586,-210.776148336802,307.422319949164,9115.90433081621,150.087075765245
0.3828,-87.2046428450792,-218.354943279111,305.574519770441,9123.52340375533,150.050370530575
0.3829,-77.6880821015852,-225.717146959093,303.262390495509,9131.23595020829,150.050890263537
0.383,-68.0751527492011,-232.906577005055,300.902905018649,9139.1422633674,150.100359858292
0.3831,-58.4105434236944,-239.838130041137,298.057337392286,9147.15384978794,150.029629983518
0.3832,-48.5913375972767,-246.459419259499,295.053123466423,9155.30151375805,150.03246439252
0.3833,-38.6837234647041,-252.973901376887,291.750245592035,9163.55199928627,150.06431051766
0.3834,-28.890104548774,-259.143058259364,288.029115026891,9171.89607902963,150.038328265722
0.3835,-18.9170141832933,-265.175405070869,284.140783586422,9180.2785658353,150.055364528616
0.3836,-8.94980832659111,-270.943534767629,279.926074717479,9188.78389394962,150.030004325449
0.3837,1.06723175798398,-276.492418534466,275.357598934835,9197.36125994058,150.047831562921
0.3838,10.9946084687879,-281.686836480537,270.547929646546,9205.99767058041,150.043457739279
0.3839,21.0887285557217,-286.55533492016,265.422295086845,9214.6616633005,150.029904244731
0.384,31.007172509444,-291.254313723466,260.161292337658,9223.34803965256,150.006996219842
0.3841,40.9912682684254,-295.658514915892,254.541954631339,9232.10515940224,150.071126975619
0.3842,50.9589115723891,-299.634800251356,248.772853044482,9240.79908075685,150.073780537543
0.3843,60.880011734518,-303.456147172497,242.643072987006,9249.53168922876,150.020960025044
0.3844,70.776614452147,-307.083070085353,236.387027059956,9258.27070024774,149.987133323941
0.3845,80.5433062766001,-310.363377832567,229.773946464225,9266.96142228097,150.048123791439
0.3846,90.3037959224869,-313.19378682292,222.956698830646,9275.62095416067,150.018202121359
0.3847,99.9659950496521,-315.818107844156,215.92927422486,9284.24734328479,150.049889501553
0.3848,109.557122205428,-318.20783349165,208.496109704332,9292.84681857934,150.026381532668
0.3849,119.042303561737,-320.188895769791,201.087798030967,9301.33202353391,150.024609498858
0.385,128.475092539447,-321.941814126853,193.336369983278,9309.80903319437,150.018043303099
0.3851,137.885861380701,-323.35067612511,185.447421014953,9318.15594572904,150.025774736517
0.3852,146.951900687617,-324.445300534824,177.406395375419,9326.39767774488,150.003377571989
0.3853,156.129497976672,-325.125817200857,169.189713613385,9334.53442523035,149.998697649987
0.3854,164.918844758523,-325.632215109656,160.777420845812,9342.57062363621,149.991235426748
0.3855,173.575577322619,-325.803919893232,152.147463355132,9350.48978888039,150.047759893147
0.3856,182.220116508524,-325.614506752413,143.427541074854,9358.24842485806,149.99834969474
0.3857,190.738840089397,-325.101434506006,134.451204696852,9365.8984931136,150.027290895002
0.3858,198.978622540124,-324.433318727253,125.399323106081,9373.36792009351,150.035846876509
0.3859,207.130585754306,-323.273543505151,116.303258921841,9380.66958253211,150.014295850592
0.386,214.887623358693,-321.83766413031,107.047785471265,9387.81256165218,150.033007276341
0.3861,222.610009958534,-320.223261468849,97.4384259707973,9394.73695467677,149.998886925055
0.3862,230.021421980262,-318.115796056592,87.9109688259917,9401.59281016312,149.951101200458
0.3863,237.392118225869,-315.790770243743,78.4269533268819,9408.13009989403,149.991113904338
0.3864,244.366472038836,-313.184439328351,68.7225037285298,9414.4943118627,150.006916334464
0.3865,251.242962820705,-310.151620742259,58.9692271779447,9420.66453704734,149.992652143177
0.3866,257.835334834335,-306.993346836119,49.1488591184108,9426.60054362368,150.000329181504
0.3867,264.216695732834,-303.320440094831,39.2156368546056,9432.2961096636,149.94540545974
0.3868,270.36925503304,-299.529734893378,29.2203740282374,9437.73499629841,150.005859952532
0.3869,276.194167955774,-295.454229173694,19.2471050838228,9443.00486556698,149.980790396976
0.387,281.813414284719,-291.109495401567,9.28496868075249,9447.95489627566,149.964834473226
0.3871,287.132145682892,-286.325193272461,-0.776699470974543,9452.68631803511,150.00174236968
0.3872,292.219482516569,-281.376869023959,-10.8535035627845,9457.13242981569,149.979301799522
0.3873,297.099805411219,-276.184802676974,-20.8543173128999,9461.27866834038,149.977476248821
0.3874,301.527480336451,-270.61959875603,-30.9246663501055,9465.13245800741,150.026701890264
0.3875,305.738309921411,-264.850801748208,-40.9190264317994,9468.81884850691,149.983168903716
0.3876,309.70593468502,-258.892350705825,-50.8949232070267,9472.13758078703,150.025067381151
0.3877,313.412837530484,-252.641831800438,-60.8294666941476,9475.19322413889,149.959988779312
0.3878,316.778592760046,-246.125069200527,-70.6981422857764,9477.91182488657,149.985557871126
0.3879,319.874864398164,-239.40195459118,-80.452337513473,9480.34836435656,149.966157852982
0.388,322.637453054867,-232.446816590562,-90.2985316104799,9482.48298055169,149.980761254827
0.3881,325.176228689064,-225.13761415077,-99.975052225877,9484.32710016371,149.97033176096
0.3882,327.314576284732,-217.800019272562,-109.449626703133,9485.86575540342,149.941829004687
0.3883,329.115715413669,-210.128639803224,-118.970895308384,9487.07663438527,149.981211477311
0.3884,330.686777885549,-202.304475488037,-128.397977833318,9487.9576826017,149.902599372998
0.3885,331.995274507739,-194.262393092607,-137.661353348438,9488.48052281278,149.955165372616
0.3886,332.745005447284,-186.107502893168,-146.724139701953,9488.79170539579,149.956768824437
0.3887,333.448104375209,-177.669310707882,-155.696301105956,9488.64870564769,149.99272424038
0.3888,333.799426180012,-169.21803707058,-164.655695688379,9488.23836121238,149.932137711203
0.3889,333.703387484307,-160.485532190901,-173.288580931075,9487.50737514486,149.986491124421
0.389,333.445859901112,-151.650346053434,-181.847417038151,9486.43536046244,149.941250507556
0.3891,332.760073587898,-142.489555077894,-190.214704363242,9485.08361804935,149.931710925751
0.3892,331.756979981572,-133.35175998158,-198.404319157379,9483.3201346722,149.951882889754
0.3893,330.571605984382,-124.091460919484,-206.541164040872,9481.28131998151,149.979567297283
0.3894,328.918157762648,-114.683782241979,-214.209152436961,9478.90296306948,149.937260637592
0.3895,327.077023008531,-105.295768702774,-221.804888754439,9476.19179602523,149.936126960799
0.3896,324.860968420957,-95.4993993180746,-229.236608731914,9473.11836657222,149.960246540512
0.3897,322.332301918587,-85.8884127069429,-236.435505426495,9469.74502132765,149.930832907166
0.3898,319.525230271992,-76.113683454367,-243.424226347346,9466.09988003258,149.920141390552
0.3899,316.378696261479,-66.2134166509079,-250.202744084675,9462.06368673117,149.945036121067
0.39,313.006290264245,-56.3333057771262,-256.616983360105,9457.71855391741,149.917329493901
0.3901,309.241072568944,-46.3878014765895,-262.896081634109,9453.06916559122,149.938093006038
0.3902,305.159690221551,-36.3388604440361,-268.962251608623,9448.10903952858,149.954622029026
0.3903,300.999039306507,-26.2928095304647,-274.635381386382,9442.81160979289,149.939044770624
0.3904,296.457676380146,-16.2307881807595,-280.21970573464,9437.18869429485,149.995070348994
0.3905,291.531043733893,-6.18675318771307,-285.316150524329,9431.29883001002,149.96886433904
0.3906,286.44673734009,3.9079360666257,-290.2761665266,9425.11257266796,149.949047314559
0.3907,280.939047042044,13.9247233065264,-294.981868108012,9418.58895018045,149.965364559184
0.3908,275.337089227968,24.0307652957481,-299.358863663028,9411.81351128163,149.934977521568
0.3909,269.382866649465,34.0096966497573,-303.474074994801,9404.75481894284,149.961273961033
0.391,263.230758962899,44.1342304502646,-307.269106270789,9397.36992941294,149.911688897452
0.3911,256.809624004322,54.002396885481,-310.836350466221,9389.72253836114,149.928073356846
0.3912,250.178608229412,63.7988985516916,-314.203757265061,9381.77225954148,149.913344833484
0.3913,243.299699774952,73.7204337114786,-316.982255377519,9373.63697154324,149.915182859489
0.3914,236.218362451871,83.4374333646219,-319.636636052139,9365.23207694043,149.898001776519
0.3915,228.833545513244,93.1725453972551,-321.897144009663,9356.50554684791,149.955017080527
0.3916,221.221182151855,102.719880955233,-323.949736570416,9347.60218195596,149.90250879368
0.3917,213.452281013263,112.160962009237,-325.626946339504,9338.39729676553,149.882523357747
0.3918,205.494303240441,121.530358911802,-327.118617515104,9328.98515460476,149.919454473921
0.3919,197.300693010699,130.710296658879,-328.080009717612,9319.31129364559,149.917058044064
0.392,189.062449709111,139.848697027756,-328.909563501074,9309.462897407,149.911002445635
0.3921,180.615308337531,148.832657085976,-329.354307025288,9299.36676166168,149.918774943049
0.3922,171.781408427975,157.635545885596,-329.416086667784,9289.0680420524,149.894722321307
0.3923,163.023041705895,166.391501019818,-329.29368752802,9278.63062357277,149.931686491144
0.3924,153.953192269332,174.680520769989,-328.847413201671,9267.98202321477,149.901675864716
0.3925,144.90719131724,183.083076735416,-327.896259794545,9257.10724849213,149.881505660993
0.3926,135.524205110787,191.181303499213,-326.771573666679,9246.07103672904,149.909846745335
0.3927,126.222254772064,199.174045313927,-325.289890295567,9234.9027126236,149.920645364867
0.3928,116.661756719778,206.819145861112,-323.709166989076,9223.57911845255,149.904944128836
0.3929,107.253938047951,214.434022142338,-321.572494286416,9212.13284667703,149.901966855833
0.393,97.5676056884064,221.734481351372,-319.233376642924,9200.49582511784,149.891563082772
0.3931,87.6400369462465,228.827833917248,-316.60072345239,9188.71674222836,149.886423867962
0.3932,77.8515233294977,235.699919306292,-313.579243717015,9176.90544611585,149.92016671702
0.3933,67.9277712004279,242.340224500948,-310.185658095392,9164.88446782185,149.856568518997
0.3934,57.9282018515184,248.659728968317,-306.731794913284,9152.82357502152,149.883139619889
0.3935,47.8678575617382,254.921933284712,-302.71521092064,9140.62624401665,149.864455941187
0.3936,37.8012232726375,260.763641722424,-298.566911628073,9128.43802366648,149.867612253058
0.3937,27.7423591933406,266.488913463419,-294.249967366887,9116.09184746281,149.850857859748
0.3938,17.5801298382432,271.807506808056,-289.403202080047,9103.72622077831,149.878787267949
0.3939,7.56474259237038,276.935159178164,-284.450390937427,9091.27425623365,149.86273627177
0.394,-2.58810916022639,281.728910362579,-279.226925908507,9078.78460370092,149.854417044508
0.3941,-12.6776947557878,286.255801422045,-273.606714802195,9066.34447400588,149.867295516531
0.3942,-22.766268850606,290.526272881512,-267.809346193632,9053.73910576269,149.867481279035
0.3943,-32.8672375189866,294.527926187462,-261.711922240355,9041.22215968493,149.865789717133
0.3944,-42.8118380346791,298.187356919003,-255.379980948249,9028.63750751914,149.860895596119
0.3945,-52.6905829874805,301.567191819552,-248.86176094337,9016.11839504335,149.853688661247
0.3946,-62.7121018533775,304.703152645545,-242.015391797806,9003.55341036701,149.900508265626
0.3947,-72.3728466743092,307.452142949111,-235.043413331513,8991.04848556592,149.855300146403
0.3948,-82.1903401113128,309.895495129328,-227.816247781284,8978.58644226111,149.881224573999
0.3949,-91.8252419740465,312.06212440451,-220.288638943703,8966.11185373859,149.821305258179
0.395,-101.373163508969,314.014400092206,-212.612264472857,8953.77874035975,149.89975280002
0.3951,-110.909996307736,315.506692317175,-204.726942973477,8941.44990500243,149.88062044214
0.3952,-120.175726482609,316.871811255363,-196.598004406108,8929.17623317443,149.848791902923
0.3953,-129.40036498599,317.747515481493,-188.363062625503,8916.9751715329,149.879655840184
0.3954,-138.372952450263,318.235180661168,-179.843105691667,8904.93467064934,149.873108191633
0.3955,-147.280777890068,318.603491678775,-171.259649688165,8892.90440299328,149.860729866454
0.3956,-156.01295368088,318.613218069461,-162.439733392032,8881.0220137709,149.805230494083
0.3957,-164.700556980569,318.264126339388,-153.585112559448,8869.27503823761,149.878573955097
0.3958,-173.094475953414,317.482736560005,-144.461510838592,8857.62989922685,149.865318961428
0.3959,-181.31563029112,316.694741897829,-135.304864543022,8846.15556161781,149.849785253875
0.396,-189.384661369627,315.41326154436,-125.947405132564,8834.74604700156,149.840596069103
0.3961,-197.253215837596,313.718114611339,-116.456141256601,8823.50351660111,149.825831525687
0.3962,-204.819021995495,311.775620961129,-106.830345399389,8812.42250233296,149.828782328011
0.3963,-212.312091019009,309.58806496214,-97.2797772712611,8801.52413252986,149.802633436696
0.3964,-219.621517463019,307.045230930643,-87.4780617721106,8790.8038792787,149.832091081275
0.3965,-226.562066192239,304.168255143032,-77.6123327330789,8780.24775813866,149.875571863425
0.3966,-233.325764812137,301.022212272157,-67.6708753640056,8769.84375072893,149.847640115338
0.3967,-239.961632411493,297.59753236328,-57.7498151551134,8759.68879027209,149.835838677387
0.3968,-246.177357853497,293.81925738734,-47.7216570695079,8749.68996384449,149.810806291986
0.3969,-252.263574113208,289.861100019788,-37.6877661322732,8739.89239957342,149.84659074765
0.397,-257.966038608589,285.532232832407,-27.4963469661279,8730.35488375432,149.780816163018
0.3971,-263.570505020681,280.973615179662,-17.3601548709363,8720.99935399326,149.796322311314
0.3972,-268.799137837228,276.103842327855,-7.26049522171163,8711.91681320629,149.838547899293
0.3973,-273.777657644914,270.91546090871,2.81602326549416,8702.98607733622,149.798500137961
0.3974,-278.475131106556,265.419850192648,12.9950092550772,8694.32813275559,149.811881879963
0.3975,-282.857290792436,259.73190478764,22.9571185540707,8685.89721140862,149.844089249277
0.3976,-286.99163288953,253.733612658583,33.1853544660252,8677.71944814512,149.81246753779
0.3977,-290.81587746289,247.639230849873,43.1836548459586,8669.82670400657,149.842718576037
0.3978,-294.490350266317,241.065597367798,53.2359521672341,8662.12679978826,149.772420666549
0.3979,-297.721034434885,234.456960612921,63.277615823427,8654.68010802719,149.792678724103
0.398,-300.574290660336,227.488510105429,73.0351124069164,8647.53034011126,149.817131395093
0.3981,-303.188279301917,220.416061317155,82.8191808986783,8640.63043889342,149.805942093689
0.3982,-305.536917768121,212.915014729384,92.6644073796435,8634.01403038744,149.824432659963
0.3983,-307.596748409193,205.352724866465,102.194683078307,8627.70875862462,149.797515055643
0.3984,-309.211652922261,197.497945338797,111.71557169741,8621.62036599157,149.808076967072
0.3985,-310.691781194051,189.580607007142,121.11265971438,8615.76722051841,149.827312455439
0.3986,-311.649505210917,181.350561832619,130.330164475763,8610.29694125488,149.78005463604
0.3987,-312.378464318565,172.948680929257,139.518448853466,8605.05422334505,149.810810607023
0.3988,-312.945962823332,164.415212115397,148.534421438519,8600.10493465173,149.819858716215
0.3989,-313.059631385514,155.71285759128,157.395328909072,8595.41343006322,149.80815641076
0.399,-312.827772746293,146.926077558337,166.0381569211,8591.06329804752,149.821315843261
0.3991,-312.363580078753,137.733415239243,174.516131018558,8586.91416915143,149.787879785457
0.3992,-311.524558244638,128.608859354971,182.982077877306,8583.10986307016,149.792735045161
0.3993,-310.4392665707,119.264979527606,191.071113719584,8579.58774300444,149.803845913002
0.3994,-308.937477332988,109.896471325416,199.023174979686,8576.34397888048,149.801599653728
0.3995,-307.176493300313,100.350037778207,206.808782662523,8573.40318863084,149.778237019684
0.3996,-305.119933546891,90.6285225686215,214.42130791331,8570.72517378195,149.769090510578
0.3997,-302.746707082663,80.9733186838855,221.829313530158,8568.3396973543,149.794092812311
0.3998,-300.011222168745,71.1050399560367,228.919124259413,8566.23340281461,149.79343540349
0.3999,-297.088949825318,61.3027862624563,235.804222127783,8564.46308743224,149.759667203225
0.4,-293.706056299669,51.2843378359615,242.432392188668,8562.90229386204,149.762581372758
0.4001,-290.214039092191,41.2486576870532,248.884113344979,8561.65908790091,149.80469036225
0.4002,-286.167985173978,31.0996283363076,255.062448108304,8560.63864789221,149.769533702162
0.4003,-281.980587658966,21.0593791531651,260.908348951318,8559.98024202509,149.784611258822
0.4004,-277.615887055433,10.954439828516,266.571856325861,8559.55640816399,149.800395910815
0.4005,-272.697394878158,0.834184139847493,271.925194103358,8559.32512568294,149.789110388525
0.4006,-267.798693145642,-9.36099755220835,277.136129076393,8559.4724232691,149.745231129637
0.4007,-262.424697952761,-19.5759585045982,282.001230513738,8559.8519800736,149.754206146951
0.4008,-256.912144011638,-29.5974607438071,286.485510570575,8560.44585290361,149.737374970103
0.4009,-250.994959353798,-39.7165218172252,290.808144912999,8561.32610238231,149.752900811942
0.401,-244.931844100024,-49.8493157287568,294.793584218999,8562.45073401992,149.787935532817
0.4011,-238.543366167888,-59.8721417811863,298.434760269645,8563.85385087605,149.779278338202
0.4012,-231.990731445356,-69.876136557482,301.839479596379,8565.45669404321,149.759935302658
0.4013,-225.119475627747,-79.85229842022,304.923322506904,8567.29697159709,149.77326412084
0.4014,-218.023386002528,-89.6868616521523,307.637516846222,8569.36705586836,149.759254109505
0.4015,-210.731049465947,-99.3835397562626,310.137956627819,8571.67890065395,149.726910002528
0.4016,-203.246844001525,-109.052315088935,312.311340016416,8574.20160678621,149.744904433038
0.4017,-195.516813840065,-118.725062427888,314.225612229477,8576.93683445381,149.737839924111
0.4018,-187.529204812189,-128.138974486832,315.640741679522,8579.85220443712,149.747108845139
0.4019,-179.503206345882,-137.339608681477,316.899972509944,8582.99296647961,149.763323231623
0.402,-171.137715129156,-146.640529106671,317.752648630682,8586.39383241665,149.732767039299
0.4021,-162.71610803962,-155.743963025147,318.433124150471,8589.89751108634,149.750997010568
0.4022,-153.998143469477,-164.748573594508,318.745628910577,8593.6195392738,149.760124083196
0.4023,-145.257465577509,-173.511972727771,318.719564825714,8597.48085802399,149.708563845468
0.4024,-136.291382311443,-182.058872100527,318.318406432319,8601.60233181351,149.759896822638
0.4025,-127.133697441186,-190.489622997573,317.632090912499,8605.77553290799,149.719045363279
0.4026,-117.919672952963,-198.873312204608,316.652752980842,8610.16841594581,149.780158994577
0.4027,-108.385285955815,-206.861954811496,315.393247673127,8614.68123455662,149.719162133495
0.4028,-98.8515854504412,-214.776712374204,313.612799070843,8619.34428767613,149.750232930733
0.4029,-89.384257423378,-222.454214673913,311.817227124511,8624.10626977906,149.699487102321
0.403,-79.6889499567519,-229.938101142243,309.469160739556,8629.03661868588,149.711720093053
0.4031,-69.7781350776626,-237.015871642813,306.965342213607,8634.06735771902,149.732195285431
0.4032,-59.9038090298692,-244.205737987441,304.030452343234,8639.24186462459,149.771825238637
0.4033,-49.980715656662,-250.977608231239,300.837719347125,8644.47773768729,149.727939017062
0.4034,-40.0268703461897,-257.486551859404,297.442405301395,8649.80760977658,149.705535913342
0.4035,-29.9726008243336,-263.790690476874,293.709744571359,8655.19819747848,149.721866445833
0.4036,-19.8418646145328,-269.73394973144,289.529253808344,8660.70073232122,149.723314115324
0.4037,-9.63045360602395,-275.562634741521,285.272149254222,8666.26649279847,149.709274078254
0.4038,0.476868444869225,-281.09299360246,280.562463321904,8671.90228354492,149.705032540898
0.4039,10.7149365705763,-286.316495688706,275.63047953997,8677.53771491091,149.702064529315
0.404,20.8962416415102,-291.389286234286,270.533941337971,8683.25234323245,149.701940643012
0.4041,31.0603801966199,-295.944523033139,264.95981000049,8688.98753135953,149.71963233377
0.4042,41.1176520739835,-300.434091350398,259.242048987187,8694.74420096487,149.696303705917
0.4043,51.2787328366386,-304.471494579454,253.191286536083,8700.55045999296,149.712602018201
0.4044,61.355442056524,-308.376903901293,246.932630343975,8706.32080622945,149.702436351714
0.4045,71.392602017813,-311.835420848061,240.556649900116,8712.13099041564,149.682225328253
0.4046,81.3299937877534,-315.107948625799,233.714527183372,8717.89312990771,149.724232938691
0.4047,91.282350900611,-318.011701071746,226.643954765993,8723.64028319624,149.719719584165
0.4048,101.043084660309,-320.664718006352,219.492126831983,8729.39503875868,149.721212541643
0.4049,110.952146008545,-322.910569831838,212.007945543419,8735.12523016107,149.722080652133
0.405,120.524755255127,-324.96450726821,204.531878910228,8740.75348268965,149.69995097689
0.4051,129.996730298691,-326.679309711816,196.593415208139,8746.35642233783,149.678296232012
0.4052,139.373538034733,-327.990171542186,188.579562285834,8751.9117122418,149.695233616056
0.4053,148.852954003288,-329.156115556382,180.356973115919,8757.38547011352,149.6784311715
0.4054,158.055675399853,-329.823472110386,171.884422694198,8762.77191879625,149.682387048303
0.4055,166.942580388699,-330.191130526865,163.280981270306,8768.12208463639,149.708055711176
0.4056,175.757533248333,-330.390948756891,154.603942851319,8773.37537598844,149.712161702439
0.4057,184.603802093514,-330.076399994571,145.541553666986,8778.49155042708,149.705532176479
0.4058,193.052839989382,-329.569940017242,136.384043521925,8783.53811859523,149.695012537708
0.4059,201.515796759795,-328.649810157503,127.202648080192,8788.43832641462,149.692526469515
0.406,209.709821684423,-327.495600241719,117.975705199028,8793.25072135235,149.685067864548
0.4061,217.562358782379,-326.050395941884,108.431096726789,8797.8665891736,149.680630130689
0.4062,225.29133257773,-324.298018487253,98.829166055791,8802.41704345554,149.691682324051
0.4063,232.871354249995,-322.084739451392,89.2153785128354,8806.80288732931,149.654598927111
0.4064,240.181995864408,-319.724589701534,79.3741676074811,8811.04341617603,149.679267357628
0.4065,247.438870154285,-316.903139266579,69.4736513895606,8815.1314368767,149.634153440048
0.4066,254.35394438217,-313.904485049564,59.5537965238328,8819.03049243254,149.679053463915
0.4067,260.914398218956,-310.532780214135,49.4795870421657,8822.8242016619,149.650849112519
0.4068,267.390799487761,-306.851713826753,39.4765940606684,8826.42004152002,149.647880699713
0.4069,273.657953624246,-302.902591560967,29.404722821742,8829.82774675111,149.62607851574
0.407,279.484974005689,-298.730736916439,19.2976320780035,8833.04350851304,149.642573727067
0.4071,285.114471356729,-294.081283797698,8.97175534276997,8836.06367115096,149.663727060531
0.4072,290.518257618466,-289.280888866991,-1.28996414799427,8838.89658954011,149.640015186935
0.4073,295.658226783942,-284.258264617508,-11.4312937609187,8841.47814472047,149.6903658707
0.4074,300.469293210744,-278.842196238923,-21.5786370813411,8843.91666814074,149.654255959145
0.4075,305.043502580296,-273.307028726128,-31.7522077914328,8846.12312904163,149.654767822554
0.4076,309.223528404322,-267.360899960315,-41.7635603255109,8848.12455618576,149.654533384758
0.4077,313.334061476769,-261.245774922649,-52.0729916399743,8849.82557575893,149.645621975317
0.4078,316.965273617425,-254.761298522616,-62.1041638556318,8851.4182041615,149.659050690424
0.4079,320.276590358856,-248.024273693235,-72.1836236169911,8852.72530844529,149.632012474185
0.408,323.386893395819,-241.103046608891,-82.1181028507575,8853.82866267124,149.64274732931
0.4081,326.155936223613,-234.010955107836,-91.9877495790676,8854.66517761271,149.651699749569
0.4082,328.567836642091,-226.850109758375,-101.888448257993,8855.29426290319,149.687216847792
0.4083,330.797642049763,-219.19566369954,-111.565214309981,8855.65294401997,149.630664577891
0.4084,332.57226065651,-211.361916213263,-121.062212685177,8855.75018669737,149.608206878508
0.4085,334.116485364997,-203.469263454123,-130.738425777174,8855.64348784104,149.651576593081
0.4086,335.370550283789,-195.262957442113,-140.121301302762,8855.2872907174,149.651753538964
0.4087,336.215375847342,-186.818813231236,-149.283970520799,8854.72147206591,149.679631665372
0.4088,336.717325453835,-178.314008683043,-158.43119010385,8853.80723430912,149.619964094125
0.4089,336.948762050677,-169.57519448197,-167.355547035757,8852.65656968624,149.629714221446
0.409,336.977682902819,-160.621582866178,-176.222084959102,8851.33060020758,149.610850825898
0.4091,336.429280869396,-151.55003024828,-184.908686946161,8849.64178701595,149.624821781798
0.4092,335.895828311427,-142.50219760309,-193.312950178146,8847.74608149612,149.650025362861
0.4093,334.75082347093,-133.234710855171,-201.653807155985,8845.57665963224,149.670834267859
0.4094,333.367322700507,-123.699821559131,-209.723222359644,8843.17955361386,149.653112508589
0.4095,331.713897585116,-114.031768856784,-217.556454576805,8840.55461258605,149.636563791987
0.4096,329.793207427691,-104.43358316991,-225.323397415908,8837.62427037213,149.62712575036
0.4097,327.545926699563,-94.6168574288307,-232.748117207109,8834.43309379154,149.610402623912
0.4098,324.810323586204,-84.7582682364138,-240.14947650642,8830.99561815315,149.664818112341
0.4099,321.929485788102,-74.8814484053141,-247.101252025496,8827.3101680976,149.609552917736
0.41,318.713833022466,-64.8889686726394,-253.886514060636,8823.39147099701,149.62122273166
0.4101,315.125147872458,-54.7869757098537,-260.510260798783,8819.15095726406,149.603027580572
0.4102,311.44366580477,-44.5791463798253,-266.732330584981,8814.74320150697,149.618621376228
0.4103,307.180319835175,-34.4138164299893,-272.709998160822,8810.07842687196,149.589418982632
0.4104,302.821571949923,-24.2567413747721,-278.66207119548,8805.10062015732,149.633352471661
0.4105,298.116104891733,-13.9834223637026,-284.143086235831,8799.99382643807,149.663896274163
0.4106,293.095858702722,-3.86524920746112,-289.477900764616,8794.52878022747,149.592456625324
0.4107,287.88284314163,6.42454823513025,-294.384327226475,8788.84313717374,149.608227697415
0.4108,282.438131718765,16.6058137552702,-299.006022176995,8782.95055899916,149.628086715729
0.4109,276.5847073141,26.8984365454482,-303.548231841075,8776.84868458773,149.616806599479
0.411,270.475229189527,37.0577193184458,-307.620810420979,8770.50166844017,149.58494449978
0.4111,264.263004013123,47.1680983765724,-311.34471624007,8763.91260867476,149.636964467948
0.4112,257.686942544799,57.2444776137073,-314.968016328224,8757.16210143722,149.576486592293
0.4113,250.876275387778,67.3307194144762,-318.215858739021,8750.12186718622,149.558087086024
0.4114,243.789598311986,77.2265308951641,-321.08530407295,8742.88592713378,149.579525344059
0.4115,236.537259066411,87.0977387221021,-323.725935029456,8735.47336606462,149.564801242451
0.4116,229.029860082289,96.9239367868069,-325.92663651749,8727.82476576865,149.619840183461
0.4117,221.408702639726,106.69191936199,-328.030292568655,8719.97606798625,149.567152170504
0.4118,213.487237509739,116.161878587991,-329.660560353301,8711.94591071346,149.604228791409
0.4119,205.308452710979,125.683674063655,-330.993089455753,8703.80593785662,149.624728592036
0.412,197.019175912624,135.025178048939,-331.966041184024,8695.38085685284,149.596089485718
0.4121,188.53834301729,144.305136027327,-332.770146098028,8686.83914895999,149.602663147006
0.4122,179.770747566668,153.324875457293,-333.162824260165,8678.09532392412,149.57876956014
0.4123,170.945515273558,162.136504381778,-333.140188294171,8669.22268118322,149.574281689451
0.4124,162.067022358149,170.960710533243,-332.945247208791,8660.15383043777,149.582225496989
0.4125,152.893587500964,179.642849577448,-332.506625871496,8650.94495200484,149.553722375831
0.4126,143.548559168327,187.944879700059,-331.59000372052,8641.62275060109,149.567640658051
0.4127,134.220547601413,196.131300384972,-330.401322430648,8632.13820046029,149.605534316174
0.4128,124.60286770389,204.172665595775,-328.868945507866,8622.50790814533,149.508979707694
0.4129,115.023071166221,212.014721367259,-327.008404625713,8612.76870501628,149.59053066197
0.413,105.285076204467,219.550690927701,-324.917483466864,8602.91538402049,149.57924984231
0.4131,95.5079069373402,226.985361586445,-322.461098171543,8592.9181054252,149.558200252108
0.4132,85.4475076402244,234.123283521348,-319.595892677232,8582.83021819442,149.581368757163
0.4133,75.3133514340569,241.071342672587,-316.601322479156,8572.64463527592,149.565072405514
0.4134,65.3901392509866,247.800373318291,-313.152095349262,8562.41659170702,149.556577033856
0.4135,55.2120890683904,254.130420669737,-309.472412202646,8552.00700229646,149.594205095187
0.4136,45.0638649579381,260.405228101041,-305.472979588617,8541.57028153856,149.565255939274
0.4137,34.8318184200621,266.28896538581,-301.244995525175,8531.13570072878,149.566964827061
0.4138,24.6034328293461,272.098640120223,-296.65949166732,8520.51622500616,149.567138624659
0.4139,14.3184577743781,277.300150915933,-291.830761527264,8509.91394477993,149.570990791197
0.414,4.18887098104194,282.520245987716,-286.695625789057,8499.25559527627,149.548541246587
0.4141,-6.17902187429513,287.480173223876,-281.268105159225,8488.58938237715,149.528845409524
0.4142,-16.4175291653262,291.868672786803,-275.493543858976,8477.82236112459,149.563603202053
0.4143,-26.6199068832277,296.227858911732,-269.692856802593,8467.13184112301,149.560159750626
0.4144,-36.6983372074509,300.116534461502,-263.514010186336,8456.34755683681,149.544533052578
0.4145,-46.9299732197788,303.865666791206,-256.98022644077,8445.55142254233,149.521586986389
0.4146,-56.9728870774569,307.282980683317,-250.264453356975,8434.77701238748,149.514274621153
0.4147,-67.0100650425786,310.296900334423,-243.361582062054,8423.99508816375,149.568066882407
0.4148,-76.944102279329,313.129284877301,-236.069855769782,8413.21006405883,149.573534317717
0.4149,-86.7520037967323,315.568691843257,-228.762546452609,8402.48908460382,149.476978381794
0.415,-96.4958956263109,317.763677318318,-221.129314812526,8391.76095539837,149.534141399233
0.4151,-106.306225641133,319.580501100573,-213.372820068594,8381.07983009068,149.526896171516
0.4152,-115.804626292968,321.118434837676,-205.294167990855,8370.4499455835,149.535277882516
0.4153,-125.285753301633,322.242299154346,-197.064297062089,8359.88683216309,149.519884515885
0.4154,-134.578304496256,323.205667675652,-188.670032682561,8349.33899797304,149.50894574598
0.4155,-143.627530388055,323.752504198567,-180.097588164805,8338.87017292374,149.562622871227
0.4156,-152.758202696233,323.98461059094,-171.233797675562,8328.53223181075,149.52069345212
0.4157,-161.486100875882,323.832319021184,-162.377732032483,8318.17520849429,149.538850008638
0.4158,-170.155147439488,323.624447604848,-153.279000240184,8307.91605108223,149.511927766459
0.4159,-178.746812062961,322.74061042344,-144.054150796529,8297.79837188496,149.525605259277
0.416,-187.010747241817,321.694060506528,-134.639699323961,8287.72887153523,149.502046003839
0.4161,-195.166514229306,320.353252514804,-125.146660363244,8277.81199623856,149.512356207963
0.4162,-203.105064363851,318.680945669571,-115.568619249029,8267.99048298099,149.543237496662
0.4163,-210.82997321478,316.741163313393,-105.860480123039,8258.25393549331,149.489389507237
0.4164,-218.417396317386,314.395769587256,-95.9593702113969,8248.66401984378,149.52608496488
0.4165,-225.765286412395,311.826161640705,-86.1078951891773,8239.23898708014,149.484983865094
0.4166,-232.712955183528,308.881834675822,-76.065433131371,8229.85221866486,149.502871317567
0.4167,-239.525770329511,305.682313018616,-66.0580357781704,8220.68990760569,149.482531503773
0.4168,-246.171785250946,302.061650570451,-55.8822679538714,8211.67576407123,149.530498482559
0.4169,-252.507911463655,298.30431358588,-45.7726303840426,8202.75535667963,149.510811641108
0.417,-258.5762699379,294.119574164472,-35.6606851619254,8194.02767757795,149.503329859777
0.4171,-264.310097091934,289.676095393512,-25.3179441128077,8185.45535789365,149.489412465131
0.4172,-269.883810310733,284.818180949231,-14.9896733881523,8177.05886553389,149.484234960836
0.4173,-275.158631449946,279.847847261106,-4.73897585066875,8168.86791743587,149.490316190628
0.4174,-280.067654663781,274.519071944062,5.53075908373147,8160.76520267493,149.512199225431
0.4175,-284.935676435559,269.100543303698,15.7611258654063,8152.86421102329,149.506072636427
0.4176,-289.357529535512,263.296860906022,26.0544177379899,8145.22515172371,149.49582687898
0.4177,-293.411853026687,257.224139626013,36.2202699504735,8137.68559759236,149.508988871128
0.4178,-297.243788725498,250.830125394145,46.4100855378273,8130.3380511687,149.532306208841
0.4179,-300.7830447302,244.366601315575,56.5165923403968,8123.21732700424,149.476429829746
0.418,-304.086217314005,237.500867104222,66.6047488999612,8116.3139669091,149.485260725694
0.4181,-306.831162611255,230.369426039541,76.6279206268677,8109.60819157527,149.489571212261
0.4182,-309.609324693969,223.086193189807,86.5166586106482,8103.10166532137,149.475102920899
0.4183,-311.853923230316,215.537407331066,96.2761375930485,8096.7667851823,149.497178815623
0.4184,-313.840960836041,207.768578890215,106.122818959087,8090.69616779828,149.47814977734
0.4185,-315.638382076039,199.947884450493,115.703747121462,8084.79071543495,149.464078740321
0.4186,-316.888031590312,191.790355161466,125.097837498653,8079.15755231005,149.486295040763
0.4187,-317.932621626602,183.400740428238,134.572365542564,8073.6484587086,149.488800589629
0.4188,-318.540319375361,174.862698387835,143.790595592662,8068.43533139476,149.505723719916
0.4189,-319.110582520251,166.160700412794,152.91109646138,8063.41374224137,149.487877537457
0.419,-319.161967663213,157.316884641857,161.832681360981,8058.61916849773,149.453611887203
0.4191,-318.95059837677,148.306228692435,170.699501636522,8054.02855108608,149.511246129818
0.4192,-318.35679651934,138.997259207183,179.273817338552,8049.7128673413,149.475444524119
0.4193,-317.411339947709,129.772609570885,187.721780239731,8045.55243881768,149.457576757965
0.4194,-316.173142049217,120.337061086412,195.848498209064,8041.64750320885,149.466091403667
0.4195,-314.620680069514,110.811697419265,203.89373721406,8037.97858741403,149.453585983025
0.4196,-312.784165608249,101.019541307719,211.6971538696,8034.48550323984,149.467651846259
0.4197,-310.676923771487,91.2510187500448,219.407002680738,8031.27366412849,149.452098836783
0.4198,-308.220162571287,81.4153477263703,226.706250300723,8028.26264033575,149.452460907077
0.4199,-305.298689095415,71.4741432668363,234.018485984797,8025.4356873392,149.495087065084
0.42,-302.340040407223,61.4744991258486,240.946608035149,8022.86458692228,149.44815318273
0.4201,-298.868331418539,51.3031625681869,247.692334385301,8020.50487120102,149.442106925388
0.4202,-295.221582634136,41.1682056040341,254.131513079566,8018.43703307406,149.493351647923
0.4203,-291.193895983861,30.8689456297572,260.385298730151,8016.46314725397,149.483972238792
0.4204,-286.967296576566,20.6140876287046,266.273393565783,8014.78796624245,149.458300798172
0.4205,-282.339276311477,10.4044643288611,271.956676381115,8013.27726582647,149.431919945377
0.4206,-277.569633329245,0.183887822370131,277.32084068666,8011.97012548403,149.439773897244
0.4207,-272.299264035116,-10.1405502174668,282.365723936983,8010.91680313147,149.48958279823
0.4208,-266.864960643734,-20.3289296223267,287.367827949244,8010.06190026609,149.441957255376
0.4209,-261.171010311482,-30.6761972439126,291.908706170614,8009.39333907568,149.466211235262
0.421,-255.173228851435,-40.9263409171266,296.157092306406,8008.94780731509,149.464966236287
0.4211,-249.062618949123,-51.1443336024601,300.15363152048,8008.69284847034,149.450554514004
0.4212,-242.486694482847,-61.2199636310143,303.785177748421,8008.62882435445,149.454654653292
0.4213,-235.880259807996,-71.4419221829281,307.152796429561,8008.68505018704,149.419801144961
0.4214,-228.832368801515,-81.4218682457752,310.255970372659,8009.01319017865,149.443667049483
0.4215,-221.684068997997,-91.4178230093723,313.043886282996,8009.50670851982,149.41684914258
0.4216,-214.269180548665,-101.226580495299,315.414127818135,8010.15830062095,149.431744637926
0.4217,-206.550053936516,-111.12941524052,317.632057242741,8010.97660147779,149.425432653897
0.4218,-198.733652320438,-120.79506240743,319.436600882788,8012.03832302974,149.412551464339
0.4219,-190.597801126555,-130.254826417981,321.022144480199,8013.19263702435,149.433417149733
0.422,-182.340860234102,-139.762826470085,322.095667021405,8014.48488735689,149.393333272017
0.4221,-173.924821969871,-149.09212839614,322.932999210187,8016.004161677,149.427614171321
0.4222,-165.372887353798,-158.257515044316,323.619352721676,8017.61270275122,149.406516620131
0.4223,-156.550711848057,-167.242468438764,323.769511621209,8019.42160453314,149.430401989039
0.4224,-147.529216415061,-176.079812711832,323.74329639301,8021.32248184607,149.442113961167
0.4225,-138.456272358052,-184.777137776228,323.271509415891,8023.4168540267,149.4266690258
0.4226,-129.188498028395,-193.225822431593,322.508112184538,8025.54389149478,149.421950461042
0.4227,-119.824562559749,-201.68861344813,321.45436265187,8027.87291012229,149.432664057265
0.4228,-110.354853249988,-209.746989778384,320.049872872007,8030.29308893156,149.411611809636
0.4229,-100.661573945926,-217.70786167398,318.338228707452,8032.87944811208,149.439033945894
0.423,-90.8085948237968,-225.525076506958,316.357440323393,8035.50165683869,149.411139877485
0.4231,-81.0222983537249,-233.061512567444,313.998788038263,8038.27428862977,149.422381647398
0.4232,-71.1399005005867,-240.275601224241,311.381187677559,8041.07865734625,149.425215474967
0.4233,-61.0421401474499,-247.322940658685,308.434216306612,8044.03729206861,149.412938674087
0.4234,-50.957034636807,-254.227802752819,305.089788607445,8047.05914681366,149.407192443998
0.4235,-40.8513802219803,-260.765535596637,301.532024587222,8050.13863517379,149.412758707164
0.4236,-30.6088772162716,-267.002746365989,297.747294667051,8053.28543398091,149.3810500449
0.4237,-20.4428801687321,-273.131848094261,293.4643558763,8056.48965978097,149.392772787881
0.4238,-10.1096792701571,-278.879699707189,289.05857529541,8059.80375432334,149.388418423232
0.4239,0.139543014849065,-284.427932586765,284.40440254033,8063.15500067677,149.371283910055
0.424,10.4285959688994,-289.806317462198,279.25403072037,8066.47403002517,149.428757628986
0.4241,20.6691022690155,-294.619908633526,273.951541938053,8069.91339545675,149.409192269701
0.4242,31.0065429631156,-299.38967627364,268.446014193066,8073.29694183507,149.368928478472
0.4243,41.2815629506873,-303.860882585786,262.551648907662,8076.8101243402,149.35472528442
0.4244,51.5324054524087,-307.990809154784,256.407765974342,8080.28080577436,149.35454171406
0.4245,61.7078785070571,-311.748859084049,250.005344712407,8083.74487606262,149.3661387179
0.4246,71.8886680746484,-315.245525120867,243.402004929922,8087.23348313796,149.375930046259
0.4247,81.9293897034304,-318.530507099065,236.480195509337,8090.74519055453,149.41018441841
0.4248,92.1111637413791,-321.378007626215,229.384251790337,8094.19475254264,149.351041797575
0.4249,101.976851475269,-324.002351311802,222.09590140949,8097.64511006682,149.344529345434
0.425,111.727960685829,-326.305091247037,214.525565775043,8101.13372175281,149.384271181504
0.4251,121.405187879384,-328.272347429085,206.730329658,8104.55920186228,149.368607080443
0.4252,131.052858374671,-329.86425228529,198.862690437953,8107.89310824277,149.375948750548
0.4253,140.605140984749,-331.244169812408,190.631584629119,8111.27686362191,149.363943013969
0.4254,150.13631168883,-332.227742467815,182.1822982632,8114.569546904,149.370866758566
0.4255,159.260874573039,-332.899409185149,173.732537263743,8117.80262866969,149.361134731703
0.4256,168.417446299866,-333.381935081549,164.881188083424,8120.97757989933,149.399561192524
0.4257,177.303562112441,-333.363975034173,156.066703793081,8124.09295765106,149.361661502018
0.4258,186.045375913775,-333.035463488994,147.009069366937,8127.08840488625,149.372603402492
0.4259,194.663494887506,-332.437407567949,137.755234381902,8130.09177554662,149.373084644601
0.426,203.179512144023,-331.534588633612,128.401542624866,8132.90678467502,149.318688834467
0.4261,211.399635191979,-330.291599400515,119.016634585403,8135.73977970757,149.374852077478
0.4262,219.483992323981,-328.798505983743,109.355423652594,8138.42269588677,149.342894517718
0.4263,227.335346553135,-326.863811348808,99.6550840424954,8141.03977018649,149.363828548998
0.4264,234.932701155909,-324.706296327818,89.7261274458819,8143.4936476752,149.330932839683
0.4265,242.285569565219,-322.118766941162,79.8623407404266,8145.85454169637,149.336221510965
0.4266,249.428605575872,-319.376878962686,69.9074818499325,8148.11063693707,149.386087374065
0.4267,256.433674758621,-316.152203112295,59.7705630856393,8150.25347596978,149.350987276409
0.4268,263.136259919947,-312.732698207688,49.6303905614103,8152.23094308242,149.352607763644
0.4269,269.568513885814,-309.061052388151,39.5119712231051,8154.10153899657,149.360214532322
0.427,275.710369749783,-304.969047893379,29.1809811912957,8155.86700170342,149.348199205552
0.4271,281.764080500669,-300.688430648567,18.9063865563267,8157.4632771757,149.321282685315
0.4272,287.530742395407,-296.086871230458,8.65639046371244,8158.90186835057,149.33834826697
0.4273,292.763042011816,-291.117607390771,-1.6186265243502,8160.22194147981,149.339762583479
0.4274,297.966587408742,-285.840612153671,-12.0242794790107,8161.31822284299,149.334380475885
0.4275,302.804318453863,-280.454907217458,-22.2718825000716,8162.33713954764,149.34813128522
0.4276,307.26370305323,-274.723268026314,-32.6160683173414,8163.19532082345,149.321525766801
0.4277,311.505553983369,-268.707428698556,-42.8020207016517,8163.87076918219,149.352306574586
0.4278,315.52101615405,-262.331342635859,-53.1913932257332,8164.32237186137,149.350631981744
0.4279,319.275266431052,-255.917984054781,-63.2698456947919,8164.64810202718,149.333693710993
0.428,322.589783189054,-249.15036921966,-73.4807159877637,8164.79344871089,149.340845984088
0.4281,325.665161785245,-242.099746549511,-83.4720781475098,8164.79619105421,149.335558745763
0.4282,328.422474238842,-234.8865772265,-93.47378457267,8164.58521953123,149.291218598231
0.4283,330.743826146488,-227.387005605519,-103.32260834782,8164.16566840694,149.350327207575
0.4284,332.849630567252,-219.733364722511,-113.222901365897,8163.57247973415,149.374252279807
0.4285,334.667619746611,-211.856696605962,-122.88002394684,8162.83528177031,149.312861962906
0.4286,336.221890625575,-203.698033560049,-132.414470339019,8161.87384874429,149.322224036618
0.4287,337.335693489627,-195.40218492689,-141.890160609129,8160.7520662577,149.31277535355
0.4288,338.136000849919,-186.861912641866,-151.330791301907,8159.3974035483,149.348136856153
0.4289,338.663399440454,-178.223929743983,-160.538974051081,8157.88283817477,149.321979252947
0.429,338.857828313126,-169.499883406774,-169.46326022543,8156.13579193147,149.328330799326
0.4291,338.728585214799,-160.268970506818,-178.409034114459,8154.1818181549,149.318844645931
0.4292,338.291708034642,-151.237256745334,-187.083118569196,8152.08773044409,149.336564286497
0.4293,337.467637778544,-141.815563221412,-195.614651778154,8149.76122914923,149.288094446407
0.4294,336.40029571735,-132.43609558841,-203.927568966332,8147.23187352071,149.309473668597
0.4295,335.017796744966,-123.005328985282,-212.091021891917,8144.56626421185,149.300623597722
0.4296,333.383413193096,-113.22108758763,-220.006848221845,8141.61295821263,149.296277096481
0.4297,331.237963262197,-103.428433374374,-227.750314929102,8138.52077220214,149.308233362018
0.4298,328.866465267785,-93.6182870084825,-235.383005666569,8135.19577960187,149.313119810381
0.4299,326.258575803401,-83.5267435809167,-242.512401416054,8131.69232395607,149.33520621427
0.43,323.167663389089,-73.4813305433259,-249.675581119826,8127.98294965903,149.318864023096
0.4301,319.770730162759,-63.3892793101999,-256.578379915135,8124.05965897139,149.291992015347
0.4302,316.301483012895,-53.1483997203679,-263.094309402889,8120.03130935479,149.307720726023
0.4303,312.360757875678,-42.8168393803051,-269.360774581335,8115.741288091,149.308317590566
0.4304,308.120072326462,-32.7235094927857,-275.478098746159,8111.23615548078,149.293081518252
0.4305,303.604759603082,-22.2932090852496,-281.300654090334,8106.52187452162,149.277051913544
0.4306,298.885371816389,-11.990402267081,-286.827476557921,8101.69408768424,149.320113675182
0.4307,293.661431729303,-1.63092550441985,-292.047576711168,8096.64969476671,149.289958393705
0.4308,288.477327926298,8.75997537213203,-297.04826462944,8091.4377116007,149.285661952818
0.4309,282.793668640664,19.0029803755394,-301.732394929427,8086.04761233819,149.247221403774
0.431,276.818564919713,29.3783490126012,-306.224522230755,8080.44195102073,149.309664721793
0.4311,270.754919718933,39.6109134355817,-310.273644928677,8074.70748393008,149.283896496507
0.4312,264.354625497989,49.7583030619285,-314.169810796435,8068.72353764229,149.291246987196
0.4313,257.583770770707,60.0125867380445,-317.624350182071,8062.59406996575,149.286720994562
0.4314,250.69275270278,70.0847558639441,-320.845542233221,8056.3165593045,149.257117150042
0.4315,243.634858554963,80.1483132151451,-323.69785857918,8049.85656950584,149.276225284621
0.4316,236.221468755594,90.1150200243654,-326.391176850051,8043.282047216,149.276253638225
0.4317,228.580533501539,100.04953723724,-328.595909657782,8036.54311521037,149.267792403552
0.4318,220.728678963983,109.712339479896,-330.557083185972,8029.6027793553,149.291913181987
0.4319,212.773932347373,119.514480903696,-332.262467548163,8022.56335044749,149.268484726123
0.432,204.58536847381,128.923346697537,-333.517463035668,8015.35214177773,149.269886276476
0.4321,196.091581757292,138.385599896098,-334.474756388066,8007.94933216873,149.262556310005
0.4322,187.486841097572,147.612325507407,-335.205315864936,8000.49106551309,149.246681961257
0.4323,178.669541596321,156.814692063939,-335.545746712399,7992.87102901329,149.253378546528
0.4324,169.737874315134,165.839495810435,-335.616701428157,7985.11373920458,149.286132452891
0.4325,160.653702135185,174.573921556779,-335.396996639879,7977.24063004369,149.245619887276
0.4326,151.44065839905,183.178305752865,-334.581144095948,7969.24044656522,149.241149895995
0.4327,142.017704947766,191.792108797342,-333.708381520701,7961.17605418612,149.234684453343
0.4328,132.519909880522,199.929491472151,-332.443412938639,7952.90587237074,149.26273895961
0.4329,122.793808435263,208.026130390612,-330.821694368873,7944.61268113925,149.272555942354
0.433,113.074864320913,215.896688223895,-328.893335212871,7936.18584904423,149.247464845925
0.4331,103.225233472488,223.498244997745,-326.681612518279,7927.66572639559,149.255573035357
0.4332,93.1870741372481,230.952537672325,-324.164500696623,7919.10155401788,149.286165487071
0.4333,83.1867336355608,238.191625772217,-321.326681896717,7910.34698788293,149.228375464062
0.4334,73.0852281247391,245.107346508836,-318.121069695544,7901.6201429852,149.254188888154
0.4335,62.8509554983529,251.801378969299,-314.706839841217,7892.78672182178,149.252457595275
0.4336,52.6274273198971,258.211251934783,-310.928931643942,7883.92034228276,149.252513389203
0.4337,42.4240040453792,264.507792646187,-306.856891628476,7874.95657296235,149.250302628001
0.4338,32.0325172688375,270.411421455194,-302.455871612162,7865.94813010471,149.242647013561
0.4339,21.6705109211913,276.149492970928,-297.816227942122,7856.85343156935,149.20109500194
0.434,11.3794476168507,281.501729486601,-292.913961915698,7847.77170842365,149.236992027057
0.4341,1.04559519311187,286.611478377901,-287.615268799171,7838.63412629489,149.238014050078
0.4342,-9.38636669715541,291.424228119653,-282.182751954595,7829.45249963899,149.23457919655
0.4343,-19.578934162904,296.072984242984,-276.319214240581,7820.23313535078,149.230318637051
0.4344,-29.9724966150909,300.395745064032,-270.393667904558,7810.99104819279,149.240560284765
0.4345,-40.2800941366793,304.280502380184,-264.031486537806,7801.77628631912,149.195847871378
0.4346,-50.5261789281605,307.997744003178,-257.512322746053,7792.51602973631,149.213832203976
0.4347,-60.686576406766,311.29847170869,-250.688899342561,7783.26419286559,149.193036322621
0.4348,-70.6466185491999,314.462291120661,-243.584752427082,7774.00783747784,149.240332892968
0.4349,-80.7576855138465,317.112010519452,-236.40814036189,7764.77080398499,149.191716452311
0.435,-90.6656946542022,319.512154768671,-228.875213006921,7755.52898039375,149.217765154538
0.4351,-100.527719606602,321.627680191203,-221.124686269352,7746.37661995418,149.24402504128
0.4352,-110.161460697523,323.462551252501,-213.197346853929,7737.19710587358,149.181332399861
0.4353,-119.853977669534,324.886034176009,-204.9709010032,7728.04232091849,149.213457439481
0.4354,-129.30280392603,326.002079460483,-196.760352674047,7718.90597169367,149.220726891942
0.4355,-138.755139845421,326.93636837581,-188.183887522388,7709.81580107012,149.211312507545
0.4356,-147.916858597557,327.348985206685,-179.477933461553,7700.77877462902,149.202515038683
0.4357,-157.015492882985,327.583570307812,-170.569737792619,7691.85027159837,149.1992612854
0.4358,-165.860634039889,327.539112348082,-161.477493100365,7682.9069002399,149.168903047917
0.4359,-174.72629200508,326.999911140964,-152.441289792169,7674.09846603264,149.21539464772
0.436,-183.187498371211,326.219770599244,-143.078601885062,7665.29515687993,149.232284728269
0.4361,-191.5857369002,325.063407635844,-133.464989664864,7656.62437337669,149.179856968325
0.4362,-199.729346404599,323.798460879057,-123.888086190493,7648.0130586873,149.216778351242
0.4363,-207.68576000514,321.942394155117,-114.239258897425,7639.4737153126,149.207070534033
0.4364,-215.44183370945,319.745676796864,-104.367589930661,7631.01227693834,149.239289185425
0.4365,-223.06751639986,317.537874163697,-94.4673730384993,7622.66988025292,149.163883618708
0.4366,-230.258862743044,314.713658371895,-84.3552012239129,7614.36845333203,149.184534041697
0.4367,-237.353901982316,311.725628029536,-74.3722211587676,7606.21721770742,149.23236108093
0.4368,-244.253366328093,308.498510476852,-64.1976859504461,7598.1550349982,149.212641466946
0.4369,-250.829620901006,304.820072261899,-53.9821006554731,7590.24060062749,149.174853159504
0.437,-257.180532248888,300.896334648159,-43.688682569132,7582.39706105991,149.203892805464
0.4371,-263.251673154384,296.634449245632,-33.3930242221604,7574.72332174867,149.195515255274
0.4372,-269.020689944797,292.069538008734,-23.0426333870644,7567.0899776335,149.196407519431
0.4373,-274.693602989324,287.339511769676,-12.7489358009629,7559.67398926411,149.186365758622
0.4374,-279.842993437206,282.232457517626,-2.37115488575838,7552.35868349054,149.169124372763
0.4375,-284.87023884895,276.811594955054,8.05471090582609,7545.09640687988,149.194856498571
0.4376,-289.603160115587,271.194348039028,18.3750922799955,7538.14147679751,149.141684899931
0.4377,-293.977196254502,265.357789899007,28.7041288024184,7531.18040234802,149.182026445501
0.4378,-298.142137341072,259.086206793799,39.0198082398121,7524.45300781795,149.194521665823
0.4379,-301.859843974073,252.664097041492,49.2523154910579,7517.8092800779,149.21390196527
0.438,-305.443254934286,245.984838264987,59.3972225358905,7511.36160987619,149.188704207792
0.4381,-308.628651474336,239.081470417903,69.5453072370322,7505.06007318817,149.171189098889
0.4382,-311.531796700813,231.903444084039,79.6111210902187,7498.8968233298,149.156132005455
0.4383,-314.152519910815,224.412182824685,89.6753824362813,7492.89595382435,149.193984106951
0.4384,-316.404526306966,216.914447272858,99.4809757308168,7487.08118442444,149.173965289529
0.4385,-318.368440004004,208.99741685407,109.173769992612,7481.41499426907,149.141347419654
0.4386,-319.887818105255,201.034647609914,119.003212617538,7475.88315748982,149.161527555634
0.4387,-321.214814195233,192.648134241986,128.535082534221,7470.5185957401,149.165897892131
0.4388,-322.336526805437,184.314675438333,138.046318094209,7465.37884248873,149.130518762462
0.4389,-322.939648559031,175.710072547797,147.151671303757,7460.32017170007,149.158339240862
0.439,-323.296709019853,166.859535309145,156.424805179384,7455.47975569386,149.186857033698
0.4391,-323.291129458298,157.905507647494,165.402920885964,7450.83369022122,149.170252151764
0.4392,-322.949187558538,148.673317540762,174.178533465105,7446.30674461628,149.153308339988
0.4393,-322.346828826621,139.442350681001,182.901201605323,7442.01609889291,149.172861720065
0.4394,-321.432517127496,130.075526565469,191.331851235721,7437.84132392931,149.170584718342
0.4395,-320.01539107341,120.398191544191,199.513709370409,7433.84000660884,149.162791774528
0.4396,-318.463011033685,110.851918437181,207.674755796932,7430.06546043137,149.186759287725
0.4397,-316.610031582966,101.098741249958,215.523324744161,7426.44677491529,149.126146598171
0.4398,-314.35738751126,91.2296367730393,223.141744249503,7422.95372970964,149.123594854183
0.4399,-311.809586740437,81.1942613819701,230.612398081605,7419.6748731886,149.149616110328
0.44,-308.976301699761,71.1201555976429,237.801168454821,7416.56868213262,149.130842828913
0.4401,-305.694874466887,61.0405461191532,244.774700329908,7413.61442329825,149.118927318487
0.4402,-302.291094056166,50.8003769556564,251.46073392414,7410.77477373989,149.138328829381
0.4403,-298.496482674325,40.6098535767688,257.817467154476,7408.23890865284,149.151558776201
0.4404,-294.398592561673,30.2784833098942,264.074755403283,7405.77507976866,149.157675189433
0.4405,-290.042789306324,19.9360965325451,270.124040348922,7403.5198050948,149.144440959
0.4406,-285.357568925663,9.59153748536136,275.732508515564,7401.40246810192,149.162912910076
0.4407,-280.414853294721,-0.770551978338265,281.143249626136,7399.42509294634,149.164910026749
0.4408,-275.077340014824,-11.0643832559175,286.248238175336,7397.65301245374,149.172714969455
0.4409,-269.706555127632,-21.5669733282973,291.172094866412,7396.05908165586,149.140362941343
0.441,-263.778488956341,-31.7806990809594,295.651741437653,7394.55755835152,149.113841989272
0.4411,-257.821667948302,-42.1998457538584,299.860134371794,7393.23673994597,149.127211242648
0.4412,-251.486591051186,-52.4228679206215,303.840075034396,7392.08214831414,149.12002599562
0.4413,-244.898818140145,-62.6831419129398,307.477385900476,7391.11418248247,149.121436858264
0.4414,-237.975821904063,-72.798114940961,310.855192784333,7390.24753953284,149.112583502239
0.4415,-230.964302227762,-82.8641655552933,313.874282678521,7389.54581617942,149.152851713572
0.4416,-223.710738437968,-92.8821615800737,316.630559172271,7389.00115863357,149.120344450719
0.4417,-216.219112760137,-102.883279129236,319.109745160941,7388.56058171555,149.145576378276
0.4418,-208.451187527951,-112.719049061844,321.172583915164,7388.20519349574,149.125050854078
0.4419,-200.402364897558,-122.381490829071,322.946971693157,7388.07182153426,149.092147788986
0.442,-192.303077752786,-132.124923867807,324.409822035281,7388.06378768542,149.104427257965
0.4421,-183.948490294763,-141.541363720757,325.494026519223,7388.1798777074,149.103107797676
0.4422,-175.389745043657,-150.790494863077,326.329143103684,7388.344463672,149.124643285823
0.4423,-166.777426239837,-160.173220585794,326.781232764247,7388.68862424534,149.069524202448
0.4424,-157.828608931985,-169.228618125971,327.001999484926,7389.11058315308,149.12801327227
0.4425,-148.797603934891,-178.132456138426,326.864824270195,7389.64853055896,149.12739316371
0.4426,-139.508653586582,-186.844872961626,326.345646449539,7390.33914775526,149.095175229439
0.4427,-130.132692550932,-195.489715753952,325.584224263009,7391.14191115559,149.113901279819
0.4428,-120.661730200723,-203.78761513579,324.421729080802,7391.96608995879,149.103473344823
0.4429,-111.144281011616,-212.00988454712,322.930112352119,7392.91723845956,149.087051873171
0.443,-101.352792180464,-219.909814979534,321.228931844252,7393.93585566786,149.107685827303
0.4431,-91.3918531561639,-227.574704489071,319.083307012558,7395.05709846799,149.088884040157
0.4432,-81.5751336575324,-235.236537462952,316.73615655716,7396.31205260818,149.120492994257
0.4433,-71.5032496078828,-242.492293502165,313.973535519164,7397.53701607989,149.078659268637
0.4434,-61.3719097179157,-249.479934017434,310.973912432037,7398.91983244604,149.078230799501
0.4435,-51.2639182480982,-256.298802912108,307.617885116674,7400.31291955723,149.102124122712
0.4436,-41.0021521375573,-262.937934017805,303.943623328173,7401.81629383623,149.077947352699
0.4437,-30.8572951126677,-269.29365522251,300.025793118857,7403.29477017666,149.093555653101
0.4438,-20.3938382454379,-275.332461944789,295.770235044011,7404.87331335562,149.081804062595
0.4439,-10.0970721594419,-281.110320154212,291.154716474946,7406.52160371996,149.084294611391
0.444,0.294133429718379,-286.653576974658,286.351427721053,7408.16118679096,149.061474054722
0.4441,10.6430033855345,-291.866105649734,281.231700900589,7409.89793394155,149.080365914302
0.4442,21.0488219978518,-296.918637490512,275.828914961756,7411.6196184853,149.112859247893
0.4443,31.3817116144632,-301.622062130634,270.148215167862,7413.425046736,149.066070250537
0.4444,41.7808476814233,-305.914724036267,264.267452770449,7415.19362625764,149.077854677695
0.4445,51.9678288795663,-309.949185626195,258.018652630536,7416.95618299039,149.062169590476
0.4446,62.210489976463,-313.777731862455,251.517974269171,7418.75154870221,149.099861270228
0.4447,72.3220005103389,-317.33185767994,244.906372349814,7420.59387175151,149.049408135947
0.4448,82.6240997868272,-320.528365859611,237.960918404145,7422.38906645537,149.078578212221
0.4449,92.7953401063377,-323.31856487994,230.651495533196,7424.15873826748,149.096389244919
0.445,102.653903646985,-325.873078406583,223.290324133407,7425.93309789898,149.061778922166
0.4451,112.631731753223,-328.164429673501,215.612039748246,7427.73203798689,149.094601231148
0.4452,122.334944759773,-330.074097242476,207.728995499837,7429.46407080846,149.052119411758
0.4453,132.024833573117,-331.75487819813,199.696382972951,7431.2544851865,149.021357666268
0.4454,141.603717324238,-332.925057581441,191.417838566471,7432.9379604249,149.088720154402
0.4455,151.021656835059,-333.922238217813,182.946766519066,7434.58797945249,149.083555077765
0.4456,160.294244495467,-334.573646684445,174.328607931571,7436.22918817826,149.047122700684
0.4457,169.477500935908,-334.893792989882,165.447582815367,7437.79565769656,149.065885762281
0.4458,178.4080219026,-334.883886049119,156.554227358695,7439.31826393406,149.030124623493
0.4459,187.233255386271,-334.597819009864,147.294866566509,7440.80955788222,149.056079335735
0.446,195.788780335865,-333.8861206438,138.016467243848,7442.26605031086,149.037551016468
0.4461,204.295294984238,-332.947348710117,128.613683412537,7443.60719297615,149.067820803902
0.4462,212.584916891476,-331.585651412215,118.94775211155,7444.89910556731,149.023981778828
0.4463,220.612317790308,-329.902368596296,109.292074313153,7446.10361995028,149.030150496589
0.4464,228.488977377021,-328.032536542639,99.4828600447762,7447.26496021769,149.045836031391
0.4465,236.151523115974,-325.693939738827,89.5592233411465,7448.32549295659,149.027782116865
0.4466,243.528169928403,-323.157034495924,79.5841425222914,7449.28718358558,149.054110509437
0.4467,250.6090105958,-320.185731741443,69.5535106995755,7450.22042178445,149.04082597347
0.4468,257.66581102934,-317.042226697966,59.4810623377897,7451.01571828619,149.069206085922
0.4469,264.385561499783,-313.488563423569,49.1579147599159,7451.67735929449,149.046929661033
0.447,270.823248885481,-309.680048652894,38.9035020237487,7452.2865041237,149.027712262163
0.4471,276.947250727649,-305.601747259854,28.5817080001412,7452.80276176675,149.060579270502
0.4472,282.87418951185,-301.176959226472,18.2629578211584,7453.19778616726,149.030084069611
0.4473,288.500851318664,-296.444833864031,7.79036715248606,7453.42743478342,149.062659072395
0.4474,294.033675434514,-291.33442995972,-2.49009598279885,7453.63362654904,149.005680757001
0.4475,299.049211154217,-286.068438776343,-12.8872175327817,7453.6597645892,149.019575368073
0.4476,303.954498890208,-280.585078400784,-23.3517160568403,7453.59469781733,149.053299775696
0.4477,308.376991750279,-274.787008534437,-33.6787088807436,7453.44351516709,149.024837964629
0.4478,312.653156251901,-268.709924073002,-43.880612835707,7453.08043005877,149.025786974378
0.4479,316.544815259216,-262.372223837578,-54.2728526403999,7452.66894045918,149.040508599055
0.448,320.262347955858,-255.769750726311,-64.5581110231468,7452.12080968792,149.002888648004
0.4481,323.494087251975,-248.876791176612,-74.678602916048,7451.40404235322,149.001649525617
0.4482,326.497675045102,-241.787962038869,-84.9017079034242,7450.5212570986,149.042748704775
0.4483,329.212927672486,-234.367545259366,-94.8200405839379,7449.53320926129,148.995354159862
0.4484,331.633083153592,-226.839951794663,-104.663934654223,7448.45086374836,149.049144764944
0.4485,333.591678674897,-219.077308910212,-114.729302780167,7447.14035861891,149.017927202245
0.4486,335.448390483799,-211.089434577892,-124.374863869897,7445.76990619811,149.020127225945
0.4487,336.847839230646,-202.874844665131,-133.965179863953,7444.1985794437,149.029424688618
0.4488,337.986044183363,-194.540233377398,-143.535015986976,7442.54673944073,149.002690842204
0.4489,338.772427745481,-185.938582686808,-152.838650523192,7440.70151725401,148.992144167443
0.449,339.117587398668,-177.119230960868,-162.060692070633,7438.68634032106,149.004985514684
0.4491,339.391483362443,-168.258474898149,-171.011712576259,7436.53162513985,149.030738959446
0.4492,339.156760611079,-159.139511737702,-179.932680727056,7434.25999871163,148.968785724499
0.4493,338.604926292217,-149.867300180751,-188.703952671338,7431.79812817973,149.015500214618
0.4494,337.846264202176,-140.459207993321,-197.293043735097,7429.26406282189,149.022764121843
0.4495,336.659373569034,-130.990534391635,-205.672196112396,7426.48868214831,149.014477532619
0.4496,335.163231569418,-121.28047993194,-213.745560711658,7423.57921101088,148.979353031495
0.4497,333.265323810639,-111.618669540739,-221.794094680118,7420.55501068769,148.982629879297
0.4498,331.206704021382,-101.706740229905,-229.58678635071,7417.34544203306,148.986079129386
0.4499,328.797003001273,-91.79438149842,-237.008373780139,7413.98152974667,148.982483853571
0.45,326.031185746388,-81.6613074295408,-244.332839629143,7410.49361594618,148.98768538153
0.4501,322.903112960066,-71.4512124236466,-251.296897156604,7406.87125612508,149.007597369437
0.4502,319.459880065481,-61.2486425823896,-258.22340387195,7403.06345509893,149.000859861302
0.4503,315.915130235121,-51.1703380415347,-264.865336292629,7399.108465861,148.984314641288
0.4504,311.877963735077,-40.7481376522184,-271.132023845712,7395.02114464275,148.983766048085
0.4505,307.514058324438,-30.4667721196709,-277.092910726846,7390.79223781826,148.949873220653
0.4506,303.089429679598,-20.1021656311823,-282.907135625731,7386.37986411824,148.976482275912
0.4507,298.273125813216,-9.75560760034901,-288.460158904089,7381.83130047464,148.985537129462
0.4508,292.936675859366,0.675839292531601,-293.61993259629,7377.16528604255,149.005988562438
0.4509,287.571776368723,11.0541356700928,-298.677528800881,7372.37754433101,148.96790472847
0.451,281.852746916344,21.4562196412067,-303.249452384873,7367.42317150524,148.949550682643
0.4511,275.944398181458,31.7567225623921,-307.645822123108,7362.32547903932,148.974296214918
0.4512,269.631505916255,42.0849588004766,-311.752726710541,7357.07437694089,148.955293054474
0.4513,263.109010802717,52.3828094739068,-315.529028322971,7351.71682279057,148.966995518095
0.4514,256.432235714654,62.5936531105277,-319.065901817711,7346.21753043083,148.964403545435
0.4515,249.332374987535,72.6657206587939,-322.124080149382,7340.63604442316,148.960143933514
0.4516,242.195937348282,82.8411298712878,-324.997249667657,7334.87567173024,148.95558874496
0.4517,234.697144145556,92.7689335008932,-327.60702690081,7329.01558348321,148.96071911815
0.4518,226.980107871758,102.780431699876,-329.756412333974,7323.03225324083,148.967048834593
0.4519,219.104817639977,112.498654457584,-331.608160987378,7316.92434649083,148.965378589945
0.452,210.96482353295,122.247229621338,-333.310530195702,7310.71977688457,148.940906159497
0.4521,202.670433893477,131.844068389607,-334.484076111019,7304.35603583537,148.959886492168
0.4522,194.231892576433,141.325753267397,-335.432179437678,7297.9514481792,148.915609325823
0.4523,185.47696839536,150.564003187395,-336.020233508433,7291.39059949564,148.936582372082
0.4524,176.668044847162,159.727813067422,-336.196614194304,7284.7342082099,148.974299008464
0.4525,167.701074045544,168.694219041477,-336.34816972549,7278.07363470067,148.980337936376
0.4526,158.462072088356,177.487561012731,-335.830099462126,7271.1826751834,148.936314318443
0.4527,149.006050055999,186.195311566291,-335.241509977069,7264.27350037852,148.958963944195
0.4528,139.742162858192,194.633984134168,-334.230021032764,7257.22150403282,148.962528964294
0.4529,130.114535486359,202.927696484341,-332.841807806213,7250.15897326498,148.960049763088
0.453,120.260140723549,210.926169526597,-331.266953063979,7242.97156194614,148.970195210376
0.4531,110.516213662467,218.786399795886,-329.340412292622,7235.69904682277,148.958594577437
0.4532,100.583621003085,226.416395191558,-326.967831535549,7228.43269147222,148.946576262081
0.4533,90.4825642411657,233.765003289291,-324.3904991566,7221.04449415576,148.929091270918
0.4534,80.4663465429555,240.957600819961,-321.438381464031,7213.60217326082,148.968836045345
0.4535,70.2425281247302,247.934805608931,-318.188723607932,7206.08970175386,148.951525755737
0.4536,59.9890061235482,254.523407649485,-314.614944769466,7198.51829427252,148.92049972388
0.4537,49.7148058897443,261.102223117464,-310.830325354523,7190.92443465106,148.963692761696
0.4538,39.4493157524827,267.276041803616,-306.620463016131,7183.27722025171,148.930809429848
0.4539,29.0137031500303,273.117582802331,-302.264141644006,7175.54110236352,148.947738434305
0.454,18.6244776978145,278.814006137194,-297.541000970318,7167.82114498281,148.972615678703
0.4541,8.29866068436753,284.204805429042,-292.508307756455,7160.01945642158,148.93798731808
0.4542,-2.1752243525175,289.259156410063,-287.186547027275,7152.2456482883,148.912244557271
0.4543,-12.5614224646954,294.128701439596,-281.556631913914,7144.40360659582,148.888231908688
0.4544,-22.9107352559246,298.696611597224,-275.690687211827,7136.60620959383,148.9302492121
0.4545,-33.2691305770061,302.841738822783,-269.582154240836,7128.76834893797,148.922177390792
0.4546,-43.4974772633964,306.670609144909,-263.293367987029,7120.88331813448,148.971723806666
0.4547,-53.8459678130251,310.391116023056,-256.51447972331,7113.00132636403,148.969748950659
0.4548,-63.9694342921939,313.733674284597,-249.710812217949,7105.13405472217,148.930852597062
0.4549,-74.1798548881112,316.685750366767,-242.500354190487,7097.23700487465,148.913090136005
0.455,-84.1744241506089,319.516548437526,-235.22388173613,7089.40864726374,148.936555129828
0.4551,-94.1050857326029,321.784416103275,-227.584602915122,7081.54298601364,148.907636442707
0.4552,-104.023320876499,323.825270532175,-219.863116391527,7073.70379558409,148.9185444347
0.4553,-113.767140689036,325.597714333161,-211.895306447596,7065.8966678402,148.90104196572
0.4554,-123.399605326948,326.888575634937,-203.629249220431,7058.12379203519,148.915311295763
0.4555,-132.842676432858,328.059633293878,-195.167579158141,7050.36715427906,148.950107085817
0.4556,-142.186371600536,328.796003890289,-186.667665675765,7042.66926352761,148.914279057564
0.4557,-151.420825968663,329.379240212942,-177.749489361389,7034.94715011772,148.930482381915
0.4558,-160.545874943292,329.40715043004,-168.873562188942,7027.35426611372,148.913248067527
0.4559,-169.450513374412,329.14627193096,-159.750056637973,7019.72656991904,148.888676473346
0.456,-178.210860810566,328.683788256436,-150.576278407548,7012.18181614666,148.897131138616
0.4561,-186.798852105737,327.779660261721,-141.097346494979,7004.6362700684,148.927728596666
0.4562,-195.120680278475,326.699643182634,-131.554444973215,6997.21845660443,148.93208368046
0.4563,-203.248567974591,325.170130237448,-121.930274727328,6989.89373176222,148.884344549553
0.4564,-211.282353446325,323.285196509034,-112.166854550821,6982.55323223596,148.864251665485
0.4565,-219.061523642295,321.156617332435,-102.233977842186,6975.33680175031,148.929072731576
0.4566,-226.460303068773,318.697391752825,-92.2483638296311,6968.15235160861,148.895232763765
0.4567,-233.780376510563,315.912359914153,-82.2466682311836,6961.08073198202,148.891556550873
0.4568,-240.782697014431,312.887109142797,-72.0029377511583,6954.04911428563,148.893112783987
0.4569,-247.643885518727,309.438036700959,-61.7786956470227,6947.12212751652,148.924866628879
0.457,-254.156698534739,305.772898292083,-51.5823775318618,6940.29588208542,148.90331058852
0.4571,-260.492249185378,301.790571589955,-41.3131805134747,6933.51579729293,148.892861287971
0.4572,-266.515572465696,297.33350152996,-30.8755612155559,6926.87119306589,148.908056768164
0.4573,-272.412145208681,292.855576294279,-20.4879302362503,6920.32200026363,148.913974396285
0.4574,-277.785658172478,287.932273419199,-10.1510996503546,6913.89464638763,148.865908788836
0.4575,-283.046059555643,282.854890580965,0.319723447916442,6907.52226230022,148.878275010595
0.4576,-288.007997611479,277.328800820296,10.7206536694923,6901.24953675513,148.893568623936
0.4577,-292.57172534379,271.651869041682,21.0949237167234,6895.09317862843,148.890755083234
0.4578,-296.99433417151,265.60759563818,31.396309138445,6889.04977596101,148.896614063941
0.4579,-301.141168714617,259.31859852493,41.8245324530718,6883.19318528066,148.882843280649
0.458,-304.928096964938,252.737323176172,52.0820093405671,6877.35256633895,148.881693479317
0.4581,-308.327818068047,246.08142159233,62.2424326211415,6871.6640901459,148.859853426548
0.4582,-311.491802507457,239.039528490259,72.4007559216293,6866.09511911587,148.86323161788
0.4583,-314.288752762643,231.841641978743,82.4703046307497,6860.63818552664,148.872620109179
0.4584,-316.77247628966,224.346458483519,92.5549714865614,6855.30475460114,148.88943003448
0.4585,-319.060990326946,216.607064741565,102.346026617933,6850.06664214889,148.859653102887
0.4586,-320.903669808807,208.732648372413,112.227607274698,6844.96771516449,148.894911468999
0.4587,-322.508403511986,200.579878245041,121.932447146907,6840.02566075281,148.860071830232
0.4588,-323.784196192998,192.254549303776,131.468371046231,6835.18170982541,148.885265845385
0.4589,-324.69790526983,183.83168544562,140.915965892933,6830.52017950333,148.847698283634
0.459,-325.340575940915,175.112121227552,150.201655346551,6825.95171860418,148.850986357943
0.4591,-325.59764835857,166.232087087053,159.310350764364,6821.54999803378,148.851519050375
0.4592,-325.515398108672,157.18897398172,168.309022778091,6817.20760749505,148.820753560488
0.4593,-325.154565210288,147.968005209999,177.129918123945,6813.03553697037,148.902314191915
0.4594,-324.425111945766,138.631157978521,185.733657405463,6809.01762531133,148.846205317333
0.4595,-323.32694891526,129.163705707571,194.180103132957,6805.11799149686,148.866009080563
0.4596,-322.033631703823,119.606930418896,202.400653103385,6801.32564363517,148.881817848601
0.4597,-320.299320785215,109.874392952282,210.497897227459,6797.72150978361,148.870634934993
0.4598,-318.337317798837,100.033195601311,218.424304974995,6794.16326096569,148.865166180427
0.4599,-316.127859980683,90.0995909890637,225.932319744312,6790.79804651481,148.854267532665
0.46,-313.402116327684,80.0380716161252,233.447681788158,6787.56739828916,148.858734271537
0.4601,-310.408892829226,70.0441195508294,240.500225831252,6784.45032009665,148.856087068834
0.4602,-307.277491709381,59.7199723200306,247.440796660465,6781.52853809915,148.853988091728
0.4603,-303.595693598175,49.4913655019038,254.142286686559,6778.69660921998,148.841374666112
0.4604,-299.777273638198,39.2130911522295,260.549397509765,6775.91772405326,148.843853858208
0.4605,-295.603807475016,28.8147028946469,266.806756971063,6773.37271977285,148.862661876067
0.4606,-291.183032501881,18.5019395906587,272.62317487248,6770.94274728968,148.848876490149
0.4607,-286.422184761866,8.16455258746515,278.259970830042,6768.5954556755,148.858458208384
0.4608,-281.335106078416,-2.18264348817726,283.676094899953,6766.39514042598,148.806298497736
0.4609,-275.987660915728,-12.6498020539851,288.624265587656,6764.3341145414,148.830137770936
0.461,-270.431774597294,-22.917653124718,293.464974161479,6762.36786484486,148.870375788834
0.4611,-264.575587240015,-33.4232229989349,297.970152146132,6760.5678984776,148.840324638741
0.4612,-258.383210321983,-43.700383109177,302.247732695616,6758.85962768049,148.823965608795
0.4613,-252.031070586747,-53.9747925012244,306.029741025564,6757.30838822629,148.831842712267
0.4614,-245.400678920027,-64.1813142797388,309.659675088506,6755.78752261832,148.830339590353
0.4615,-238.578819122553,-74.493091465853,312.929753861264,6754.44251164516,148.818190341492
0.4616,-231.38086988099,-84.6175471847659,315.975682849396,6753.16864835266,148.826817508294
0.4617,-223.9501327738,-94.5145909010396,318.667509976595,6752.01537925843,148.83330686962
0.4618,-216.420477590096,-104.54770920653,320.901073715523,6751.02368873665,148.823503458191
0.4619,-208.616266720927,-114.418413782034,322.978246466816,6750.09023022843,148.820594837652
0.462,-200.598703413422,-124.151085590242,324.701526020711,6749.28535753936,148.794311839615
0.4621,-192.36964527108,-133.76654783211,326.120045095353,6748.51535471365,148.816337663855
0.4622,-183.941389903313,-143.186666423789,327.226544047887,6747.88875413216,148.830315624807
0.4623,-175.302172177314,-152.608999012571,327.819703754972,6747.35892602823,148.843763940741
0.4624,-166.581664331479,-161.705696229837,328.369271146945,6746.89960721793,148.810472069307
0.4625,-157.574739862084,-170.800880776134,328.45913281893,6746.60078300398,148.802039156363
0.4626,-148.490730831658,-179.733488163999,328.103146040446,6746.31679824847,148.828193717056
0.4627,-139.070836951416,-188.418730351479,327.604904308295,6746.12582628444,148.789242999453
0.4628,-129.825003295801,-196.966643743148,326.716430642478,6745.99556242692,148.820217188637
0.4629,-120.34911921138,-205.3489886207,325.576324362023,6745.9541900341,148.785347067082
0.463,-110.557946654731,-213.482323158776,324.065637547097,6745.99047382337,148.808274306454
0.4631,-100.746284651654,-221.4033371522,322.194288569317,6746.09423581465,148.774081417369
0.4632,-90.8594892126986,-229.118292893099,320.074839463283,6746.25978884784,148.79585013855
0.4633,-80.9324907026531,-236.551059255997,317.458793164866,6746.56539687979,148.767758253283
0.4634,-70.7834050859013,-243.940282033838,314.719352876363,6746.81944806947,148.808030592319
0.4635,-60.6301457732918,-250.911821659086,311.636297606115,6747.10529237392,148.826960181189
0.4636,-50.4916932890558,-257.624225738595,308.18605508477,6747.51130259209,148.767704731587
0.4637,-40.2386142908418,-264.161358342942,304.470886360882,6747.95718049586,148.805878816911
0.4638,-29.9324297270238,-270.478491719979,300.487823578908,6748.43950374862,148.758183332287
0.4639,-19.5718283571794,-276.446286302172,296.211517438369,6748.96354826439,148.782116041871
0.464,-9.14320853462578,-282.273382144801,291.42092692521,6749.5361848003,148.808447423139
0.4641,1.17948669785358,-287.734884835259,286.576432583602,6750.11468153276,148.790820144871
0.4642,11.6329647597354,-292.989118285495,281.322036209774,6750.7092215963,148.768065300012
0.4643,21.9992175390913,-297.890214785897,275.867372706472,6751.33900363667,148.774850172095
0.4644,32.3288405787522,-302.468560232035,270.136396652163,6751.98561646661,148.800503188953
0.4645,42.7004262142515,-306.871458470028,264.161407345102,6752.66968309338,148.779261538802
0.4646,53.028647309023,-310.830197557134,257.879213291622,6753.3590295764,148.790685253408
0.4647,63.2958499754961,-314.6432185332,251.29629885662,6754.04122406209,148.806248166203
0.4648,73.5009278274463,-317.999266619291,244.608121784083,6754.77253823118,148.781536268603
0.4649,83.6821400413553,-321.116494827883,237.422211540256,6755.42389173458,148.754170004971
0.465,93.6564266707136,-323.927413807242,230.255590700529,6756.09949736821,148.797108782027
0.4651,103.730379011219,-326.389926906277,222.796580569877,6756.79617476015,148.814634023404
0.4652,113.65857732834,-328.574164735502,215.037768356534,6757.4923932817,148.775628447767
0.4653,123.385451047721,-330.413210676299,207.098787173301,6758.13767015998,148.779539283346
0.4654,133.002425785199,-331.917597243288,198.889559543396,6758.76355851632,148.763554960818
0.4655,142.462627856659,-333.188210410903,190.603485445966,6759.41918310552,148.764993652709
0.4656,151.926518674719,-334.027949214265,182.011649754375,6759.98428955927,148.787120842647
0.4657,161.315105416109,-334.664034728709,173.295694268665,6760.5216337339,148.76235420242
0.4658,170.302140503587,-334.848575528876,164.497928444211,6761.04610668142,148.746069079259
0.4659,179.428516433496,-334.819065992565,155.439882122212,6761.53337355369,148.755381654796
0.466,188.093402460523,-334.40228050364,146.162701518339,6761.98239997869,148.765081197196
0.4661,196.72219641719,-333.606990208071,136.863835955115,6762.37382466753,148.75184296507
0.4662,205.131011022171,-332.534985464617,127.45967845082,6762.72099055918,148.73943022554
0.4663,213.37045533149,-331.102122338419,117.828962711408,6763.04843422164,148.757561645588
0.4664,221.488786236969,-329.429194015265,108.115423383753,6763.29012262741,148.760820777178
0.4665,229.159195987055,-327.462757322092,98.1940964360599,6763.44067486827,148.762847182132
0.4666,236.800428441242,-325.088264622925,88.2810627428802,6763.57561218693,148.75542157202
0.4667,244.163495310306,-322.393297700435,78.2409943847406,6763.63599954985,148.750886538416
0.4668,251.252969568983,-319.496729244728,68.10128020873,6763.59662351838,148.750495715016
0.4669,258.262670570972,-316.205836936653,57.9529431713535,6763.60718466315,148.768046308692
0.467,264.770649503849,-312.517637141394,47.7127886536578,6763.40173537777,148.736639089543
0.4671,271.215546646913,-308.714679624072,37.4139701111054,6763.17105291516,148.747852758596
0.4672,277.4451503961,-304.533094029577,27.0360303143244,6762.89887779302,148.771232878508
0.4673,283.281878698594,-300.002574773461,16.7235570292605,6762.46513291261,148.742689528365
0.4674,288.877407937573,-295.154484445814,6.3312101382601,6762.0371350963,148.71277393589
0.4675,294.29659564204,-290.104779067099,-4.04139266216667,6761.40925540862,148.758640976958
0.4676,299.297516608442,-284.7436144354,-14.4092976565937,6760.84402898657,148.776527648411
0.4677,303.985845457859,-279.147445649918,-24.9813492250385,6760.05182595237,148.780210206731
0.4678,308.470598180884,-273.27827173496,-35.2035453016439,6759.20942147074,148.738510123252
0.4679,312.576370925422,-267.009025824517,-45.5846656547763,6758.29449008915,148.705638402883
0.468,316.441255785348,-260.637198754077,-55.8032412425947,6757.27671499428,148.740440098208
0.4681,320.045725335473,-253.996082747739,-66.0939020517527,6756.14573055132,148.752431443443
0.4682,323.357391502897,-247.035549631655,-76.3024228698495,6754.92930167761,148.730004738299
0.4683,326.206046824855,-239.810673452433,-86.3941969303382,6753.56313527228,148.742501260706
0.4684,328.882256867561,-232.53187286651,-96.4307968011526,6752.13055668471,148.715166020887
0.4685,331.14968523886,-224.874911443465,-106.36369990431,6750.63973977096,148.721893106319
0.4686,333.172620055327,-216.976090909141,-116.191349726435,6748.93467377391,148.741319396928
0.4687,334.806745331943,-208.973378539689,-125.904764500312,6747.15114011219,148.762667778252
0.4688,336.321316289446,-200.718315511348,-135.493900909447,6745.35125087594,148.742570588347
0.4689,337.197851741502,-192.21558598234,-144.930141928314,6743.36201533723,148.727916026828
0.469,337.873859028491,-183.631111915501,-154.209886420984,6741.27657989147,148.741341887636
0.4691,338.247452590843,-174.825427434382,-163.599079549409,6739.06703624254,148.752624046702
0.4692,338.374885634041,-165.902160393142,-172.582743205894,6736.75610514247,148.746061588125
0.4693,338.121988270808,-156.603941030646,-181.402142981169,6734.31662993651,148.718230187685
0.4694,337.597067980901,-147.361176831719,-190.164177822605,6731.77936683011,148.741357401964
0.4695,336.620835287826,-137.962355673614,-198.594192901841,6729.11127251113,148.728222018347
0.4696,335.395842892684,-128.366864626342,-206.97697510237,6726.32950246089,148.729582859954
0.4697,333.881092163416,-118.754311958979,-215.02338580098,6723.45697907356,148.708190215559
0.4698,331.897003759103,-108.921517198141,-222.867791807009,6720.43472296238,148.705653245753
0.4699,329.670379309879,-99.0382633863445,-230.655465846832,6717.33163720075,148.725772967346
0.47,327.149074755666,-89.0047996591281,-238.16972064853,6714.05290896737,148.703880303218
0.4701,324.368902377149,-78.9035074486447,-245.283266367743,6710.72887380671,148.743931707826
0.4702,321.137392692244,-68.8478506961834,-252.394084686054,6707.25700740777,148.719626425527
0.4703,317.686854462316,-58.5678975445307,-259.203137342376,6703.72678629223,148.715658524015
0.4704,313.869686063297,-48.3611487968625,-265.587857769661,6700.02156036542,148.683689026911
0.4705,309.830901160378,-37.9964019341083,-271.930796196299,6696.20197337894,148.736451340091
0.4706,305.479983340207,-27.6554692930231,-277.922390498822,6692.29178033433,148.68253682287
0.4707,300.819149010997,-17.1786612360656,-283.589615289154,6688.26763233603,148.693744827932
0.4708,295.886626941336,-6.89174231465938,-289.004165799473,6684.13369097662,148.687542748367
0.4709,290.662088212187,3.52931118117259,-294.15889825394,6679.91196105642,148.697566844684
0.471,285.164670671663,13.969796900744,-299.034398669077,6675.55035857356,148.681568602608
0.4711,279.467450463528,24.3517830755744,-303.702068438883,6671.17803275161,148.649921082965
0.4712,273.331812699848,34.747364041227,-308.024458181001,6666.5636126983,148.674314590798
0.4713,267.013256354409,44.9473865410909,-311.921239294663,6661.90566142829,148.722715711572
0.4714,260.571630743952,55.1990499262842,-315.68224694493,6657.16985338086,148.697879876139
0.4715,253.725705145414,65.4339539604156,-319.067777614892,6652.30293760535,148.700053845406
0.4716,246.555792015627,75.5881175638684,-322.239107131415,6647.40902709883,148.678169109447
0.4717,239.267467373193,85.6652580637128,-324.96444874759,6642.356048492,148.684362718327
0.4718,231.828273515316,95.6048594605972,-327.447083036975,6637.16238389168,148.684139699947
0.4719,224.023751648917,105.549418978216,-329.488119550743,6631.97626761454,148.681023940935
0.472,216.129030341814,115.283216173659,-331.363927693452,6626.68357777655,148.730260587068
0.4721,207.95715121826,124.969999942877,-332.979786407736,6621.29130536419,148.680324549085
0.4722,199.540159281562,134.482850862939,-334.147694898567,6615.78067671376,148.690270563861
0.4723,191.140551020021,143.895992678944,-334.891637204976,6610.26769021638,148.692502165745
0.4724,182.301316946255,153.125481954375,-335.39029747019,6604.60054077053,148.642819724938
0.4725,173.296591416331,162.179850625974,-335.647424012673,6598.90285043736,148.699032897096
0.4726,164.329714505184,171.169654245835,-335.529583081569,6593.12526618489,148.689620423569
0.4727,155.124278812298,179.985124165204,-335.107634087395,6587.30238008958,148.707245317841
0.4728,145.734847885636,188.553347881324,-334.276527124415,6581.37831468842,148.662565465177
0.4729,136.237035022749,197.013125494904,-333.300488493752,6575.38908864862,148.676391522715
0.473,126.572797347855,205.282304173206,-331.831127038137,6569.36489261328,148.65875688023
0.4731,116.927008691731,213.158139588786,-330.043842815148,6563.26771427102,148.683228817363
0.4732,107.073665616106,221.037267777286,-327.994969546328,6557.08562913538,148.672052380803
0.4733,97.0812876898165,228.522878381703,-325.739188427254,6550.85448180263,148.675254149595
0.4734,86.9654049074495,235.882569352703,-322.92745739639,6544.63215027686,148.681328818998
0.4735,76.8573788744324,243.07980401995,-319.897628925252,6538.34061258673,148.665136763308
0.4736,66.7143606598758,249.932932989261,-316.674124279991,6531.98729803737,148.634634889464
0.4737,56.4687957421284,256.515968666548,-312.958077705189,6525.56124294147,148.65392643777
0.4738,46.0566602976801,262.865528538023,-309.028456555119,6519.21288518411,148.666739931103
0.4739,35.8791947679886,268.951787422782,-304.911813065087,6512.76429708366,148.671345137134
0.474,25.3857182142841,274.883759891089,-300.243797992055,6506.27923052717,148.660959511593
0.4741,14.9974916809218,280.423979782232,-295.461077581566,6499.78037065364,148.660869000872
0.4742,4.58124600093256,285.778409411291,-290.364942608823,6493.25478707106,148.66665013915
0.4743,-5.72463089713866,290.818634080093,-285.058813269755,6486.71842005491,148.702811316537
0.4744,-16.072484722356,295.588441285887,-279.303340820027,6480.20224203111,148.641454572476
0.4745,-26.4616619918187,299.989313771722,-273.485121538456,6473.61575938022,148.624710488152
0.4746,-36.7850818084766,304.079542953884,-267.285289696294,6467.02566327406,148.654925682944
0.4747,-47.0995478690117,307.920868386364,-260.795371455556,6460.44326651859,148.638904993309
0.4748,-57.380501918277,311.532927829139,-254.065425073026,6453.85778729498,148.662632940937
0.4749,-67.5341338060904,314.719772401261,-247.098196592901,6447.29267563484,148.649077535952
0.475,-77.6392249592502,317.625998710641,-239.931946737648,6440.75144281359,148.657751947041
0.4751,-87.7399799288964,320.166744565537,-232.436028429401,6434.18781860128,148.625231431357
0.4752,-97.6672084457334,322.464535925889,-224.915921732833,6427.62119958687,148.623781211419
0.4753,-107.495220919089,324.435928705007,-217.077791104682,6421.10362479404,148.662823906685
0.4754,-117.13273740317,326.127195891372,-208.99043324971,6414.54761840685,148.630588817637
0.4755,-126.687643181262,327.502613770118,-200.755866286516,6408.0873089133,148.626121544851
0.4756,-136.180304113067,328.485334893408,-192.1406590688,6401.60671276137,148.626870645894
0.4757,-145.529656666515,329.09900439453,-183.611826678592,6395.16136735321,148.625177606585
0.4758,-154.780714882393,329.480902758558,-174.767863431353,6388.74175871827,148.637437705558
0.4759,-163.770246238019,329.585738842336,-165.784383283875,6382.36366115618,148.66253669026
0.476,-172.551562599314,329.151118600579,-156.67978143452,6376.04107293756,148.618609189402
0.4761,-181.312550555194,328.650222321942,-147.346050313047,6369.7656257259,148.656912797522
0.4762,-189.737012490071,327.680187709253,-137.851648440958,6363.50430184828,148.616136179999
0.4763,-198.06492219994,326.355815836313,-128.430872862487,6357.33304743062,148.663733611997
0.4764,-206.217110858946,324.738121293295,-118.627315904871,6351.1627088413,148.621796426071
0.4765,-213.98019413172,322.889773307445,-108.796270446758,6345.07894030083,148.617472908098
0.4766,-221.704449463086,320.698862346407,-98.9430700658684,6339.04078057709,148.610341275224
0.4767,-229.159697412657,318.149942839876,-88.9428130890981,6333.02777855101,148.649487099051
0.4768,-236.319867719714,315.233987391695,-78.8990416472449,6327.14676372263,148.620427807974
0.4769,-243.34103829186,312.020281702138,-68.792861821379,6321.26579979755,148.623733305401
0.477,-250.112961241066,308.597069702115,-58.4727223532926,6315.46328313425,148.605054112663
0.4771,-256.566894877009,304.842298488989,-48.1753579401092,6309.79431187897,148.627371517665
0.4772,-262.771638395905,300.808593335882,-37.9362166382847,6304.10207819031,148.593791389246
0.4773,-268.694151294198,296.402209943998,-27.4152452632242,6298.5302185097,148.60803116017
0.4774,-274.447065185013,291.728286302784,-17.1163914895206,6293.07689899533,148.595585622772
0.4775,-279.857563486917,286.727236277249,-6.82523364909625,6287.67516459738,148.576096920222
0.4776,-285.033478899833,281.464669821668,3.57929280874767,6282.34230000798,148.590098523773
0.4777,-289.908144104741,275.953597965252,13.9338165376403,6277.03670484882,148.582031475314
0.4778,-294.502449721606,270.146881657272,24.4402755679132,6271.86991519203,148.619009365114
0.4779,-298.733403946225,264.115509162177,34.7273424216585,6266.75059080179,148.576869992617
0.478,-302.803398892782,257.735386979061,44.9891284229419,6261.78314978518,148.60618311201
0.4781,-306.383219060512,251.090211090423,55.2951349405387,6256.9059345854,148.601197698581
0.4782,-309.815885337602,244.297914283566,65.5212271654299,6252.08423616655,148.606388688099
0.4783,-312.904093843243,237.175358063179,75.5516410924072,6247.36011679747,148.573061392413
0.4784,-315.624616900712,229.994748249342,85.5148361598177,6242.7622962906,148.575245454569
0.4785,-317.991800820153,222.480483740581,95.6578163169125,6238.25292793474,148.605713298344
0.4786,-320.101072453269,214.669850292426,105.313888924368,6233.76359094841,148.579301787875
0.4787,-321.940821202541,206.633845066283,115.250772324372,6229.44653026906,148.612316585741
0.4788,-323.378746081686,198.58137142505,124.842354939606,6225.20152855046,148.595295030054
0.4789,-324.534040638691,190.18401805671,134.350796917918,6221.0578494527,148.609106257131
0.479,-325.405710709813,181.60535251569,143.785673418754,6217.02419682996,148.579157010348
0.4791,-325.871092300446,172.89651104199,153.073182973941,6213.06686540287,148.622592676185
0.4792,-326.050705985971,163.999716450412,161.999024824492,6209.29523026954,148.583402656933
0.4793,-325.924377184495,154.959370765244,170.974782777303,6205.58258537434,148.593757133251
0.4794,-325.414167529233,145.681283958325,179.702247712476,6201.91435351652,148.585315887574
0.4795,-324.56278919692,136.33529005663,188.279083401819,6198.38135315464,148.579133941621
0.4796,-323.496978679253,126.756223019129,196.632997929869,6195.02923112565,148.557355789016
0.4797,-322.037678825038,117.123970993531,204.908716707131,6191.6969622407,148.546048227502
0.4798,-320.285054537234,107.361902946799,212.887630470491,6188.45858572195,148.557064427461
0.4799,-318.161124934881,97.5764721422156,220.600955694415,6185.36746381453,148.580640512501
0.48,-315.724008916733,87.674107540187,228.191209096143,6182.32845879496,148.540045692798
0.4801,-313.115652712569,77.6469265430589,235.386086964596,6179.50668644432,148.586203104078
0.4802,-310.060408675328,67.4147999235216,242.491850550207,6176.66154413689,148.559724715629
0.4803,-306.658514413123,57.2673497279259,249.413862957463,6173.98149742234,148.59523694939
0.4804,-302.99350742713,47.1317970535731,255.979391315175,6171.35252460108,148.527438601348
0.4805,-299.205301455961,36.798668647129,262.404790113432,6168.88163992588,148.574183306
0.4806,-294.856135197982,26.4751677382639,268.376178589448,6166.49363212498,148.566435533552
0.4807,-290.347082907517,16.1159952190644,274.180931866581,6164.20748389786,148.557450160515
0.4808,-285.463326637955,5.76323783699017,279.809258077625,6161.97709489817,148.554085575171
0.4809,-280.371659649993,-4.61407906784561,285.073555050775,6159.92045280337,148.548380946879
0.481,-274.962246331198,-15.0959952160703,290.019918970427,6157.93727763562,148.592389539251
0.4811,-269.282215088153,-25.4050409385663,294.645124559096,6156.03333772828,148.572353999401
0.4812,-263.346433083193,-35.7702112023329,299.102760225434,6154.19281999413,148.55713990917
0.4813,-257.160355735246,-46.031124574832,303.255831868387,6152.44137791747,148.575600750439
0.4814,-250.704871393222,-56.3373119006843,307.046969227726,6150.83011951322,148.561262228341
0.4815,-243.975864774135,-66.5571197897355,310.523691211012,6149.32428969877,148.574173150789
0.4816,-237.048715430986,-76.7550118581164,313.58816643772,6147.86558856425,148.571755128995
0.4817,-229.783869096126,-86.7588353502451,316.544013818914,6146.51907549321,148.54421881381
0.4818,-222.444452161992,-96.7198268739065,319.150897774233,6145.23114949489,148.554745734056
0.4819,-214.795163510608,-106.659722571875,321.447257624703,6144.02740259205,148.52320341315
0.482,-206.861485131197,-116.420053301605,323.306818881989,6142.90101416141,148.554562743525
0.4821,-198.80461328957,-126.129156558904,324.945956162578,6141.82973608688,148.55418317859
0.4822,-190.552344643209,-135.722308118928,326.235100649319,6140.88958474665,148.551120772376
0.4823,-182.131679150828,-145.088003426661,327.216589587728,6139.99340836625,148.559759900868
0.4824,-173.42201225011,-154.387323109385,327.805852216782,6139.17978782729,148.574467616486
0.4825,-164.671787455791,-163.520587760425,328.27397781828,6138.44923057646,148.565204137616
0.4826,-155.684593872012,-172.403846072044,328.225276381099,6137.73249253552,148.571451242923
0.4827,-146.540897019727,-181.32805320816,327.883818163384,6137.0838744851,148.56946774281
0.4828,-137.235830544295,-189.987340808381,327.172306878717,6136.55244650537,148.529391131269
0.4829,-127.711260839242,-198.452587642185,326.198345954763,6136.03807251997,148.532793725499
0.483,-118.178478574336,-206.730099758339,324.880825457984,6135.58313978044,148.521762168359
0.4831,-108.603828843537,-214.743689256773,323.258028427056,6135.19924901262,148.550167462159
0.4832,-98.6811897612845,-222.575254082853,321.306184263612,6134.84011435135,148.526617477574
0.4833,-88.7977032682944,-230.264174093177,319.143573888899,6134.57181380313,148.534321728797
0.4834,-78.8705671413078,-237.610686789104,316.488043568331,6134.28529124085,148.549144713441
0.4835,-68.6850403057988,-244.882442614701,313.570515401701,6134.09564117397,148.591804302674
0.4836,-58.7215265758193,-251.842671482754,310.370822795304,6133.94859613749,148.523378476599
0.4837,-48.4167284569905,-258.487350397316,306.844906504352,6133.80838070854,148.515196718302
0.4838,-38.182616899513,-264.939753135114,303.104411949611,6133.72792488349,148.510460737852
0.4839,-27.8482138564466,-271.060092395668,299.002945342067,6133.71237044769,148.522405829184
0.484,-17.4204532617016,-277.052490064989,294.499305851599,6133.66903273557,148.556744411867
0.4841,-7.1530814773171,-282.645540089384,289.784232031969,6133.63380736099,148.494258220604
0.4842,3.18270771919801,-288.014329212973,284.839815496515,6133.66059890014,148.487684411397
0.4843,13.5549394222133,-293.224831002133,279.382508056275,6133.66629145793,148.527428883186
0.4844,23.9760066586525,-297.977867669278,274.009869639443,6133.68688784101,148.520859857107
0.4845,34.3266077590796,-302.431415041581,268.166511908144,6133.78265678545,148.542358356773
0.4846,44.5752130569726,-306.646184065805,262.144152982154,6133.81523572391,148.546507657795
0.4847,54.8609023267,-310.693343131653,255.849895578541,6133.97084207045,148.523600095542
0.4848,65.0865998948699,-314.286502055485,249.096861796874,6134.03276060698,148.518056696028
0.4849,75.2696725715916,-317.511938338228,242.186902715162,6134.12071320945,148.533141659859
0.485,85.4605042912823,-320.616956737042,235.304813501065,6134.25930690913,148.493913324314
0.4851,95.348086608123,-323.289301224172,227.865850735439,6134.29542083099,148.512214667571
0.4852,105.332338158043,-325.68693207422,220.381743519243,6134.39448436397,148.497322448001
0.4853,115.178250072124,-327.750998718635,212.690599485617,6134.42747160209,148.508219668244
0.4854,124.896784466937,-329.560186546105,204.523207602841,6134.48122200111,148.496318779678
0.4855,134.497557584589,-330.915503463067,196.493703665477,6134.50256576945,148.525270286165
0.4856,144.133875397166,-332.103324607084,188.047537385588,6134.51228267152,148.518532654059
0.4857,153.313889290686,-332.870364523186,179.49575849323,6134.57121687263,148.478054352825
0.4858,162.505406229221,-333.319736545604,170.680455693872,6134.52817499808,148.501534162585
0.4859,171.624628430578,-333.380382489753,161.77757740424,6134.47200453279,148.502258881337
0.486,180.481219586328,-333.216363470221,152.774862714512,6134.36870659641,148.47351554761
0.4861,189.204005073207,-332.681131291263,143.507389080087,6134.24444681039,148.483040029729
0.4862,197.760982676232,-331.853828172073,134.176291215957,6134.07066279034,148.515692289013
0.4863,206.027035809097,-330.637559750126,124.71966210566,6133.92004741447,148.471805979236
0.4864,214.068656504403,-329.193430009234,115.0232155155,6133.71083977663,148.508285151454
0.4865,222.088252517888,-327.233723306736,105.350855902138,6133.4300907726,148.51148632527
0.4866,229.760787481266,-325.253776017162,95.4351897403994,6133.07233596035,148.497450374898
0.4867,237.320913700108,-322.771458052272,85.463728716268,6132.70563521206,148.485912376624
0.4868,244.628218308,-320.079285566085,75.4425778051439,6132.27088438448,148.473173664019
0.4869,251.571598887324,-317.041097243563,65.3783212241605,6131.79353459837,148.49223098886
0.487,258.398615292107,-313.669952989558,55.1699765771942,6131.2842335638,148.498349944386
0.4871,264.950442979271,-309.91051658548,44.9622673179287,6130.69969479038,148.518375964932
0.4872,271.269300720075,-305.866288198079,34.6174538361145,6130.0396639355,148.490692867668
0.4873,277.34812194547,-301.63701732843,24.3006194791062,6129.35507694253,148.481537546918
0.4874,283.03996483855,-297.045523935117,14.0558990220287,6128.56815760965,148.492846044208
0.4875,288.591327861315,-292.252356926168,3.60503225479945,6127.73717841258,148.491398013244
0.4876,293.736387445502,-287.036860412708,-6.73273029620691,6126.80934732916,148.52192824814
0.4877,298.763063619005,-281.653731219716,-17.051863872921,6125.82028984825,148.473567190645
0.4878,303.316327752532,-275.907784942217,-27.3324071131968,6124.81737182495,148.502310073921
0.4879,307.728485841753,-270.004909409092,-37.7612085211148,6123.69773940842,148.496546199511
0.488,311.762008590157,-263.783235495364,-48.0199749827701,6122.54356786559,148.470962151778
0.4881,315.50941439116,-257.278488496876,-58.2066000351115,6121.28474119123,148.486282331234
0.4882,318.882421007177,-250.507052283999,-68.5294888289679,6119.90622994659,148.471070562587
0.4883,322.118363991768,-243.579666732651,-78.6074588405379,6118.50913312292,148.497389523518
0.4884,324.956072557755,-236.30771939431,-88.6557120279466,6116.9659956379,148.482447210134
0.4885,327.448266228018,-228.90285122,-98.5884202363596,6115.41607104781,148.489846421343
0.4886,329.636454047011,-221.164219209325,-108.475937839416,6113.75527417507,148.43666444512
0.4887,331.515837574532,-213.190442958684,-118.282344010165,6112.0024526827,148.441681922855
0.4888,333.187308270219,-205.226317880446,-127.970858537696,6110.23463917062,148.494666752213
0.4889,334.331454020103,-196.90116557689,-137.415457989635,6108.30550090539,148.434355354289
0.489,335.256897583892,-188.421587091423,-146.857833151364,6106.28711815237,148.486325475958
0.4891,335.884873262279,-179.822121075587,-156.148739091433,6104.19318563938,148.448872216734
0.4892,336.101843692923,-170.957024561624,-165.138056959346,6102.00702778091,148.452794583908
0.4893,335.998497047298,-162.012749184805,-174.165139497447,6099.84026343238,148.436448129113
0.4894,335.65845675207,-152.721893652991,-182.961478579554,6097.49085192347,148.498658384552
0.4895,334.935755909208,-143.477898209478,-191.544501589512,6095.0463553913,148.46328993571
0.4896,334.011296162703,-134.027658033508,-199.925428146385,6092.52155761533,148.489751378316
0.4897,332.612303684159,-124.475608057655,-208.0939276869,6089.96332802243,148.482854841914
0.4898,330.88754710572,-114.804010004242,-216.15724878143,6087.23718199583,148.411131802049
0.4899,328.977398591842,-104.923082743168,-223.973258139597,6084.4857310042,148.429338147486
0.49,326.571169378505,-94.8726100267474,-231.556643358872,6081.65098091166,148.440329398954
0.4901,323.991133611951,-85.0545800182253,-238.994586228753,6078.68458232797,148.45460989904
0.4902,321.113087243766,-75.0167060812907,-246.142779431479,6075.67007933473,148.444227281058
0.4903,317.895365745692,-64.885283496224,-253.000423545724,6072.53588164462,148.503168434267
0.4904,314.296383647745,-54.6447394252126,-259.611643601159,6069.32280746745,148.449592681573
0.4905,310.507180021017,-44.4401497679613,-266.136383681083,6066.05873920168,148.452682915817
0.4906,306.345352590645,-34.0387092284942,-272.270028010805,6062.69873681043,148.413126735832
0.4907,301.76932158914,-23.747119987979,-278.036909612944,6059.27330399715,148.475068006958
0.4908,297.08051386334,-13.4186047295437,-283.735159937061,6055.70861517321,148.450072468472
0.4909,292.016045801964,-3.09269543979168,-288.977495873453,6052.10481323331,148.429600135959
0.491,286.723839239333,7.34200530201904,-294.062403243263,6048.35046637945,148.437367089384
0.4911,281.17292885469,17.7116243892816,-298.888344325549,6044.62013029883,148.472091978804
0.4912,275.268279424731,28.0215942535278,-303.348044938811,6040.76834983757,148.426965819302
0.4913,269.277180869106,38.3360297236688,-307.513913944193,6036.90109746558,148.456370828781
0.4914,262.804897163175,48.5677693351667,-311.468934788722,6032.84079253339,148.429943987507
0.4915,256.241197231981,58.6640793643489,-314.98777515329,6028.73708051811,148.422514809429
0.4916,249.371639027747,68.8586305630982,-318.239877566844,6024.65240606616,148.430358891115
0.4917,242.299633080194,78.9246788376058,-321.238707851875,6020.41802917044,148.437335448971
0.4918,234.873792749368,89.0413374673702,-323.868627454713,6016.14122512295,148.433856263618
0.4919,227.353638987416,98.9292165785482,-326.210140278515,6011.73869108277,148.436055406306
0.492,219.525725798578,108.625001581994,-328.256864103698,6007.33533611124,148.446556490132
0.4921,211.530459847357,118.423345164489,-329.881586488667,6002.84610263131,148.432543063144
0.4922,203.338640233519,127.986522369413,-331.26229563632,5998.29402047931,148.433280921163
0.4923,194.846853651353,137.501430381789,-332.406695875689,5993.72388934125,148.465114410865
0.4924,186.2669147885,146.722426357849,-333.119657020163,5989.04346408841,148.417082333352
0.4925,177.528321792054,155.897209667391,-333.442677246167,5984.32441955241,148.418875646055
0.4926,168.678181584771,164.898198223585,-333.635151045279,5979.53790054362,148.45413525657
0.4927,159.602917963986,173.79720094972,-333.383686526984,5974.73694014958,148.405307555096
0.4928,150.413922699053,182.481021199036,-332.770448378251,5969.82104366705,148.410995182836
0.4929,140.950100252515,190.885259905559,-331.955095858507,5964.93957502067,148.435574682655
0.493,131.446256759198,199.273873241661,-330.741480196877,5959.94136318234,148.398530046582
0.4931,121.807342862726,207.306370501527,-329.109826785553,5954.94098353045,148.443322809015
0.4932,112.084843891748,215.210655464693,-327.432729934332,5949.90592051319,148.405649314592
0.4933,102.151775303624,222.940172737474,-325.180548638138,5944.80189824966,148.415193193038
0.4934,92.2327528363427,230.446098269786,-322.70132473702,5939.68791921998,148.418211301533
0.4935,82.2021486533539,237.54424535546,-319.970896836238,5934.49842148681,148.431899342371
0.4936,72.1276723793361,244.701362120772,-316.8690975483,5929.31060439865,148.422563001626
0.4937,61.9846024926188,251.405874429652,-313.29303209881,5924.19814751905,148.402634702326
0.4938,51.7144799824884,257.912727815412,-309.680514007528,5918.85543958224,148.386326314814
0.4939,41.4287286166624,264.195173265225,-305.657862462546,5913.62763295042,148.405272063005
0.494,31.1300092064442,270.205665951413,-301.325956085455,5908.36725377576,148.369373563233
0.4941,20.7938997970885,275.878630449816,-296.706521584677,5903.04386322719,148.38574664517
0.4942,10.3990288959556,281.403896020169,-291.817250859535,5897.72184929995,148.371089232184
0.4943,0.094153814411183,286.56954426166,-286.657364543549,5892.36507920468,148.408804642512
0.4944,-10.280653802545,291.383432215468,-281.224383853053,5887.0632199733,148.408760276977
0.4945,-20.6944966172018,296.074086759366,-275.476010846395,5881.7174664814,148.420099467321
0.4946,-30.9046047517255,300.271212535203,-269.49323329642,5876.40774377588,148.419095994113
0.4947,-41.1250664904935,304.465938774698,-263.287979863252,5871.01332497061,148.37988081245
0.4948,-51.3946085687909,308.071403708344,-256.573472313176,5865.66294305432,148.401043850657
0.4949,-61.493430948975,311.525051953944,-249.927108452293,5860.36739055245,148.397782088366
0.495,-71.6221292909296,314.604088043049,-242.889578764589,5854.98290279917,148.42171118395
0.4951,-81.6647027418237,317.416047392661,-235.735435946755,5849.67656973451,148.37629496184
0.4952,-91.6397148763478,319.803763426374,-228.183362568034,5844.3422606548,148.374969518696
0.4953,-101.495255774639,322.002835007175,-220.506028698503,5839.04802640233,148.39545763056
0.4954,-111.189742629246,323.799236476603,-212.690829455991,5833.74547032225,148.396731100661
0.4955,-120.830050422252,325.349568780311,-204.601230966007,5828.47462074203,148.381413145924
0.4956,-130.326392684358,326.568267752564,-196.13773850686,5823.21874443631,148.355026472032
0.4957,-139.675732062214,327.466325994907,-187.682347461372,5817.99455898179,148.38926132684
0.4958,-148.94825738099,327.911595425729,-179.047175542284,5812.83868727878,148.355407438093
0.4959,-158.038259972271,328.200519844801,-170.186826352548,5807.68350870215,148.410761084233
0.496,-166.846572766084,328.125726860371,-161.343951340704,5802.52387976953,148.391017937094
0.4961,-175.678119709996,327.717990253367,-151.998848302565,5797.42765170988,148.396697621468
0.4962,-184.190120807233,326.988847201702,-142.769698631659,5792.37634608489,148.376761700514
0.4963,-192.689854026712,325.814095971989,-133.385998098528,5787.31051473462,148.353164049772
0.4964,-200.785196052193,324.572765938639,-123.686457283435,5782.33039784938,148.376277678123
0.4965,-208.797063261915,322.836211617236,-114.111061670439,5777.41434066783,148.383991088038
0.4966,-216.577676429511,320.739018188561,-104.291697918581,5772.50559776543,148.370335623031
0.4967,-224.199956129615,318.552207718398,-94.3075663947869,5767.66546231903,148.355791451192
0.4968,-231.438113769209,315.817784676275,-84.2908132937216,5762.82511975369,148.379348828654
0.4969,-238.470123096892,312.913877173945,-74.3267359425787,5758.0897367975,148.380303609172
0.497,-245.376927237229,309.61990155928,-64.1726163630306,5753.43409544108,148.359357707071
0.4971,-252.016390892449,306.082626037364,-53.8886464688877,5748.78317147374,148.298872374881
0.4972,-258.402719388971,302.06085152574,-43.6184091776933,5744.19254934182,148.355367066636
0.4973,-264.512428598651,297.929104408001,-33.3550739857726,5739.64848077316,148.370811857962
0.4974,-270.297871286924,293.421807676069,-23.1359315563518,5735.2074557161,148.323281887362
0.4975,-275.842038217311,288.616986950068,-12.8510493491334,5730.80674638577,148.324444071552
0.4976,-281.168646011553,283.63509718779,-2.45024911863205,5726.4917987716,148.341852379904
0.4977,-286.241610138824,278.32296247842,7.95028383617032,5722.22859673359,148.339391461294
0.4978,-290.856453119804,272.701451508577,18.1893403379115,5717.97239039643,148.369832542263
0.4979,-295.35440381082,266.770848294861,28.4665715552176,5713.83647560039,148.348545191786
0.498,-299.47911292561,260.688050261506,38.6575397393164,5709.8125874298,148.37336377698
0.4981,-303.312482201352,254.316440791482,49.0160371905061,5705.80151310718,148.332716502603
0.4982,-306.914723771743,247.703518388637,59.1459197396242,5701.85015316382,148.336855130424
0.4983,-310.177765725206,240.764023119398,69.2698266829762,5698.02390199424,148.360329089999
0.4984,-313.063937626449,233.643935376359,79.3851002333196,5694.25070069402,148.363157598457
0.4985,-315.60800607027,226.413394187808,89.2980100196933,5690.5335842044,148.373728023369
0.4986,-317.938056405093,218.76268425393,99.1785295608941,5686.9332961541,148.372313427632
0.4987,-319.913792326849,210.984601163616,108.990410588819,5683.35277343554,148.351862572797
0.4988,-321.498629655558,202.834653292406,118.660290360124,5679.91115523206,148.314320083183
0.4989,-322.874813499436,194.745317525153,128.140355927804,5676.49641939856,148.335105816133
0.499,-323.867006907697,186.277667818483,137.571169614196,5673.25477850021,148.348723877658
0.4991,-324.529729217324,177.690189759106,146.863600767892,5669.9978250173,148.308487639033
0.4992,-324.907700317075,168.985581291102,156.011901357976,5666.85889700619,148.317592194446
0.4993,-324.927585617693,160.049903583367,164.955993798943,5663.78776359425,148.366186101103
0.4994,-324.689954207072,150.932317205486,173.761920643012,5660.77993953047,148.319289433981
0.4995,-324.119047682473,141.743634879135,182.481398420654,5657.89963706142,148.357541843584
0.4996,-323.23750968133,132.321348870109,190.863153059059,5655.04414866025,148.340116471486
0.4997,-321.988485539982,122.925081124512,199.193705838267,5652.30732406506,148.331916654801
0.4998,-320.389092774358,113.282284454483,207.248764713576,5649.63413906146,148.306589955488
0.4999,-318.447627183848,103.528175901303,215.147007193678,5647.02482373222,148.358092067597
0.5,-316.37026801157,93.6498411811559,222.612140788696,5644.53753319763,148.333429572034
0.5001,-313.794547166552,83.7112092145728,230.141496787707,5642.12238093631,148.377967745678
0.5002,-310.951818491809,73.5895816801515,237.266794066406,5639.84300679085,148.350818413943
0.5003,-307.906887739875,63.5792352940285,244.328258733245,5637.56072198491,148.333248975225
0.5004,-304.28496276272,53.3924191998013,250.939793122106,5635.33647245094,148.35247353128
0.5005,-300.678868268152,43.2305854788723,257.4409517014,5633.26607376465,148.336812862875
0.5006,-296.598191200166,32.9552059895051,263.509451731409,5631.26034515966,148.289848698235
0.5007,-292.307095022822,22.666345223351,269.552844905601,5629.3021673372,148.343313114916
0.5008,-287.641666070913,12.3304323138572,275.300201755076,5627.42665938776,148.340583133908
0.5009,-282.652488204301,1.94012776734477,280.603028806917,5625.60387128816,148.315941714568
0.501,-277.42660905856,-8.31044197903598,285.749458200561,5623.91236876314,148.322096465588
0.5011,-271.9767462015,-18.5585634912985,290.677027907676,5622.28553773688,148.339264297962
0.5012,-266.357625445876,-28.9035975577295,295.114806247857,5620.69597895424,148.280833021421
0.5013,-260.350579051095,-39.0630804907583,299.382036670279,5619.16056561891,148.335130326797
0.5014,-254.042427312225,-49.3877627428814,303.314212428522,5617.76486627431,148.304855825204
0.5015,-247.408362223906,-59.5372577372498,306.948658211859,5616.3841760119,148.322510518479
0.5016,-240.69523603792,-69.713324165258,310.329846434171,5615.09182145628,148.272103080259
0.5017,-233.598106593135,-79.8019284217546,313.469303036386,5613.86527352565,148.315880800505
0.5018,-226.372240423091,-89.7484188855886,316.08557961249,5612.73862988922,148.314127042004
0.5019,-218.869294083157,-99.6453017716479,318.558936085969,5611.62878864227,148.27632490661
0.502,-211.155279408357,-109.488875015474,320.674326165925,5610.63329638797,148.3052299483
0.5021,-203.278949128174,-119.240632840831,322.38327931973,5609.62687768596,148.302690650184
0.5022,-195.13593623691,-128.786514242613,323.923277414205,5608.70234537264,148.315372312631
0.5023,-186.979652835217,-138.234681752608,325.104182014708,5607.8381142547,148.354326130297
0.5024,-178.389682535905,-147.479794019121,325.953845597461,5607.06436562737,148.339308142013
0.5025,-169.748801782651,-156.785475084025,326.406827988829,5606.31693790826,148.340544390517
0.5026,-160.868786132058,-165.785734122813,326.694269090507,5605.62620718512,148.276979895378
0.5027,-151.869218227706,-174.569950821046,326.474558434509,5604.97355565266,148.289330877239
0.5028,-142.748161834233,-183.259626148485,325.845420457749,5604.32419946849,148.338259072583
0.5029,-133.430006311442,-191.809956970486,325.16372100075,5603.80463076392,148.304394545482
0.503,-123.941811090299,-200.092926927531,324.131353419895,5603.30264613638,148.312931609745
0.5031,-114.395321566051,-208.195345277087,322.596537335619,5602.8612994437,148.341677093542
0.5032,-104.757274398137,-216.23739192509,320.90343089508,5602.3955074468,148.285719288993
0.5033,-94.9775677894224,-223.938244933748,318.90664763682,5602.02213532666,148.313748839312
0.5034,-85.0879907710815,-231.397424084492,316.519295021513,5601.66972064843,148.297652120912
0.5035,-75.1194571695014,-238.589239580084,313.805628787156,5601.3278426306,148.263408127544
0.5036,-65.0741050281282,-245.716503894819,310.800104302757,5601.08201975588,148.290581821313
0.5037,-54.9509348252905,-252.523648773017,307.48027468972,5600.76726478048,148.314358789043
0.5038,-44.7911240138954,-259.115113094193,303.926097107667,5600.57920029523,148.283545583584
0.5039,-34.6071590914034,-265.323742610735,299.972592262092,5600.36546203025,148.283452358786
0.504,-24.3170722560487,-271.509783693438,295.721738190587,5600.16137545956,148.293243796198
0.5041,-14.0172304274627,-277.243752040912,291.305831248728,5599.98793400319,148.33968180103
0.5042,-3.72119476294137,-282.777791663298,286.421653866012,5599.82389789842,148.271440570833
0.5043,6.56907420868537,-287.930276063823,281.333186169972,5599.67569246807,148.267932276675
0.5044,16.970963119894,-292.872855352935,275.969619363157,5599.60581179721,148.264171627275
0.5045,27.0971046652813,-297.598790064219,270.308973391203,5599.44981234902,148.238645109238
0.5046,37.5752704987925,-301.923096348187,264.476338555508,5599.36454473652,148.274604016786
0.5047,47.7729847719467,-305.992566161509,258.285324937096,5599.27536261804,148.236705881318
0.5048,57.8859538420132,-309.702519670882,251.92358258972,5599.15009404944,148.343078602223
0.5049,68.0101503500982,-313.289968755965,245.222271144262,5599.04025124207,148.247238521671
0.505,78.1870463769236,-316.415008343305,238.329148073427,5598.95369217743,148.301536361482
0.5051,88.1476522543798,-319.311871206492,231.154357344418,5598.86100566134,148.277690486024
0.5052,98.0100156683139,-321.696765282259,223.775870747767,5598.75468621429,148.266333359804
0.5053,107.789791621358,-324.040146467247,216.304516174309,5598.67122456334,148.291271465178
0.5054,117.608579226945,-325.955004119016,208.264372191338,5598.51108278474,148.27787757682
0.5055,127.273816824532,-327.642683025671,200.252845750697,5598.36872560239,148.270330971867
0.5056,136.737213167185,-328.794890637141,192.175262776454,5598.21018615513,148.250507269356
0.5057,146.133008775314,-329.737311164695,183.810401334528,5598.03032451804,148.25334122136
0.5058,155.310957048627,-330.464092695293,175.119737884572,5597.83320082778,148.253392064651
0.5059,164.362798410639,-330.722694423995,166.320810600255,5597.69439067256,148.265388254525
0.506,173.351283665111,-330.703258938035,157.438976356672,5597.41966349825,148.253183402811
0.5061,182.10424506282,-330.334891222107,148.451918193414,5597.18189514567,148.236938184816
0.5062,190.664519351696,-329.719033161101,139.047240417442,5596.83320725055,148.220103055785
0.5063,199.03924181953,-328.847825986248,129.740081364614,5596.6359564188,148.265667996339
0.5064,207.251252626771,-327.560197964074,120.231336274579,5596.20209744899,148.276243896443
0.5065,215.305484595529,-325.853788873541,110.627415495536,5595.84683882564,148.26518330388
0.5066,223.051116478061,-323.928835825113,100.881183629823,5595.39484732879,148.245766330193
0.5067,230.618978778637,-321.717099912279,91.0552126354796,5594.96144012436,148.283650838958
0.5068,237.957847088348,-318.961709563878,81.1420932182307,5594.48408527052,148.252423301233
0.5069,245.093113051811,-316.204402378855,71.2114689504451,5593.95458622623,148.193021077563
0.507,251.997600554872,-313.084718488186,61.069844388287,5593.34585620249,148.292596887398
0.5071,258.642162594354,-309.549838649976,50.9845066166909,5592.72297758815,148.257201640618
0.5072,265.088774193512,-305.791415047841,40.7964246332921,5592.06668304937,148.199501067849
0.5073,271.194859427669,-301.664732761379,30.4639707048625,5591.35305522535,148.2142614625
0.5074,276.986843737866,-297.284710997167,20.2067940775566,5590.60832868063,148.249613579531
0.5075,282.683964458815,-292.56229854716,9.89288120509025,5589.79594008937,148.238776110917
0.5076,288.00198699867,-287.618509364658,-0.301890979252052,5588.94230606244,148.263031675243
0.5077,293.058455333252,-282.387927186833,-10.65512189501,5587.97768958821,148.240723719334
0.5078,297.786155044206,-276.726062344166,-20.9541783697881,5587.00302431477,148.256948441642
0.5079,302.19431867293,-271.109977409781,-31.1737942315578,5586.01591626445,148.208849219333
0.508,306.527233337478,-264.924138575435,-41.421975074555,5584.93244934339,148.240197957453
0.5081,310.41492599438,-258.670821870296,-51.6603124362941,5583.75697154573,148.253235460287
0.5082,314.011730151342,-252.193947852236,-61.6998671015745,5582.5390047489,148.227513944844
0.5083,317.239515385865,-245.394270208359,-71.8822479781408,5581.31699399984,148.22260949346
0.5084,320.29845021182,-238.288098877022,-81.9387212442653,5580.00295799405,148.209061691145
0.5085,322.979972208272,-231.097547206225,-91.8562842472993,5578.65543235466,148.230667545673
0.5086,325.191409107274,-223.501393618029,-101.735002100493,5577.17450148075,148.227870043766
0.5087,327.261842675703,-215.77272182691,-111.535762709594,5575.65798668478,148.216099714892
0.5088,329.101734690198,-207.929367846414,-121.164413345847,5574.09222879193,148.229981566537
0.5089,330.465720236824,-199.703333159003,-130.672009678566,5572.44925167119,148.206248144743
0.509,331.527999060329,-191.437424305967,-140.024628449413,5570.75862038777,148.23428624702
0.5091,332.303719608453,-182.934746304028,-149.285146352276,5569.00137868416,148.221569205297
0.5092,332.861825184933,-174.222114683313,-158.415322196208,5567.12185589034,148.209103376646
0.5093,332.894440403646,-165.497007979112,-167.463645983988,5565.26391769683,148.213137273755
0.5094,332.626180245089,-156.383672547777,-176.35049228899,5563.26526636197,148.253639059265
0.5095,332.153198492172,-147.234119573042,-184.824112055768,5561.2566507116,148.203301836862
0.5096,331.30263555315,-137.963594602812,-193.417543957927,5559.21514004227,148.233801115469
0.5097,330.136445393914,-128.476231428936,-201.705238995854,5557.00242092119,148.247675897249
0.5098,328.569758920599,-118.86723546631,-209.810007292249,5554.78006637115,148.216394142569
0.5099,326.875084298437,-109.28229876395,-217.674191546771,5552.49405196285,148.213737497826
0.51,324.703943481522,-99.4789289638825,-225.29046511233,5550.14341796983,148.200692346477
0.5101,322.242114179949,-89.5355542075864,-232.750238663057,5547.7175768806,148.224836620976
0.5102,319.545109593918,-79.6256994359553,-239.944713799916,5545.20622656469,148.196169772812
0.5103,316.473188281822,-69.559009392697,-246.867898304326,5542.70522639893,148.218069742921
0.5104,313.104631154204,-59.4699018338095,-253.628851111845,5539.99643564407,148.189206766274
0.5105,309.385516494433,-49.2606171310736,-260.153613320728,5537.38599805767,148.20496728435
0.5106,305.508413551881,-39.1514428954231,-266.427088043549,5534.61943977566,148.212414562321
0.5107,301.356663145933,-28.8079130789282,-272.350793530315,5531.80800571012,148.21413537512
0.5108,296.636345002437,-18.6626196901356,-278.109207060638,5528.95254198798,148.198181515889
0.5109,291.895792590448,-8.28481397213001,-283.468634191419,5526.05718633152,148.194796218561
0.511,286.724127474019,1.98159072112179,-288.6430216441,5523.0344136212,148.205161494967
0.5111,281.379960058012,12.383051152865,-293.497681397746,5519.95103311491,148.202997834837
0.5112,275.661741975931,22.5569021550294,-298.249437872816,5516.8661269046,148.181927886814
0.5113,269.660017410373,32.8107512981994,-302.516786661452,5513.66890639898,148.198645120544
0.5114,263.60062573967,42.987867172292,-306.593923845405,5510.46194436172,148.176331811591
0.5115,256.980107113763,53.1769162906431,-310.292251792087,5507.19083201153,148.174774933608
0.5116,250.477136440324,63.2633873519543,-313.625429055935,5503.84943521352,148.151752634909
0.5117,243.416783121491,73.3662352613718,-316.793908407608,5500.46192108033,148.197795412776
0.5118,236.288560737276,83.3152729701767,-319.602082606774,5497.05928425251,148.202852216528
0.5119,228.773360797404,93.1498548950488,-321.935396524198,5493.53573523848,148.186434729016
0.512,221.303683339755,103.010738806711,-324.119648829586,5490.02501216371,148.178693442553
0.5121,213.408942177774,112.537945685728,-326.108399578966,5486.42008978485,148.210751773938
0.5122,205.354893822265,122.153371595259,-327.58466336358,5482.81530181588,148.189162254328
0.5123,197.082665264397,131.668852362081,-328.761945533298,5479.09788137572,148.191961717371
0.5124,188.66417434224,140.988444745646,-329.733214001242,5475.43578885146,148.193416060603
0.5125,180.149341156114,150.074953138728,-330.229089553092,5471.65427487697,148.213648072016
0.5126,171.331146243621,159.190584255429,-330.462777332948,5467.88376012358,148.20175045909
0.5127,162.373084066745,168.061497762134,-330.437362569162,5464.0316092829,148.148105983316
0.5128,153.298994880791,176.771965336105,-330.096149559012,5460.16129110248,148.205979352561
0.5129,143.99350899768,185.39375209977,-329.285165720232,5456.25564806222,148.14952738905
0.513,134.708734140617,193.667418948689,-328.273373694968,5452.33762122751,148.185272745056
0.5131,125.213585909838,201.825892648791,-326.959651116491,5448.3705756197,148.167718356336
0.5132,115.585540453339,209.803416163523,-325.357740381013,5444.39209118883,148.136990701743
0.5133,105.793246732171,217.488644815732,-323.348207728603,5440.33533486459,148.200432869527
0.5134,96.0908104010504,225.00797614979,-321.109060299659,5436.28491056373,148.189735308609
0.5135,85.9906647769536,232.297278631477,-318.328190286976,5432.23454888013,148.174285330307
0.5136,76.0633090619484,239.423717251519,-315.473513881686,5428.17096313865,148.190610745237
0.5137,66.0242169197967,246.16078848701,-312.319783844647,5424.01864104144,148.186701577663
0.5138,55.9515678792981,252.813844378529,-308.684517113669,5419.92464421256,148.145558142422
0.5139,45.6350765255024,259.142896449128,-304.922483260466,5415.7894443645,148.154579669819
0.514,35.5326099087169,265.290947673435,-300.685066278392,5411.65847320068,148.15305169098
0.5141,25.2339148928999,271.074444815976,-296.341892797176,5407.51503901548,148.163287984166
0.5142,14.979359307699,276.665529543917,-291.572118442407,5403.2837054653,148.149793600755
0.5143,4.73084672172433,281.804105414699,-286.591369308783,5399.14238903649,148.170470155574
0.5144,-5.55925725757535,286.80459665716,-281.34152920106,5394.92929628069,148.170641406859
0.5145,-15.771264919221,291.600831951843,-275.726550843828,5390.78139836321,148.151085716137
0.5146,-26.1371526845787,295.991875188245,-269.953619908755,5386.55368997131,148.174819233508
0.5147,-36.3374793178199,300.198758753236,-263.807653256788,5382.40197366485,148.154912609117
0.5148,-46.4240856670149,304.072065905098,-257.490755241232,5378.24991311524,148.162702685498
0.5149,-56.5546298567123,307.535964098764,-251.008390787773,5374.06023705126,148.179336706102
0.515,-66.7022122668208,310.811409276839,-244.167523515531,5369.88231778172,148.156762365459
0.5151,-76.5879398372486,313.738938169611,-237.139566752178,5365.77027730297,148.134788334528
0.5152,-86.5183047689705,316.249504886917,-229.75121048064,5361.59657309244,148.122542781381
0.5153,-96.3385064169963,318.647430527274,-222.30306113667,5357.47242536233,148.161587657973
0.5154,-106.098903795544,320.515572078192,-214.473572207928,5353.37205086629,148.166693989273
0.5155,-115.647813862451,322.239038326942,-206.622404546226,5349.25980656746,148.133680689289
0.5156,-125.138272380339,323.575302839294,-198.403458834898,5345.20215216895,148.155170843072
0.5157,-134.545076731256,324.583230446847,-190.080538753981,5341.17296274769,148.118672801715
0.5158,-143.779462050148,325.318743101457,-181.622744415619,5337.09241019531,148.133793580408
0.5159,-152.897528488764,325.742182100978,-172.842228211748,5333.1365100194,148.136874065533
0.516,-161.831036367991,325.804555355611,-164.077144474604,5329.15607777203,148.127353250672
0.5161,-170.515134312819,325.601790559024,-154.985058304676,5325.23239458019,148.179999397423
0.5162,-179.102263630561,324.787154482526,-145.788207290339,5321.29214908932,148.182994600464
0.5163,-187.509538224426,324.052958549581,-136.454185534676,5317.37873141431,148.129555987874
0.5164,-195.701699498223,322.782061276163,-127.07302495284,5313.56670039134,148.168023019434
0.5165,-203.885598702577,321.282123644981,-117.52923339802,5309.78153033774,148.148976159436
0.5166,-211.525404086862,319.405931606269,-107.854028188644,5305.98273127527,148.146235247574
0.5167,-219.286774431616,317.230880057478,-98.04408776577,5302.25876429649,148.104846666538
0.5168,-226.600054323966,314.853988354556,-88.2668500631599,5298.59352342232,148.152177383526
0.5169,-233.78021737879,312.074262094256,-78.2724276973652,5294.94020211182,148.139221521683
0.517,-240.733236790727,308.973348352326,-68.2376635966151,5291.34347965608,148.119019670029
0.5171,-247.33320875276,305.47789436324,-58.2110581312108,5287.77674784616,148.153122131096
0.5172,-253.781019801089,301.839069026349,-47.9946816592722,5284.22712655126,148.143181097488
0.5173,-259.944231216695,297.71089295221,-37.8125295561211,5280.77843742892,148.128772838923
0.5174,-265.901897766982,293.548563473305,-27.5870882603232,5277.33658824276,148.119422152963
0.5175,-271.476522934685,288.923020311615,-17.4586476710521,5274.06714775854,148.092403555242
0.5176,-276.877796123548,284.038875727213,-7.0738546680401,5270.76034591308,148.122056681423
0.5177,-281.960268688796,278.920964191291,3.13155099009084,5267.46371674638,148.157641658073
0.5178,-286.79894238652,273.51951193633,13.3538193826911,5264.27174190839,148.109977001592
0.5179,-291.478716453928,267.733442458494,23.6455518596846,5261.13505746231,148.114064421028
0.518,-295.622916787748,261.766883849101,33.8607083846561,5258.05193574131,148.144547079619
0.5181,-299.463998573031,255.50376567065,44.0284406073492,5254.98849646758,148.118862867437
0.5182,-303.149497594733,249.108892948219,54.1823317790771,5252.03656914148,148.130747634163
0.5183,-306.610081669596,242.398828569757,64.1916958138438,5249.10848065211,148.102735494071
0.5184,-309.69825881828,235.44602269845,74.2155998157294,5246.28873144495,148.146548045048
0.5185,-312.306863657577,228.222563848329,84.244891618243,5243.45329316266,148.135307532155
0.5186,-314.827337741984,220.782233370071,93.9972968241254,5240.75491257759,148.119988163477
0.5187,-316.886127506973,213.138877959909,103.790849201655,5238.04869724806,148.122975008749
0.5188,-318.727337820049,205.336348856151,113.36917986426,5235.42872292485,148.117570782471
0.5189,-320.157641507238,197.277636225734,122.834594917528,5232.9677494302,148.103991507572
0.519,-321.323317262132,189.052679723975,132.301051357835,5230.43594096371,148.115277313098
0.5191,-322.195255491085,180.620078678845,141.584327006785,5228.0285431949,148.147291081398
0.5192,-322.627900265854,171.988105485028,150.660613877357,5225.69226450139,148.101739792239
0.5193,-322.815335801397,163.275618565534,159.653975115668,5223.40848745468,148.092069154847
0.5194,-322.718569734051,154.298196123736,168.450195068435,5221.17917437357,148.059761743652
0.5195,-322.289166924915,145.191239827011,177.115487419195,5219.01033478527,148.117389641189
0.5196,-321.562858335385,135.928298489535,185.558742772465,5216.9594286517,148.095469540409
0.5197,-320.617010052936,126.622744281149,193.87625298485,5214.92112782863,148.062689132435
0.5198,-319.135593062666,117.165873755591,201.960127493646,5212.93363217748,148.118447745549
0.5199,-317.369572009939,107.433151523027,209.784493726431,5211.0007156794,148.118703911589
0.52,-315.294256081866,97.6691531781016,217.5168786245,5209.21246183495,148.092204333822
0.5201,-312.931729996655,88.0272456702249,224.907523188223,5207.42753651779,148.080283904542
0.5202,-310.19803659055,78.0559182854984,232.302797965166,5205.72072663803,148.115726908309
0.5203,-307.398176102063,68.0934365647422,239.210562843191,5204.09032759451,148.113008007948
0.5204,-304.115342466976,58.0554351161202,245.986094019068,5202.49613391706,148.099378777688
0.5205,-300.472291799982,48.0171615437808,252.453645698444,5200.98508536704,148.122559938497
0.5206,-296.50106198418,37.7873868642668,258.800985888756,5199.50295420622,148.120340516455
0.5207,-292.482105397698,27.6597921078582,264.798347208088,5198.10718288828,148.111997837328
0.5208,-288.023108945293,17.4570470409748,270.598211780013,5196.77056402636,148.065141346351
0.5209,-283.261670794082,7.17426409847425,276.060570320631,5195.49951941435,148.103215222999
0.521,-278.16570775971,-3.13283201986216,281.289199254229,5194.34819825578,148.074963491324
0.5211,-272.838681585847,-13.3943280088953,286.218647309096,5193.15622337532,148.092118624468
0.5212,-267.355034125605,-23.5945184010931,290.891414735885,5192.053794645,148.11838957832
0.5213,-261.504990097604,-33.8201687598487,295.150910697935,5191.00806917441,148.071602006355
0.5214,-255.27649901749,-43.9335302632781,299.292964753269,5190.03507808648,148.076056277627
0.5215,-249.008128869788,-54.0461769727596,302.996102164426,5189.06654529395,148.086597022106
0.5216,-242.337884930278,-64.0538459504996,306.389374266632,5188.2061567923,148.068169713521
0.5217,-235.571355071612,-74.1008546159872,309.652603672783,5187.38124221965,148.10397684057
0.5218,-228.338114080312,-84.0502951155271,312.431107554221,5186.56772266468,148.080013672919
0.5219,-221.055900293964,-93.8732839916483,315.091802429977,5185.83687275435,148.076758023559
0.522,-213.608207052377,-103.77987194673,317.321185329795,5185.18475330441,148.072848604219
0.5221,-205.728376706793,-113.390791948227,319.151953965588,5184.51419471021,148.048286206346
0.5222,-197.935711078297,-122.880762421736,320.709418353662,5183.92964283752,148.069144517751
0.5223,-189.608063875765,-132.28469023575,322.064574787892,5183.42317175394,148.069864064939
0.5224,-181.506693569692,-141.651189731787,323.075515038293,5182.90095361668,148.075417797364
0.5225,-172.837940653976,-150.803290098471,323.720773857328,5182.41823336246,148.066297983892
0.5226,-164.181268016916,-159.852879299993,323.936326220787,5182.01983062648,148.037684150171
0.5227,-155.400540557286,-168.710888943316,324.060128461869,5181.61187742516,148.092580716921
0.5228,-146.278376600993,-177.469640552822,323.666810186721,5181.30343317443,148.049035940592
0.5229,-137.183723497954,-185.984205315979,323.06842091348,5180.94137953605,148.051269535541
0.523,-127.948517383548,-194.184257965079,322.161571529163,5180.69762339589,148.046016389624
0.5231,-118.393825734458,-202.397850825462,320.855134597104,5180.46346054625,148.074980508965
0.5232,-108.880515037981,-210.388830021328,319.203143583886,5180.26153730148,148.063409699127
0.5233,-99.1844195477652,-218.177362934807,317.326498029967,5180.06052992575,148.063276100787
0.5234,-89.4400903993128,-225.564840329997,315.118493089885,5179.9063822438,148.065242880372
0.5235,-79.5891784910672,-232.988987643635,312.484157086314,5179.78934852774,148.092748025584
0.5236,-69.6414262012973,-240.099039724394,309.628447796518,5179.63247769336,148.093922035791
0.5237,-59.6461358585424,-246.985695462485,306.493236269583,5179.56950459235,148.101866671212
0.5238,-49.6471274695463,-253.565560986589,303.085782285856,5179.52532234027,148.079106434718
0.5239,-39.4260285545942,-259.925736385409,299.320650355078,5179.4599062587,148.040971187202
0.524,-29.3093446174624,-265.92477272197,295.311751489406,5179.39751786315,148.082861111114
0.5241,-19.1639076114133,-271.795338856059,290.911585486362,5179.40413552095,148.037972658656
0.5242,-8.95668648869874,-277.389797691447,286.297580645097,5179.3693760466,148.0583648396
0.5243,1.28924775585193,-282.642301658282,281.303749581655,5179.37871917066,148.031706418025
0.5244,11.5429763312876,-287.885822913205,276.239510755612,5179.38708623228,148.055056563105
0.5245,21.7342600491342,-292.496065858471,270.766036049459,5179.40467015203,148.059545638528
0.5246,31.990851876265,-296.967126953416,264.96872771628,5179.44246419959,148.063654718926
0.5247,42.1088405105503,-301.123710410714,258.988597526629,5179.46681219264,148.077024007216
0.5248,52.1692532751069,-305.011457841143,252.674621977881,5179.51071956278,148.03140211646
0.5249,62.2678032612039,-308.581870668917,246.295769533643,5179.53249763251,148.076998357812
0.525,72.3351084144325,-311.796947053001,239.456620619634,5179.55947324515,148.045522569757
0.5251,82.2962603850243,-314.771269778877,232.492714971993,5179.55150635932,148.048601233493
0.5252,92.1523844178816,-317.388480609797,225.33855938619,5179.57491183758,148.081378622055
0.5253,101.951712316155,-319.835441795956,217.798492292555,5179.54008243958,148.049509890605
0.5254,111.586002839726,-321.743669601274,210.111847507368,5179.59507193269,148.050460167403
0.5255,121.221859632009,-323.476104307136,202.361974940615,5179.56891071912,148.064396570932
0.5256,130.577899748074,-324.963564463526,194.281780154376,5179.52392145834,148.087503467979
0.5257,139.977277502787,-326.037809920239,186.026108510788,5179.50188424887,148.027599591788
0.5258,149.157445289312,-326.837203336523,177.61911482546,5179.39108388797,148.016532646655
0.5259,158.332397572279,-327.283137699218,168.968273560144,5179.35381280127,148.020462098761
0.526,167.187300105771,-327.343523679171,160.269023051575,5179.28733515871,148.042096525208
0.5261,175.993753174031,-327.237584027233,151.182385442412,5179.19107805227,148.025440891777
0.5262,184.484332630955,-326.661442187929,142.171862505289,5179.02164003012,148.003237819772
0.5263,192.993661731528,-325.898369414724,132.888262335576,5178.86025479441,148.017681095543
0.5264,201.137428404274,-324.641566674388,123.548871585401,5178.66247925997,148.030788838776
0.5265,209.061040995064,-323.258450689583,114.128586908498,5178.52518068224,148.021798665021
0.5266,216.920646560074,-321.451042038837,104.408806011289,5178.2314245536,148.032776136449
0.5267,224.631639095162,-319.313862973537,94.7602014044091,5177.98289088596,148.047387688448
0.5268,231.931074892943,-316.962213841797,85.0056462885145,5177.63768732602,148.009208654206
0.5269,239.093185030295,-314.183147795549,75.1488069961652,5177.27801411381,148.021551463974
0.527,245.956996453924,-311.1124868223,65.0943900026124,5176.93713135907,148.020885279929
0.5271,252.762703606444,-307.785260752877,55.0711276064126,5176.5312373287,147.99492332602
0.5272,259.200940038107,-304.161830585399,45.0563004190541,5176.01724238867,147.994668652491
0.5273,265.386727912122,-300.178605116668,34.9484316254915,5175.60682233577,147.983687440677
0.5274,271.288954001107,-296.044889452624,24.7190413689082,5175.06013400777,147.974885851886
0.5275,277.051474631436,-291.459826322101,14.5017979652646,5174.50714389709,148.018659226267
0.5276,282.372703974737,-286.678409403957,4.33940648983163,5173.92343409348,147.984207871357
0.5277,287.515319398587,-281.535360491405,-5.88959365853323,5173.26175994802,148.019315602172
0.5278,292.343944051728,-276.298975758858,-16.0791065427312,5172.58244322698,148.016776515532
0.5279,296.882230982729,-270.634067829412,-26.277136271096,5171.83419306909,148.014644907594
0.528,301.192280204066,-264.795336758346,-36.4250385884385,5171.07005583659,148.049544868459
0.5281,305.184842217331,-258.70532476323,-46.5988889060837,5170.28415487628,148.038173083575
0.5282,308.819752542403,-252.212452047031,-56.6718202469981,5169.40046680873,148.006545296244
0.5283,312.223494295618,-245.600670050586,-66.7075776719968,5168.46371952039,148.00946308826
0.5284,315.328951284608,-238.609410046783,-76.6141005098947,5167.51453107211,147.980234657866
0.5285,318.064095586695,-231.510175702589,-86.6108172759125,5166.51298595899,148.001195595645
0.5286,320.514885890438,-224.188337884431,-96.4261245707312,5165.43975203799,148.010538987719
0.5287,322.716587519722,-216.792323458307,-106.047407519318,5164.34122421973,147.983518170836
0.5288,324.559612991768,-208.850606473552,-115.634496179673,5163.14556835189,148.013855644282
0.5289,326.018050808479,-200.908612887523,-125.154379060356,5161.94252328983,147.967360608316
0.529,327.307221809918,-192.841143002879,-134.561781161568,5160.72312058298,147.968315766311
0.5291,328.184688982784,-184.406087820917,-143.754285074315,5159.38718375565,147.955583162981
0.5292,328.745879646642,-175.93078393798,-152.850144541846,5158.04599404791,148.014794075907
0.5293,329.002880179026,-167.211165192822,-161.821139126019,5156.65280079911,148.041048588324
0.5294,328.827213961097,-158.300297954647,-170.670622885789,5155.12176263581,148.017611290351
0.5295,328.46828646232,-149.230747753711,-179.221262706178,5153.60034455855,147.962526782241
0.5296,327.811711187682,-139.997106050479,-187.781215466043,5152.08719269037,147.999796415941
0.5297,326.817750767117,-130.704776816651,-196.029180904587,5150.45717035098,148.017882838713
0.5298,325.462260850648,-121.363143323278,-204.103155353506,5148.75526593831,147.978644337968
0.5299,323.81022158434,-111.808151514836,-212.026836826508,5147.07953320823,148.016377524824
0.53,321.803635198015,-102.23877238097,-219.550740117735,5145.25517204544,148.003017774605
0.5301,319.508788914032,-92.3467390186622,-227.070676346912,5143.47025788205,148.015765199281
0.5302,316.970829276228,-82.5611480142453,-234.348227097577,5141.55064398321,147.979407364252
0.5303,313.983943244809,-72.6499947295093,-241.396787210968,5139.67174003516,147.974632004312
0.5304,310.800030208499,-62.618235630288,-248.11240718884,5137.68497889869,147.967010521046
0.5305,307.377643827468,-52.5937202096456,-254.634786450203,5135.67036067227,147.979211469125
0.5306,303.525863611037,-42.4647669279071,-260.894205331109,5133.59335219614,148.031413625458
0.5307,299.423260972415,-32.4079271265812,-266.939463122217,5131.46979905865,147.992806029705
0.5308,294.932823000942,-22.2634349824092,-272.731929999023,5129.32143659594,147.968294308931
0.5309,290.150233921544,-12.0535160563163,-278.143131055749,5127.11044699231,147.98878251349
0.531,285.347856894841,-1.82653279559109,-283.547092535805,5124.85777166236,147.989882795133
0.5311,280.079031258483,8.36504310648772,-288.440116463425,5122.54443138199,148.004976724862
0.5312,274.546404245491,18.6531968340444,-293.05003280771,5120.17474914238,147.982385767344
0.5313,268.886805514586,28.5978279068282,-297.495220492761,5117.81719479611,147.985069235996
0.5314,262.663355143372,38.8900507592364,-301.617201871285,5115.40381609,147.966923551487
0.5315,256.452453934696,48.8532373431331,-305.420480925751,5112.90745041274,147.980687768303
0.5316,249.86799230882,58.9721853787501,-308.912604878836,5110.38394617737,147.967909351492
0.5317,243.154108451144,69.0011558520582,-312.01158735781,5107.83738219063,147.932324360029
0.5318,236.031204166181,78.8198899377104,-314.949430454275,5105.22944714793,147.986176233733
0.5319,228.905469888465,88.7324598536081,-317.53091670563,5102.595253902,147.950713800067
0.532,221.377467658303,98.4952089967624,-319.769347350335,5099.92710709123,147.958277459709
0.5321,213.716707079754,108.113010885097,-321.759470318395,5097.27224739418,147.927543499122
0.5322,205.855231521661,117.58653041076,-323.54914311909,5094.49702891172,147.95646248433
0.5323,197.59805288261,126.990016863107,-324.815734968799,5091.75816472892,147.992355473434
0.5324,189.546311917566,136.295231427673,-325.711646415036,5088.96597629876,148.009946648123
0.5325,181.007791082119,145.454938721301,-326.408858416763,5086.14310920507,147.938157193137
0.5326,172.316871730032,154.447712106081,-326.805076537158,5083.27816152661,147.928429360223
0.5327,163.514397245011,163.326848535046,-326.793535938077,5080.40577360807,147.954375377895
0.5328,154.611033534645,171.985583682398,-326.613458234116,5077.49828871906,147.983294720344
0.5329,145.473780509962,180.49960542575,-326.088461177602,5074.57601866227,147.95199174045
0.533,136.270107477057,188.766238813731,-325.095557056322,5071.65025417066,147.929723798821
0.5331,127.027660710082,196.928659353091,-323.907265072605,5068.6449198649,147.959243056831
0.5332,117.454162513664,204.975358791634,-322.383409014974,5065.66074296714,147.960955716098
0.5333,107.723620654171,212.716102195703,-320.563998273914,5062.65231761878,147.937966425527
0.5334,98.0937111610441,220.327076312455,-318.384521937388,5059.58661318289,147.978793157162
0.5335,88.2688198539789,227.490431037369,-315.89021322328,5056.597554159,147.964056113963
0.5336,78.4857546943076,234.589483690286,-313.079832619179,5053.52819757437,147.945982353925
0.5337,68.4658718173533,241.490753676591,-309.945185014862,5050.46574538745,147.968947643704
0.5338,58.4446945491884,248.159866375033,-306.699456683943,5047.34461882372,147.961859085277
0.5339,48.4476777003278,254.473501943155,-302.87967629187,5044.28089483477,147.961426576592
0.534,38.4007813151031,260.632900381866,-298.905510986644,5041.21118356198,147.959873653558
0.5341,28.2484393945604,266.459445358065,-294.694138696388,5038.08069285885,147.925529275924
0.5342,18.0126034033894,272.050981051345,-290.000960061628,5035.00266190704,147.955291606541
0.5343,7.80902466341217,277.335186232165,-285.229663340718,5031.88088966106,147.955944229755
0.5344,-2.25967053316797,282.390553873683,-280.114003720829,5028.76799007402,147.946784179642
0.5345,-12.5338058796853,287.16911894021,-274.722713832546,5025.71673944063,147.916626782558
0.5346,-22.7543095421085,291.775613805802,-269.004086888229,5022.58077063797,147.925574419147
0.5347,-32.8385790004868,295.877092486106,-263.111750115028,5019.51077394552,147.969387639002
0.5348,-42.9050413385449,299.783852395969,-256.95784264906,5016.37734991646,147.958504175344
0.5349,-52.8823855114786,303.351160448413,-250.453960870774,5013.35188861666,147.936670093734
0.535,-62.9587442549214,306.702295225735,-243.851794969515,5010.27426348111,147.916709596542
0.5351,-72.7951479440705,309.655552721981,-236.893281462269,5007.20139362298,147.925470160464
0.5352,-82.7389406842272,312.413784107008,-229.766694328925,5004.17612854211,147.957899788802
0.5353,-92.4870469118868,314.830837670642,-222.369998258653,5001.11723943692,147.906513362656
0.5354,-102.212001384298,316.912107122834,-214.829707741741,4998.1072583383,147.914530196965
0.5355,-111.726993672021,318.591197418596,-206.972994889076,4995.13834500743,147.898195316752
0.5356,-121.093824267596,320.055141063788,-198.983939562025,4992.14004113822,147.960928216836
0.5357,-130.442418303617,321.292836209397,-190.787813772177,4989.20023904906,147.933988772012
0.5358,-139.635401760955,322.059794738037,-182.422910855644,4986.25291394437,147.919199634787
0.5359,-148.681428575948,322.568214055463,-173.83941374291,4983.35730642988,147.882810914746
0.536,-157.495886777085,322.75147058572,-165.043434240256,4980.43811757239,147.947458246112
0.5361,-166.392197207619,322.522274651242,-156.291807110543,4977.59058742508,147.933515323111
0.5362,-174.924576219289,322.177266499366,-147.318447202641,4974.76429842866,147.902454686091
0.5363,-183.17011222741,321.37412503704,-138.086006756801,4971.92863035566,147.987045544913
0.5364,-191.579308668163,320.240710061526,-128.690477914411,4969.18215916441,147.919372908552
0.5365,-199.491546664249,318.930266829189,-119.23659389341,4966.42854805047,147.916966000918
0.5366,-207.344352920955,317.060234144238,-109.765863523146,4963.72813147435,147.933934894722
0.5367,-214.86765815138,315.117318643236,-100.133177190782,4961.020586056,147.950446661427
0.5368,-222.332181484082,312.767026839494,-90.4023268974052,4958.40570978299,147.905002613359
0.5369,-229.460251724494,310.087442362632,-80.5915019526204,4955.80291816931,147.904847188094
0.537,-236.404658883955,307.028453747618,-70.7718020263527,4953.23437911313,147.928008681618
0.5371,-243.098136700899,303.823489983752,-60.7146751616166,4950.69544364682,147.895370233751
0.5372,-249.61646648257,300.276257206948,-50.7483431262749,4948.24530812402,147.942982835061
0.5373,-255.811629306409,296.418595576508,-40.6469093887626,4945.77293924534,147.883010209779
0.5374,-261.819831689097,292.256682868737,-30.4666910822174,4943.4077556281,147.887383457249
0.5375,-267.401236438693,287.880408232642,-20.3560330694515,4941.01435305086,147.909114629673
0.5376,-272.840446823258,283.111138767754,-10.1919198155229,4938.69953999945,147.917236672177
0.5377,-278.024145843279,278.061467327206,-0.0838282747570799,4936.44840349957,147.949320769908
0.5378,-282.870307216568,272.751517840472,10.1495037917998,4934.18971037562,147.962085343322
0.5379,-287.572324390266,267.219253625019,20.2866084635088,4932.03513756534,147.904348549066
0.538,-291.71352377603,261.361153977503,30.2816715171707,4929.89965768438,147.902872064475
0.5381,-295.824662229428,255.323275365923,40.4799987177949,4927.82137229415,147.881730946529
0.5382,-299.553637349051,248.994239787167,50.4661327424075,4925.77797862836,147.936441130461
0.5383,-302.941501764883,242.534816650958,60.4863364636091,4923.81756250859,147.926549597375
0.5384,-306.03636927638,235.675629500072,70.4055744755368,4921.87680388113,147.889002312088
0.5385,-308.903999742011,228.466901805788,80.3224968771168,4919.91623419785,147.940078574901
0.5386,-311.329748353215,221.283209002703,89.960432705903,4918.14375114285,147.879471006382
0.5387,-313.616535666698,213.820692391263,99.8064087812344,4916.35192444988,147.893240545811
0.5388,-315.45835743354,206.111575873812,109.35089820724,4914.63319493605,147.90994339592
0.5389,-317.041015358723,198.132072912647,118.824919851433,4912.95234211626,147.91217784656
0.539,-318.263769464617,190.136799297319,128.169997201142,4911.31273629298,147.915760081343
0.5391,-319.183015720669,181.674732619626,137.404276351186,4909.74046060543,147.891732390275
0.5392,-319.84523172376,173.309782324292,146.509558438659,4908.18743860346,147.908330397457
0.5393,-320.12546145377,164.729819337669,155.506768976496,4906.71265091256,147.893600350235
0.5394,-320.088240647167,155.954718275778,164.282845199791,4905.31931385411,147.897545105497
0.5395,-319.802054147938,146.936892428132,172.80770717274,4903.96841900218,147.87937981074
0.5396,-319.198492105124,137.800773805337,181.253176026994,4902.64023534663,147.91925129713
0.5397,-318.194976416532,128.596353372894,189.539736557779,4901.34046332027,147.886194373419
0.5398,-316.960224941942,119.264968749713,197.591032122025,4900.14590797702,147.891167250258
0.5399,-315.210251874588,109.811687510241,205.549878242473,4898.98505196126,147.925911139403
0.54,-313.287428669003,100.104872308917,213.226094545298,4897.8778802465,147.882580485973
0.5401,-311.115919536261,90.4605988490167,220.644390457638,4896.83431952456,147.895290253795
0.5402,-308.5227023657,80.7325555387324,227.885744619176,4895.80580900084,147.906819369325
0.5403,-305.659212677049,70.9326792599159,234.846209814219,4894.85266858003,147.874161486818
0.5404,-302.621113151893,60.9434175742387,241.644340377947,4893.93137131904,147.88117621162
0.5405,-299.050419190259,50.9457937867978,248.107702264608,4893.09879981985,147.865065900391
0.5406,-295.42616352183,40.9328090428559,254.419355488966,4892.32276144311,147.87871411223
0.5407,-291.317672973353,30.8291332263087,260.453483270254,4891.56069222346,147.844854731099
0.5408,-287.038352644859,20.5265557967338,266.253704214907,4890.80357394856,147.874652758584
0.5409,-282.38330338422,10.554910304277,271.853673661454,4890.19805312216,147.888172245306
0.541,-277.460964783027,0.469747608860117,277.071426212252,4889.59048474561,147.869394475797
0.5411,-272.257802663581,-9.70800110296289,282.061757686604,4888.98990631631,147.882697434255
0.5412,-266.943410941454,-19.8015986824689,286.792416167982,4888.45247738637,147.891625587726
0.5413,-261.230790485504,-29.937314094176,291.036460304971,4888.01290619969,147.869459110711
0.5414,-255.056091477699,-39.9632179354888,295.249985229035,4887.57120745847,147.884660959434
0.5415,-249.004133295553,-50.1352668735595,298.996597075953,4887.18625268428,147.866943035503
0.5416,-242.451729114313,-60.0579044386093,302.562675629331,4886.81029363673,147.873832026996
0.5417,-235.777043978241,-70.0292320865779,305.850000001496,4886.52337767882,147.852736760665
0.5418,-228.838805915265,-79.9624824796984,308.758736363495,4886.2176463533,147.845218994931
0.5419,-221.62198591079,-89.6602400809734,311.422227576611,4886.03704310306,147.870286787265
0.542,-214.260604984823,-99.3302294839335,313.589646364918,4885.81946800432,147.858445809707
0.5421,-206.759343509865,-108.979588972142,315.619249832434,4885.69356521218,147.86041527116
0.5422,-198.84273563087,-118.53665722496,317.355408736888,4885.55421677644,147.858120888725
0.5423,-190.83870874554,-127.870878727131,318.676472986502,4885.48467408926,147.862693810535
0.5424,-182.647533978215,-137.15834780956,319.746725130386,4885.44049426621,147.860184955837
0.5425,-174.242232523675,-146.088878261664,320.487370046721,4885.43176376358,147.880693011244
0.5426,-165.633927971291,-155.141597988111,320.794378659991,4885.43515082258,147.83899683561
0.5427,-156.97187363617,-163.987321372895,320.972121702106,4885.46347126842,147.846045821343
0.5428,-148.067348179911,-172.650063954972,320.761172680345,4885.57372938551,147.847543748706
0.5429,-139.032697454491,-181.180204278242,320.241126728182,4885.64509804429,147.847950249774
0.543,-129.820388941659,-189.504373988116,319.300426361244,4885.78531295253,147.843727211762
0.5431,-120.579383790915,-197.667593903338,318.234871589568,4885.92422357093,147.837037828613
0.5432,-111.214136236754,-205.600640567515,316.665569875532,4886.09495138722,147.884281421629
0.5433,-101.61198878672,-213.318025030863,314.997681140795,4886.26143253925,147.850603289399
0.5434,-92.0562663749262,-220.771627182863,312.78399172283,4886.45242741354,147.838369984029
0.5435,-82.2758762353756,-228.145889489619,310.398514340549,4886.70694923311,147.867374488955
0.5436,-72.4886120021458,-235.187931969061,307.646463727142,4886.96657532521,147.835321531406
0.5437,-62.5238575503059,-242.018520444773,304.650577963245,4887.21347543775,147.835312512664
0.5438,-52.6278161139763,-248.653475491365,301.330803474556,4887.49848059891,147.831228083749
0.5439,-42.6512347882813,-255.047763357028,297.655614092642,4887.79249407791,147.839970392297
0.544,-32.6241680110118,-261.142307804076,293.754750631299,4888.08377011932,147.857275725774
0.5441,-22.4990837427485,-267.055360346686,289.579181761894,4888.40032340177,147.824554069317
0.5442,-12.4200547188771,-272.596790699522,284.931984691563,4888.68460517981,147.817523292035
0.5443,-2.32867063703013,-278.012288289836,280.204250718584,4889.01331835655,147.842251358177
0.5444,7.79212272275081,-282.947664765279,275.171884647967,4889.35288987326,147.858112078067
0.5445,17.9733585547568,-287.879749056591,269.813522758646,4889.72149309514,147.831494938733
0.5446,28.1203536299328,-292.317852335702,264.273241774312,4890.02921417934,147.829612331115
0.5447,38.0587693050995,-296.514485842589,258.359930484266,4890.35427157746,147.83177843908
0.5448,48.1517299933988,-300.424902460175,252.083847144651,4890.68481265347,147.828234606732
0.5449,58.1458067525412,-304.092268843626,245.885090697456,4891.03949532914,147.832680981573
0.545,68.1428439407127,-307.341087705858,239.278621583287,4891.39316502577,147.868426379724
0.5451,78.0316793153722,-310.484291154334,232.378978459996,4891.67988933297,147.81437144119
0.5452,87.7924784103447,-313.215712458948,225.365662719291,4892.04042492127,147.82274233141
0.5453,97.4401286741665,-315.611748617078,218.067164505761,4892.32625269445,147.817668372542
0.5454,107.134761105402,-317.624797568609,210.572753263808,4892.62891002714,147.82492197379
0.5455,116.604587436353,-319.488475909764,202.794302528801,4892.96612455629,147.844855850718
0.5456,126.064076769481,-320.774029580136,194.885482672127,4893.21922881783,147.778464397971
0.5457,135.331475134651,-322.101246419029,186.699461470268,4893.44658591111,147.815727097444
0.5458,144.537071925539,-322.924649827121,178.431839294946,4893.73557124564,147.823977457645
0.5459,153.581051013126,-323.384371239668,170.03220274379,4893.9853534629,147.832540497853
0.546,162.391585438224,-323.656848970767,161.315348387681,4894.18112577322,147.841944755147
0.5461,171.11273128264,-323.505573974852,152.488616736282,4894.36738517897,147.838029025346
0.5462,179.587781030411,-323.17850061231,143.569118210214,4894.57933350325,147.840575662602
0.5463,188.063472920409,-322.353297970785,134.369530828258,4894.70306810614,147.819614422632
0.5464,196.198623660063,-321.451540469843,125.180687701907,4894.85599654281,147.805843743505
0.5465,204.170867920882,-320.012489270451,115.858037295453,4894.99752532312,147.793100483378
0.5466,211.95376614653,-318.291995649524,106.359581149181,4895.08076592263,147.789546754259
0.5467,219.601836843672,-316.300497621525,96.7162131542564,4895.13585238077,147.799210631417
0.5468,226.966843805714,-314.070436957738,87.1040192659853,4895.19091442074,147.79108834231
0.5469,234.101431439939,-311.391348580547,77.2689332956553,4895.19074754495,147.795127822006
0.547,240.995430214622,-308.469049502504,67.5101768691259,4895.15003833767,147.825854846934
0.5471,247.765077006225,-305.226011817192,57.5384554372322,4895.11773434537,147.808721378496
0.5472,254.216164601726,-301.762621425007,47.6683797439322,4895.02358275781,147.821819169607
0.5473,260.378983277644,-297.96511989234,37.5916983273664,4894.9365726264,147.825407702355
0.5474,266.335323283611,-293.844308559342,27.5666138812746,4894.77933371799,147.775371208175
0.5475,272.030718408034,-289.418001821895,17.3791341057463,4894.60102594464,147.800901704804
0.5476,277.422197766358,-284.71773135929,7.39921117308832,4894.40791285038,147.771641993715
0.5477,282.590716681759,-279.81914615125,-2.77291786937088,4894.19810012255,147.837546044698
0.5478,287.339713650562,-274.587382431763,-12.8129490751227,4893.89761595913,147.776644539301
0.5479,292.081417766253,-269.081099098325,-22.9950692815105,4893.57293701459,147.758028675684
0.548,296.39522240434,-263.341574119801,-33.03661491175,4893.23908776046,147.791436239294
0.5481,300.379232281134,-257.260278801918,-43.1840588605289,4892.82332393309,147.808388238073
0.5482,304.025867202116,-251.033786564921,-53.1294073172944,4892.42819665188,147.794211104078
0.5483,307.58400258158,-244.503050837859,-63.1151766141173,4891.92068581291,147.793328647707
0.5484,310.651059891648,-237.729600402839,-72.9088233571053,4891.44480197897,147.750050114536
0.5485,313.517219573303,-230.749270893835,-82.7942185218583,4890.89076238367,147.794537476595
0.5486,315.972806981462,-223.632679540425,-92.4363921018654,4890.34191193386,147.816852450741
0.5487,318.237068449679,-216.15036462979,-102.131433816365,4889.69572152057,147.791000487761
0.5488,320.142110557139,-208.503865110847,-111.680650573796,4889.01683630735,147.77086147657
0.5489,321.740866344939,-200.651941149609,-121.225877053837,4888.33692144223,147.771408849313
0.549,322.980708096947,-192.604264018275,-130.412262957958,4887.59378126827,147.791281944532
0.5491,323.962227300137,-184.335135819158,-139.54694037787,4886.75866512529,147.822842312474
0.5492,324.6031548764,-175.898627911568,-148.704248746916,4885.9675797817,147.78240995657
0.5493,324.963837947304,-167.425724756063,-157.590144654347,4885.08231559227,147.797067665011
0.5494,324.96410867562,-158.627127994326,-166.39250291683,4884.17683799734,147.756373442224
0.5495,324.605891649704,-149.785411205785,-174.937566091292,4883.2412143169,147.77814998817
0.5496,324.052324905425,-140.740050854276,-183.277869215294,4882.23236986104,147.766692374822
0.5497,323.06390156977,-131.596933621631,-191.551967068578,4881.22982358645,147.788221030454
0.5498,321.872578265345,-122.220169838402,-199.602664171716,4880.17735980205,147.771327267906
0.5499,320.192927748284,-112.728614396559,-207.529393374209,4879.02760682496,147.765708552711
0.55,318.312362038732,-103.270417485489,-215.175022378435,4877.91537511451,147.782128576271
0.5501,316.183967455751,-93.6070389178103,-222.516210500309,4876.65108354971,147.771545930398
0.5502,313.713298394666,-83.9064822094742,-229.750284591498,4875.4331312128,147.78461979025
0.5503,310.83280343862,-74.0961754634562,-236.856870085007,4874.21081524011,147.776842674162
0.5504,307.732969809549,-64.1144805515148,-243.581924589911,4872.85374033253,147.762436749895
0.5505,304.431819476253,-54.2783463707833,-250.051157271512,4871.49921557067,147.775736964387
0.5506,300.612365289982,-44.2897972934055,-256.370283816174,4870.12756247963,147.786013663828
0.5507,296.597984845568,-34.2354714994564,-262.351692676962,4868.7184269209,147.773867563139
0.5508,292.397011408391,-24.2077312667087,-268.126503808822,4867.2398994009,147.769150353024
0.5509,287.783426173387,-14.1212422578331,-273.639237529264,4865.77580461241,147.764059908531
0.551,282.945736693393,-4.06416854452505,-278.952032500551,4864.22534167264,147.784150407399
0.5511,277.87501254707,6.02915001388961,-283.861054696474,4862.64862746508,147.772861868719
0.5512,272.373215651197,16.1591881218604,-288.565075174631,4861.05721320023,147.757764023399
0.5513,266.795544359356,26.1934310532333,-292.909140433638,4859.38743176427,147.757640693732
0.5514,260.838881477001,36.2487821235908,-297.107289045004,4857.73619293374,147.798929495556
0.5515,254.653268804217,46.2386487347983,-301.020481437155,4856.06090775273,147.767994671734
0.5516,248.295131408123,56.2229216849687,-304.476259952192,4854.30048270568,147.758375580972
0.5517,241.605236459497,66.0933919570522,-307.665223658936,4852.54322184003,147.756049401291
0.5518,234.732282175713,75.9395659992075,-310.73399639317,4850.76168237906,147.731778331283
0.5519,227.513266961487,85.6582941926324,-313.32067502526,4848.94447888462,147.73255332815
0.552,220.147764286143,95.3001449671264,-315.634177895293,4847.12228124932,147.758605514234
0.5521,212.687579073328,104.91396619601,-317.536092597508,4845.21168186678,147.711027433272
0.5522,204.941183648092,114.401590045336,-319.364501382272,4843.32375381377,147.752483459966
0.5523,196.963386971104,123.712394373438,-320.810963192914,4841.44359984604,147.759647921152
0.5524,188.849082188232,132.940974886879,-321.751013540278,4839.46589525748,147.735721271643
0.5525,180.456062530526,141.990932037673,-322.510301156074,4837.47603938109,147.744970858267
0.5526,171.921454715545,151.026385833242,-322.981959345724,4835.52584019489,147.72583211597
0.5527,163.381959466842,159.766189977568,-323.146008219667,4833.50547179523,147.736338134581
0.5528,154.384655430651,168.426689716609,-322.998134975468,4831.48510392245,147.728797337125
0.5529,145.520051444962,176.89948904959,-322.395070160676,4829.45792003305,147.750879332406
0.553,136.353962295452,185.261754376381,-321.622404449723,4827.42038537915,147.740412164217
0.5531,127.074365939148,193.306319351301,-320.433801208859,4825.35518515799,147.757169788307
0.5532,117.743112567582,201.144038444399,-318.994013280258,4823.23856120323,147.798272169228
0.5533,108.298350857581,209.028140637539,-317.220652097492,4821.09936554873,147.727077420901
0.5534,98.6577248920097,216.464355025316,-315.125275729479,4819.03296832713,147.759056319565
0.5535,89.048020414185,223.811614124583,-312.84319424361,4816.92512711134,147.731894477687
0.5536,79.2714971877637,230.910337960533,-310.057636364598,4814.80710716916,147.735471940058
0.5537,69.39130004654,237.695257573736,-307.124418514488,4812.66955662655,147.710580474777
0.5538,59.5003838419527,244.302248575911,-303.809411688516,4810.55381866385,147.721405518813
0.5539,49.5233913476078,250.574105575616,-300.081985765022,4808.40547665958,147.735146830293
0.554,39.638953594653,256.660693984907,-296.461166039104,4806.21898028758,147.73357730954
0.5541,29.5305152488693,262.548662094241,-292.153763259133,4804.1091463398,147.734973431112
0.5542,19.542293396998,268.272709007176,-287.727511555064,4801.96505961927,147.716540874167
0.5543,9.50866374896914,273.613545006004,-282.965276837838,4799.80284085678,147.739442880852
0.5544,-0.591293751019879,278.66682966987,-277.889981211527,4797.6509159654,147.749236394671
0.5545,-10.6944782840999,283.467164184981,-272.590839149185,4795.55696145798,147.694834315351
0.5546,-20.760684696262,287.930226339755,-267.135127637227,4793.44108633155,147.732468315587
0.5547,-30.7991058717943,292.258633457417,-261.278423698857,4791.25236399964,147.727422719984
0.5548,-40.8420660530001,296.060620805724,-255.205299529778,4789.16219695745,147.739574331861
0.5549,-50.8471621529618,299.669962136101,-248.888122582323,4787.04878105144,147.729432959587
0.555,-60.6423332428544,303.048666052903,-242.28232276371,4784.95808044223,147.701157583797
0.5551,-70.4130080732058,306.033249390354,-235.56775270295,4782.86261522865,147.733726073404
0.5552,-80.3014847867064,308.747043890843,-228.496946628626,4780.75799227924,147.721277750139
0.5553,-90.0221885997708,311.170169380332,-221.207078111059,4778.72217119205,147.727117699819
0.5554,-99.5398867237353,313.375898525062,-213.805702492095,4776.67515416792,147.694860418126
0.5555,-109.120990358894,315.154034367314,-206.064595092154,4774.6484008822,147.739108773176
0.5556,-118.407943466027,316.746617619733,-198.21943956309,4772.66304141071,147.716277296901
0.5557,-127.71058887525,317.871925123524,-190.08896930897,4770.63725453224,147.694757814716
0.5558,-136.788340954335,318.836427022082,-181.826120214327,4768.69399469141,147.728358052009
0.5559,-145.743708580459,319.245123594632,-173.505143020461,4766.75847792961,147.723561109342
0.556,-154.727635568061,319.555577338169,-164.87247575155,4764.80917503176,147.727972240341
0.5561,-163.338373768267,319.455016046605,-156.19324061597,4762.92577744971,147.712684397755
0.5562,-171.822432267124,319.05389198537,-147.158853061822,4761.07197524798,147.712004131183
0.5563,-180.140356959713,318.350013778031,-138.138104893712,4759.21166926562,147.740525235451
0.5564,-188.41762365244,317.294844056027,-128.959912121304,4757.34977733297,147.710304771108
0.5565,-196.311593816271,316.138080806159,-119.629451952434,4755.57537197464,147.692829408727
0.5566,-204.12661141675,314.294540428358,-110.293941834745,4753.84183484819,147.698122432314
0.5567,-211.662099917195,312.480026087633,-100.714865121632,4752.05259920647,147.710466844658
0.5568,-219.00997579072,310.143543744872,-91.1363887660773,4750.35321315788,147.721932912561
0.5569,-226.298145741951,307.570564106705,-81.4099046154718,4748.66234657288,147.683495667702
0.557,-233.181888710204,304.733885279703,-71.5888043236594,4747.04442492364,147.734149322772
0.5571,-239.76288666488,301.559107864866,-61.7150580682155,4745.41837103917,147.680494069855
0.5572,-246.191926318323,298.097293221126,-51.878250524224,4743.86329170904,147.688268227859
0.5573,-252.382326533427,294.237163983802,-41.7885287094402,4742.33403393978,147.681890917981
0.5574,-258.401496276001,290.193318849381,-31.8805732388206,4740.84017246096,147.708354646651
0.5575,-264.046401580648,285.853965626834,-21.8283966326675,4739.36044891174,147.720994921009
0.5576,-269.500118100761,281.236799080613,-11.6994616466796,4737.9406604782,147.710163259083
0.5577,-274.654628944931,276.242976191033,-1.7564609054125,4736.55737226159,147.698763696902
0.5578,-279.417963770292,271.230026314035,8.36113751995861,4735.2091638708,147.684793733642
0.5579,-284.162453200802,265.73041004484,18.4389329897017,4733.90057492915,147.696724431826
0.558,-288.397161906958,259.988548271558,28.4688436334732,4732.60979829363,147.70842796764
0.5581,-292.426816693866,254.003780389372,38.4709821774669,4731.36941220176,147.667722053551
0.5582,-296.139663988129,247.773772452947,48.4641694734212,4730.20124378267,147.696324467498
0.5583,-299.53838959119,241.326777187916,58.217693078525,4729.05322445079,147.660539427626
0.5584,-302.806968716283,234.664521791529,68.1169799689342,4727.96862996364,147.685608496516
0.5585,-305.722273013953,227.652168384717,77.9291551866304,4726.90326579711,147.667589655517
0.5586,-308.132162881507,220.52590990284,87.5533761826883,4725.84340059856,147.656682426802
0.5587,-310.334940043653,213.059812795312,97.1809684365644,4724.89039313222,147.680961950943
0.5588,-312.300998471854,205.575018950437,106.716898314014,4723.95221090453,147.695330001489
0.5589,-313.916583185565,197.774656940419,116.14937410417,4723.0628644609,147.686530429271
0.559,-315.224117853708,189.852482221037,125.392122843805,4722.18987923965,147.712020985434
0.5591,-316.294148472929,181.603761454143,134.563156748285,4721.42567170122,147.68344247317
0.5592,-316.830134963375,173.289114154357,143.608130315975,4720.64221370939,147.696345491473
0.5593,-317.207953863044,164.638767486204,152.441618350991,4719.97040288617,147.686448057848
0.5594,-317.26605210444,156.024110445271,161.221856878128,4719.26165950507,147.6259953926
0.5595,-316.980507032376,147.238657066215,169.80806452721,4718.63048699431,147.670923320703
0.5596,-316.36096308741,138.249523706632,178.178533820228,4718.05760449849,147.693631001814
0.5597,-315.455919093171,129.065905678636,186.52707047788,4717.50452770348,147.686484320567
0.5598,-314.32673111383,119.85912983239,194.381428271999,4716.99758497091,147.68491181958
0.5599,-312.796557367929,110.516699859807,202.297357779999,4716.52686960634,147.661582060533
0.56,-310.973823748601,101.042363266122,209.821342397231,4716.08613333637,147.651213488558
0.5601,-308.72238669473,91.4021451852626,217.355087935345,4715.74878784169,147.689420344454
0.5602,-306.261465240046,81.800099921159,224.477626488197,4715.42238074403,147.6967704545
0.5603,-303.573632872638,71.9849389200652,231.529604735324,4715.11158285529,147.6492745252
0.5604,-300.386332053537,62.2456407259719,238.313460386235,4714.85931577255,147.652217686368
0.5605,-297.137623702601,52.3357388052429,244.805132463707,4714.62275660161,147.663912034212
0.5606,-293.395370557447,42.3441213693455,251.037029023542,4714.47557260997,147.65840713395
0.5607,-289.546583340184,32.4215835501166,257.043465361766,4714.37721087568,147.655613858441
0.5608,-285.230531238286,22.4032706153129,262.838751326382,4714.25997180669,147.619129343459
0.5609,-280.775490742512,12.3330581118169,268.377631633262,4714.18237140804,147.667810544003
0.561,-276.009362968006,2.31117754380417,273.645944713751,4714.21183673549,147.649568521142
0.5611,-270.877638717935,-7.66036965766923,278.560557877808,4714.21128559739,147.682537046878
0.5612,-265.51750760731,-17.7737789253603,283.230096985391,4714.25802323463,147.66468401046
0.5613,-259.903575953157,-27.7690562195538,287.686777860531,4714.31516112984,147.631677707681
0.5614,-254.098371529708,-37.7835318691133,291.734087864473,4714.51441453666,147.65970961625
0.5615,-247.856711792028,-47.7128718242421,295.622030431193,4714.63756063921,147.657578392733
0.5616,-241.614459709706,-57.6067422643671,299.091791414557,4714.85181600751,147.659135905893
0.5617,-234.992930524542,-67.4855266367342,302.380640498062,4715.09284563079,147.622850509398
0.5618,-228.116756334762,-77.1911512019228,305.311206402296,4715.3268082627,147.658006366871
0.5619,-220.982424291088,-86.9022253267631,307.938395507554,4715.63274519631,147.637328378752
0.562,-213.784595754115,-96.5835086270585,310.310737203855,4715.93856042296,147.660638706595
0.5621,-206.272381254648,-106.082465936442,312.315193072284,4716.3248953713,147.62209990215
0.5622,-198.43164169147,-115.592077723656,313.985058019825,4716.67092880319,147.622755892484
0.5623,-190.633827082568,-124.806450529127,315.437752620215,4717.08497525733,147.658261361061
0.5624,-182.488166138143,-134.014255896419,316.600925350506,4717.53279241245,147.648961899332
0.5625,-174.263902290655,-143.080468423591,317.266318331228,4717.99442106961,147.617376660426
0.5626,-165.787153621665,-151.98058392707,317.780209210138,4718.47256686029,147.681028560482
0.5627,-157.204640701045,-160.732273532782,317.96345501741,4718.97005762876,147.611721663016
0.5628,-148.41830827358,-169.379974253655,317.79795878345,4719.47398626285,147.620328299221
0.5629,-139.425303998511,-177.823124824573,317.320925127654,4720.05047307188,147.639623386481
0.563,-130.421191855074,-186.065634359745,316.554677667513,4720.59427583078,147.610376304458
0.5631,-121.311760125814,-194.170256146348,315.408096189892,4721.17809736595,147.640362123792
0.5632,-111.946501159527,-202.051259949109,313.927562134973,4721.76612190463,147.656600561135
0.5633,-102.550043788868,-209.739078604952,312.189268816214,4722.36610747152,147.596699230554
0.5634,-93.0023994464434,-217.2288971539,310.241921979108,4723.01235438444,147.620877510382
0.5635,-83.342066609133,-224.514041098982,307.830986380802,4723.6932494835,147.663529874039
0.5636,-73.584286956689,-231.552517663104,305.301761734824,4724.28155376201,147.62622564539
0.5637,-63.8652569894077,-238.399644442244,302.21378267095,4724.97515657655,147.660183920049
0.5638,-54.087871453644,-244.976887595031,298.964676752103,4725.64307401694,147.632640838176
0.5639,-44.1983926127783,-251.331806130017,295.412129311644,4726.35237936726,147.605025464495
0.564,-34.1832968955575,-257.376460076186,291.566110258632,4727.0485615217,147.598483772665
0.5641,-24.222301052861,-263.228870598341,287.448094075438,4727.77014553201,147.613892743407
0.5642,-14.2387207829618,-268.83847888796,283.093135231817,4728.47181467666,147.599192708842
0.5643,-4.10584949651131,-274.155974956537,278.281787069064,4729.14286037115,147.601411357239
0.5644,5.93527149517395,-279.221045236548,273.324306415459,4729.87726211612,147.586838945656
0.5645,15.945161451454,-284.023446476567,268.076623263968,4730.58031258631,147.627028683057
0.5646,25.9720644599192,-288.491697309641,262.711988430404,4731.31846351242,147.611748507343
0.5647,35.8729922140582,-292.817020116024,256.851467620991,4732.01587770026,147.610171935323
0.5648,45.9411299856842,-296.684115140205,250.95020994222,4732.70964216751,147.657434100864
0.5649,55.6610351423647,-300.231867856781,244.548334301246,4733.40299153199,147.600786857775
0.565,65.6294603285326,-303.643819585062,238.061057623371,4734.14747482851,147.60442711486
0.5651,75.2994311635777,-306.627147215645,231.287618815166,4734.81023770549,147.615364632346
0.5652,84.9435469354094,-309.382060117484,224.266822484465,4735.53953467219,147.566373904516
0.5653,94.7062089390289,-311.804211504561,217.142445356483,4736.22441794523,147.649704998494
0.5654,104.290924333538,-313.984712888759,209.631843292442,4736.85497032962,147.605518063281
0.5655,113.754284816489,-315.77911950884,201.978106581966,4737.50883912506,147.629047742279
0.5656,122.987019677345,-317.197640882978,194.19947443545,4738.20334726921,147.602308284695
0.5657,132.268648083414,-318.50717310995,186.15460529616,4738.78732832335,147.591278320912
0.5658,141.332835974294,-319.415712372695,178.055602060825,4739.4405542881,147.595342105413
0.5659,150.350562747701,-319.988377211309,169.582592539091,4740.04011168946,147.568613461059
0.566,159.088155852096,-320.164949595803,161.182635249961,4740.65557022579,147.599018006139
0.5661,167.76760124027,-320.103812440297,152.387208090018,4741.25697190943,147.581641060856
0.5662,176.152313340391,-319.795826187817,143.494796303127,4741.78262708285,147.642477173965
0.5663,184.655042332192,-319.077123319382,134.529867831476,4742.2922400167,147.590026099071
0.5664,192.644366995193,-318.056877254828,125.397433483221,4742.83461695639,147.587596118458
0.5665,200.664533157628,-316.777534100739,116.054817269962,4743.30200958436,147.613376310639
0.5666,208.314833666425,-315.129149664623,106.684300310421,4743.80779959881,147.579750982806
0.5667,215.909881359961,-313.226700037552,97.2996321177934,4744.27779597045,147.589834923467
0.5668,223.313468171458,-311.024262328039,87.7432734245838,4744.67662216781,147.606362595528
0.5669,230.406785481642,-308.387860163948,78.0698247248579,4745.08226837926,147.606065982179
0.567,237.399821582529,-305.520778507292,68.2999142740114,4745.47108983367,147.603244496005
0.5671,243.937713359153,-302.434985742793,58.5242323706255,4745.8537822986,147.58645737201
0.5672,250.346899925617,-299.01868240757,48.66332592956,4746.18572180321,147.614563892368
0.5673,256.527723626743,-295.272606409012,38.6944015631742,4746.48168919277,147.594786771534
0.5674,262.472603235019,-291.188781749324,28.7084003476816,4746.75679376046,147.565487132107
0.5675,268.057696755347,-286.871410516366,18.7784191223333,4747.02002499451,147.599565472158
0.5676,273.585532863648,-282.414730371964,8.73701682026734,4747.20979377795,147.625009916104
0.5677,278.573130857334,-277.447405609897,-1.1300308219498,4747.40441248842,147.569490685642
0.5678,283.498907086964,-272.232769222371,-11.345806643999,4747.53070090769,147.595423048902
0.5679,288.055256670269,-266.857461245869,-21.3319462090316,4747.66667312792,147.570180130847
0.568,292.380235250043,-261.243265612983,-31.1533547851548,4747.79433281835,147.559610751425
0.5681,296.46175878585,-255.264562613911,-41.2636533201618,4747.87441256011,147.554186234477
0.5682,300.15529940512,-249.023495639048,-51.0904458211173,4747.87974764539,147.564479921527
0.5683,303.617229961998,-242.644946008888,-61.0031339394706,4747.83955854073,147.552540633186
0.5684,306.705045741574,-235.991187650499,-70.7698193030114,4747.86567438386,147.580353448388
0.5685,309.558225312655,-229.031161521677,-80.5391886270567,4747.7955012738,147.572529508303
0.5686,312.030860965228,-221.938907742072,-90.1630053739376,4747.69052458579,147.545581294548
0.5687,314.220983996035,-214.570038653229,-99.7761851027183,4747.56854726808,147.582880960826
0.5688,316.218722310669,-207.123607804895,-109.167647398876,4747.37549756993,147.59189888178
0.5689,317.901606721063,-199.341079131222,-118.615391073116,4747.214677151,147.563416616771
0.569,319.221517202847,-191.441953330366,-127.782697764315,4746.95137135031,147.59189298775
0.5691,320.16602807392,-183.182643747343,-136.949880557214,4746.68330493808,147.570771660504
0.5692,320.870290483789,-174.985043432607,-145.926105074973,4746.39724840106,147.559100599139
0.5693,321.207716265275,-166.428822502409,-154.756530485472,4746.05082117738,147.58432815055
0.5694,321.288547667785,-157.791321249794,-163.493714827568,4745.66249029754,147.550128746922
0.5695,321.044390797488,-149.013753606468,-171.938202578876,4745.24680422966,147.564825101569
0.5696,320.4365212273,-140.043182038999,-180.281002944668,4744.86016940591,147.540715802951
0.5697,319.555611593893,-130.984839840101,-188.52788971767,4744.3965517341,147.573023458185
0.5698,318.365370240677,-121.877524305855,-196.566954270703,4743.91959718096,147.557066467994
0.5699,316.767457741896,-112.476906654353,-204.327709149372,4743.34957682647,147.57838376017
0.57,314.988065025256,-103.175940037492,-211.90928218621,4742.76315666864,147.557427069434
0.5701,312.902917847869,-93.566807612962,-219.341393924535,4742.17670921452,147.535761447968
0.5702,310.436413657776,-83.9129870239777,-226.518974482567,4741.49975779842,147.573447847106
0.5703,307.685565220799,-74.1366161382647,-233.485629650896,4740.827217532,147.567382717503
0.5704,304.726025426157,-64.4631320784362,-240.143560588275,4740.17331159421,147.571222895337
0.5705,301.196288680954,-54.5518207978807,-246.737232781856,4739.43264052452,147.567055202499
0.5706,297.679085500644,-44.6570669848502,-252.950431283606,4738.66817009284,147.525023825796
0.5707,293.694132782592,-34.7093729571441,-258.992916964645,4737.8728500332,147.569974196955
0.5708,289.458258725181,-24.722251205592,-264.675515774189,4737.08192442472,147.546092915661
0.5709,284.910972241095,-14.8135147937036,-270.217391933948,4736.20856542195,147.578715973501
0.571,280.208654842298,-4.82974769125503,-275.365016505047,4735.2766827599,147.541758939299
0.5711,275.184273722283,5.28720811440659,-280.404026571626,4734.38337744377,147.529218478568
0.5712,269.806794369767,15.2387332867575,-285.189220100824,4733.44968167109,147.534984974601
0.5713,264.258875629032,25.2037834592253,-289.41212787826,4732.50638366152,147.509425750247
0.5714,258.40819158786,35.1689566371479,-293.585010970121,4731.50509003852,147.530828042781
0.5715,252.399366168544,45.0362256186772,-297.345785187971,4730.51630754532,147.549345390439
0.5716,246.039090235982,54.9229321032362,-300.912914387403,4729.51055480923,147.560354124697
0.5717,239.308832191119,64.7424186187421,-304.186909030905,4728.39813660241,147.54746135632
0.5718,232.562346919955,74.4483157376952,-307.100373842442,4727.3323940014,147.552974603124
0.5719,225.612513359838,84.0811743260082,-309.679738218789,4726.23999618598,147.544369375272
0.572,218.275379400105,93.8033853079073,-312.018660112901,4725.09956152419,147.532937855621
0.5721,210.911183011612,103.219703548019,-314.049279775685,4723.97872638917,147.542694342444
0.5722,203.229220500411,112.571710249974,-315.892968108532,4722.7953895277,147.548548389132
0.5723,195.265126122211,121.837153059373,-317.213503929792,4721.61040905921,147.517920124226
0.5724,187.291633010699,131.003165798295,-318.318108367682,4720.40045874546,147.535172586356
0.5725,179.00771077086,139.997154509516,-319.093824048689,4719.1500006728,147.552587455815
0.5726,170.681725530708,148.945715258317,-319.501428485686,4717.90522516947,147.546955663103
0.5727,162.073738802436,157.575519432494,-319.720336457626,4716.66319501434,147.554122399961
0.5728,153.309391979984,166.31242104316,-319.509031982407,4715.44669638709,147.566252506542
0.5729,144.415162674835,174.687971508242,-319.130416827252,4714.1166805974,147.511251398458
0.573,135.287882832233,182.949029174329,-318.254937810447,4712.85314384142,147.523493306522
0.5731,126.272754436346,191.021081817678,-317.235528832777,4711.54904556473,147.512116804232
0.5732,117.020933009064,198.783193637141,-315.899650574186,4710.25906538817,147.486603460919
0.5733,107.528557834854,206.530511034172,-313.989631055557,4708.92824103472,147.531963959927
0.5734,98.0106764872992,213.891287388366,-311.991685427603,4707.60666048494,147.494967983313
0.5735,88.5330654249954,221.130723487127,-309.73212526521,4706.28525907951,147.512460916432
0.5736,78.8604859492492,228.331827980725,-307.089231329301,4704.92364198584,147.485076665022
0.5737,69.1019734733901,235.018499628257,-304.169403547901,4703.58378825159,147.497309208805
0.5738,59.2924406895007,241.567478988808,-300.867298674605,4702.24337249438,147.493648124994
0.5739,49.4957747367531,247.917830405354,-297.452832496915,4700.9586287589,147.509213070784
0.574,39.5689876038022,253.979618564162,-293.537623790307,4699.55413291808,147.522169148563
0.5741,29.6347219569509,259.798735178124,-289.470021095214,4698.20272656512,147.512291422396
0.5742,19.5836921029154,265.353797694103,-285.032391925124,4696.8986696501,147.523330327647
0.5743,9.60033500460218,270.725108051434,-280.29734903423,4695.53280166052,147.546371311462
0.5744,-0.202741549458546,275.796187507215,-275.48735902389,4694.17933856869,147.511798359496
0.5745,-10.302684083112,280.502765475814,-270.167092724999,4692.8656330202,147.536065035951
0.5746,-20.2418821104833,285.037090212757,-264.791502282645,4691.52664483792,147.487222082293
0.5747,-30.2184426429001,289.161642295248,-259.098549751266,4690.24190683599,147.498325875914
0.5748,-40.2513766476231,293.139597063057,-252.955981192563,4688.92496762573,147.47723347269
0.5749,-50.0348848116281,296.852951404456,-246.774508818088,4687.6249369524,147.506523999951
0.575,-59.7481092493543,300.116698022563,-240.251550769092,4686.31490398861,147.522368450866
0.5751,-69.67620640848,303.110302383256,-233.535367063271,4685.02938335288,147.484830510337
0.5752,-79.2833085628063,305.768099445761,-226.549091832938,4683.76069323886,147.505927283335
0.5753,-88.8307160960052,308.21768038688,-219.386367721763,4682.51940712585,147.534847269832
0.5754,-98.3504192283503,310.518984955402,-212.005544022698,4681.30968893661,147.491027593437
0.5755,-107.730788896547,312.294100388711,-204.456739052168,4680.06894759432,147.482003594143
0.5756,-117.114435580238,313.785285461808,-196.749753510684,4678.82450493078,147.491946916105
0.5757,-126.29857649096,314.99099140641,-188.763214640344,4677.64065591199,147.509708728369
0.5758,-135.372037839795,315.764442474964,-180.555502639531,4676.49622617281,147.531807552005
0.5759,-144.199057281673,316.486368745605,-172.21509597662,4675.36601783089,147.483388738745
0.576,-153.022381885046,316.695944378426,-163.604593908211,4674.17832757886,147.481070086522
0.5761,-161.797628545133,316.638468610192,-154.91819135602,4673.06849221083,147.47771152883
0.5762,-170.19206644462,316.302466866836,-146.174040931297,4672.0110123759,147.504517553922
0.5763,-178.458647456866,315.581515262758,-137.252770280893,4670.94113638085,147.450661902505
0.5764,-186.553701618309,314.59788535335,-128.138893429084,4669.89759376997,147.486218850375
0.5765,-194.411035445778,313.398443573575,-118.857927095185,4668.88619647556,147.480524230809
0.5766,-202.234087864107,311.678632208449,-109.422735446197,4667.91591498008,147.498670130886
0.5767,-209.646731369201,309.736752403034,-100.165379510239,4666.92643700287,147.495437846855
0.5768,-217.04361328544,307.504490733463,-90.5251862740744,4665.99692312443,147.485358461466
0.5769,-224.13096524723,305.006478783471,-81.0042924673293,4665.1070579217,147.485934971855
0.577,-230.956487982353,302.182272471438,-71.2127732234731,4664.1627618993,147.477591913718
0.5771,-237.615546740082,299.043245319543,-61.4524892179035,4663.36493944591,147.461353379721
0.5772,-243.945294255482,295.686405628494,-51.703003543826,4662.49067544297,147.456658457192
0.5773,-250.270557892702,291.929449476676,-41.7498512423411,4661.77129543743,147.466402614435
0.5774,-256.062980423061,287.900910004768,-31.9019201020026,4660.96096939123,147.455736856908
0.5775,-261.778780472299,283.574904479163,-21.8882352333298,4660.29820425279,147.483407574064
0.5776,-267.237571522169,279.109880542176,-11.9996487804933,4659.55964558627,147.476088128255
0.5777,-272.214280239592,274.159456316344,-1.94034094454619,4658.84441713455,147.481221100611
0.5778,-277.035232776109,269.189664101136,8.05502067449321,4658.30288833622,147.456016153409
0.5779,-281.624210037561,263.708596182763,18.0031278202894,4657.67966523953,147.506695955783
0.578,-286.047240528536,258.103139414399,27.9352033167492,4657.11356980142,147.477801178914
0.5781,-289.906704295239,252.221596034401,37.8184721036139,4656.61344460182,147.472452155494
0.5782,-293.75184644113,245.959985357268,47.645976877675,4656.11769808699,147.478181925291
0.5783,-297.120613221052,239.591004670152,57.5599122460105,4655.62525354219,147.476640344273
0.5784,-300.26015229568,233.003623985815,67.2680790276403,4655.20945506597,147.440232854314
0.5785,-303.090379894341,226.103344554422,77.0041746703611,4654.84459318032,147.462926561191
0.5786,-305.599739326809,219.014424642267,86.6139676994611,4654.48321359614,147.455962550183
0.5787,-307.912957517136,211.769771443136,96.0678573606409,4654.15500732079,147.461046097175
0.5788,-309.792631302993,204.25250267533,105.584539937138,4653.87421448399,147.429409938413
0.5789,-311.411144600153,196.491513672266,114.976119079425,4653.65523095552,147.472191343568
0.579,-312.667383736875,188.66819954682,124.146504583688,4653.46959485681,147.481308881397
0.5791,-313.780569596882,180.534428312741,133.184780640545,4653.2607556331,147.464332820476
0.5792,-314.414230688146,172.248967553866,142.092524898983,4653.11011200623,147.46406851119
0.5793,-314.689604221366,163.758479729554,150.939831503801,4653.03090239126,147.437424113161
0.5794,-314.816133106768,155.189852926078,159.660152189664,4652.92957685822,147.421640143551
0.5795,-314.539073925991,146.451266879419,168.228330045141,4652.93053902539,147.46922873389
0.5796,-313.95763101057,137.637790377613,176.511246894264,4652.93079946443,147.460463202217
0.5797,-313.143750288103,128.555058342066,184.613698350928,4652.98126964352,147.422891741809
0.5798,-311.973171076688,119.330180664442,192.583121219676,4653.11340596252,147.440835943181
0.5799,-310.399285217903,110.031877847077,200.39755000842,4653.19411698297,147.449228046711
0.58,-308.657675929704,100.663477297076,207.934000959209,4653.34919649787,147.435327398127
0.5801,-306.533871596397,91.1934315576027,215.337998223458,4653.53048356404,147.429614662064
0.5802,-304.182243278291,81.5160086532546,222.521443607737,4653.78359395146,147.409392839215
0.5803,-301.33551400997,71.8797573148331,229.329237376331,4654.03854444533,147.407329872511
0.5804,-298.256626047971,62.2786661068983,236.099386519569,4654.306085975,147.460594791084
0.5805,-294.949154799788,52.4236409096661,242.629489625928,4654.6389762545,147.446545931808
0.5806,-291.392504512075,42.5730594853777,248.875543397106,4655.00068428741,147.463110613224
0.5807,-287.49799523394,32.7464460094552,254.843438671842,4655.39465810496,147.424256101143
0.5808,-283.352487331127,22.8257431755648,260.594907287779,4655.80946648869,147.463126547448
0.5809,-278.813293759153,12.7530749426996,266.013529304916,4656.27352102452,147.425833786903
0.581,-274.035732335369,2.85642600134899,271.206829376045,4656.74972350877,147.416485529113
0.5811,-269.017535706367,-7.12799560045275,276.185853865998,4657.24922141945,147.445457004388
0.5812,-263.726438398775,-17.1423010775242,280.838708461632,4657.80473763361,147.394417912852
0.5813,-258.159661714751,-27.0318418548833,285.274189551511,4658.40672539984,147.440427638106
0.5814,-252.385219303934,-36.9325061255546,289.3552391515,4658.94375585145,147.430421865265
0.5815,-246.348886708073,-46.7522317127778,293.144385474798,4659.60125454387,147.421170299901
0.5816,-240.079370959478,-56.622536025674,296.673261804757,4660.23819875261,147.408023746391
0.5817,-233.557315113712,-66.4208899932131,299.930591638433,4660.94090795807,147.403956112873
0.5818,-226.750680037591,-76.1708856355914,302.740505205586,4661.67000279567,147.393223326172
0.5819,-219.781585391511,-85.6458527323831,305.474606680276,4662.36484240785,147.430895273641
0.582,-212.514394819403,-95.3401740561123,307.779708835897,4663.14839265499,147.419337666362
0.5821,-205.015564321028,-104.700008684201,309.797167117908,4663.89595873459,147.460160409482
0.5822,-197.470888278756,-114.051205326602,311.490206712564,4664.73166718805,147.428916206317
0.5823,-189.526497647991,-123.304071084807,312.845584488046,4665.52298467038,147.40341989127
0.5824,-181.557013761353,-132.53278567525,314.023689547784,4666.38769449428,147.44502636111
0.5825,-173.344695835554,-141.500670302009,314.762911872351,4667.26221995628,147.391853863593
0.5826,-165.013856403379,-150.280668892166,315.191426664522,4668.14871610632,147.409729879973
0.5827,-156.558104509909,-158.986779830121,315.293402223339,4669.01417004535,147.412238263192
0.5828,-147.728071679306,-167.425969115418,315.219646363071,4669.97331685567,147.403067346175
0.5829,-138.922626400795,-175.918380464524,314.782875803523,4670.91756484785,147.426852189501
0.583,-129.905522578194,-184.106691164627,313.970724046018,4671.85782231863,147.424623240955
0.5831,-120.864621959728,-192.140352752019,312.896761906781,4672.77122383909,147.439532608909
0.5832,-111.624372309406,-199.857114288409,311.553040330559,4673.79062938913,147.434757719871
0.5833,-102.244440049179,-207.624755961745,309.796816650714,4674.77006297297,147.381052920527
0.5834,-92.7510712938651,-215.022509163172,307.846736166144,4675.76427319279,147.412747233715
0.5835,-83.3618174574003,-222.287848994583,305.460461986407,4676.79182005116,147.440930929969
0.5836,-73.5827448291372,-229.242415663092,302.910986202792,4677.76234868186,147.382087145985
0.5837,-63.9142257599579,-236.010030077034,299.940464743294,4678.82387382825,147.3920367162
0.5838,-54.2562508494389,-242.558728647172,296.777329824318,4679.83100358564,147.356016506721
0.5839,-44.4242778813545,-248.827036844067,293.152827138304,4680.83806159989,147.374530625023
0.584,-34.4631439027644,-254.971464343272,289.403983269462,4681.92565826334,147.401346254344
0.5841,-24.5397167664598,-260.757521101852,285.281026381793,4682.9636879531,147.394041112343
0.5842,-14.5853561110864,-266.21587857196,280.857860159665,4683.99732171552,147.405774718605
0.5843,-4.67401961285258,-271.593175356349,276.245712729455,4685.01709602659,147.420540347607
0.5844,5.27862607907495,-276.613628688086,271.325705379445,4686.11961712982,147.369294668705
0.5845,15.0851406595661,-281.327457002737,266.150995930004,4687.12637032162,147.423049897765
0.5846,25.1236093587787,-285.822567300217,260.712281407342,4688.20150368257,147.386646423709
0.5847,35.0512486183257,-290.071853603681,255.013708133452,4689.25730430264,147.395426338955
0.5848,44.8422292999496,-293.968122372605,249.008643237363,4690.29478838104,147.422219693602
0.5849,54.7598036617713,-297.508070314612,242.870300736681,4691.31762713776,147.413945760003
0.585,64.5351605008454,-300.829910515791,236.299574972475,4692.38279821812,147.410221925843
0.5851,74.3161918869375,-303.882801601323,229.558368741019,4693.40377728138,147.386175848341
0.5852,83.9197991253874,-306.627827362559,222.821592328144,4694.4251044335,147.423656665331
0.5853,93.3675517818562,-308.949567949615,215.582814813118,4695.43519665836,147.35415714407
0.5854,102.925500010437,-311.121248127782,208.302503958356,4696.39666106201,147.390181188802
0.5855,112.268175174409,-312.967324020658,200.618654639095,4697.40668969345,147.418783739747
0.5856,121.520677822968,-314.425198760291,192.962761398586,4698.36496989599,147.399256749191
0.5857,130.744219844385,-315.622717361363,184.938640813916,4699.32388060969,147.357597933857
0.5858,139.720636732407,-316.582229868897,176.795330607781,4700.28398787013,147.382804513662
0.5859,148.689584659182,-317.086893503232,168.46049868473,4701.26258068954,147.369296740839
0.586,157.415778715386,-317.313339767252,160.1032131261,4702.15480322391,147.391527909404
0.5861,165.977725429988,-317.350661264327,151.410162281656,4703.06994641784,147.33937887065
0.5862,174.374979411048,-316.927426693907,142.579106335154,4703.97513819636,147.381744066565
0.5863,182.564816301261,-316.25040263086,133.660443599899,4704.89312953052,147.378661777717
0.5864,190.658825161924,-315.129295864795,124.656466023895,4705.71156297145,147.365334199885
0.5865,198.509872302402,-313.983903715412,115.463471838033,4706.51805879053,147.38798580265
0.5866,206.217468611694,-312.43406606738,106.091939386102,4707.38478795465,147.364725366752
0.5867,213.732572203823,-310.438666667963,96.7399388970503,4708.19375910041,147.396565556855
0.5868,221.044554747604,-308.159831456467,87.1898636522717,4708.9290944311,147.365047685942
0.5869,228.047382356715,-305.717326459162,77.6384679013737,4709.68759460645,147.353054443737
0.587,234.964980284273,-302.915108763654,67.8837807567824,4710.42402009992,147.347267122579
0.5871,241.392242525508,-299.734915256437,58.2384370659672,4711.17620401235,147.357283020098
0.5872,247.89362927172,-296.391012333717,48.4849343759634,4711.85122408255,147.383587219067
0.5873,254.089321625921,-292.627545000269,38.5844840339801,4712.49940673743,147.373825070163
0.5874,259.899625968742,-288.562104218367,28.7647521738208,4713.17491811702,147.362603861416
0.5875,265.512353557635,-284.450155747505,18.9035579505944,4713.7311340118,147.386798442115
0.5876,270.959917139456,-279.818930364246,8.93074226582091,4714.33877702764,147.349216966129
0.5877,276.03344450868,-274.913575407226,-1.11140020775216,4714.89249302695,147.316739525166
0.5878,280.873979255638,-269.889055950244,-11.0286942620792,4715.43431727585,147.361783904425
0.5879,285.44950432058,-264.510605693724,-20.8266957028794,4715.94899264054,147.365192458747
0.588,289.722291746211,-258.815771434632,-30.858482517202,4716.42319521997,147.353679332836
0.5881,293.693816317501,-252.921243300806,-40.6882763353634,4716.86556864957,147.347411694778
0.5882,297.320073561538,-246.842687562462,-50.612769000697,4717.30191099245,147.410952923648
0.5883,300.910814990129,-240.334714174204,-60.3354765544205,4717.715283338,147.366164025859
0.5884,303.91002633413,-233.841455781834,-70.1391303352656,4718.06952504738,147.347236422833
0.5885,306.69842047282,-226.934501876797,-79.7059730695618,4718.38495493603,147.348274553398
0.5886,309.3034572572,-219.999221182752,-89.2540411797774,4718.72519989666,147.382935305195
0.5887,311.475583664953,-212.720743189769,-98.766679900835,4718.9956612445,147.30738529406
0.5888,313.355279016608,-205.216195910309,-108.168365775798,4719.26496680454,147.340441592293
0.5889,314.943348491691,-197.476196391427,-117.444939177497,4719.50758249695,147.343596025092
0.589,316.273853510888,-189.635835931019,-126.598190692811,4719.73393604228,147.372251355158
0.5891,317.187701310016,-181.615046650606,-135.729099492535,4719.87008630777,147.378587190952
0.5892,317.897582066752,-173.261116999163,-144.646356786355,4720.01367050054,147.336411713928
0.5893,318.264092839277,-164.834374408418,-153.381912530414,4720.13644033714,147.364793694772
0.5894,318.324436721462,-156.277532616877,-162.025765270512,4720.24733274637,147.348358042129
0.5895,318.106294177032,-147.617637908442,-170.513308959469,4720.29279007063,147.315052525657
0.5896,317.494633382705,-138.746081592795,-178.807478652043,4720.3107768061,147.343329220873
0.5897,316.570233019098,-129.688587759613,-186.882349684393,4720.29356379484,147.35347093314
0.5898,315.434609306707,-120.55246114342,-194.786549358371,4720.2422427988,147.371097457161
0.5899,313.958886199951,-111.292230073794,-202.572006451033,4720.16487231242,147.350894585716
0.59,312.01234978421,-101.937034634408,-210.190135857981,4720.09942390714,147.306872366414
0.5901,309.964954151728,-92.4352511475368,-217.554971123198,4719.97135802282,147.339167847288
0.5902,307.523744196873,-82.9334673242555,-224.576248996592,4719.84037385765,147.318633301186
0.5903,304.907331523336,-73.3177185812027,-231.617709561191,4719.65550269572,147.330134713383
0.5904,301.771442365155,-63.5103228693087,-238.160704938427,4719.45826929435,147.335206956028
0.5905,298.482757239104,-53.7659627981682,-244.615369461724,4719.22850143033,147.299793559292
0.5906,294.782686703104,-43.9901170180674,-250.974322262199,4718.90867629455,147.319266243708
0.5907,290.99667802328,-34.1027784912572,-256.928735712777,4718.64488090908,147.342922628282
0.5908,286.78754156775,-24.2290928909399,-262.550235092066,4718.39149319025,147.334342930458
0.5909,282.275102022212,-14.3450881077673,-268.028932558957,4718.07170935906,147.327649704665
0.591,277.605892060907,-4.42107730765126,-273.105912381404,4717.7210719598,147.314221151894
0.5911,272.573561958416,5.52413321541631,-278.135366355065,4717.30979528257,147.334467356952
0.5912,267.348436450173,15.3647231788521,-282.701614996838,4716.9198329947,147.337431065188
0.5913,261.740027147157,25.3666372593448,-287.102839247577,4716.52633833461,147.299434465349
0.5914,255.895297650823,35.2240756970418,-291.185175367915,4716.03890996925,147.286049431629
0.5915,249.828500190609,45.0368152656471,-295.010767947654,4715.62990553526,147.319797187246
0.5916,243.657082503417,54.8929105927194,-298.411298962294,4715.0986787066,147.296182554936
0.5917,237.112794022478,64.647906959558,-301.735407781889,4714.62043693928,147.304865215678
0.5918,230.228990742471,74.2769120162631,-304.525428883029,4714.09449863667,147.321367872401
0.5919,223.365929168512,83.8761387066506,-307.166150229444,4713.53662593094,147.310675689364
0.592,216.039454358801,93.4766306634622,-309.569269199426,4712.96837676318,147.268783788627
0.5921,208.723099969931,102.864012973434,-311.65286789744,4712.45421716936,147.321082331406
0.5922,201.110308315929,112.122060821881,-313.233742108244,4711.79526428149,147.314679844924
0.5923,193.263836355526,121.266271611371,-314.636848065368,4711.23247635296,147.316058523035
0.5924,185.25974727095,130.344252089046,-315.722018069127,4710.63677366139,147.285466021737
0.5925,177.050294347827,139.424045162539,-316.541038121858,4709.96936467919,147.326154878923
0.5926,168.777512062787,148.212250780745,-316.945262269859,4709.32382487989,147.303630039467
0.5927,160.280613212776,156.829688817732,-317.162153305407,4708.66408699881,147.299395554993
0.5928,151.541440329196,165.439916438265,-317.010115649905,4708.00174598548,147.321828753611
0.5929,142.706681258241,173.70562823302,-316.487342243147,4707.35499922675,147.305650302918
0.593,133.80922866815,181.889059793287,-315.70906491394,4706.66448483375,147.305340820474
0.5931,124.632430755234,190.000999666053,-314.564155507059,4705.97033431484,147.296918099502
0.5932,115.517819836526,197.832994616703,-313.207915375045,4705.2192112595,147.294958423392
0.5933,106.257966029288,205.338122525426,-311.386322668238,4704.4842922795,147.291138822534
0.5934,96.6550913074272,212.732939688581,-309.431227158491,4703.7729288131,147.292898480048
0.5935,87.096884062279,219.992704800971,-307.055364774466,4703.04758647489,147.288724576215
0.5936,77.583254463229,226.891752572327,-304.534484961034,4702.32188652449,147.304648970975
0.5937,67.9359967687997,233.689390270686,-301.605738289571,4701.59687348907,147.338315386014
0.5938,58.2335914318087,240.242494447171,-298.393555255292,4700.86155032234,147.289622503728
0.5939,48.3230314088212,246.581800487711,-294.900007614895,4700.12306798681,147.254498694849
0.594,38.5104333292633,252.563482279582,-291.137024992026,4699.40160544513,147.263452248526
0.5941,28.7278269156076,258.304163948939,-286.957580650517,4698.68496366162,147.282506745327
0.5942,18.7567876524385,263.822784196913,-282.611276708003,4697.94484017346,147.28479268385
0.5943,8.84052386115041,269.163570960159,-277.963703871688,4697.22684087932,147.275042601625
0.5944,-1.0732479128847,274.093702682965,-273.102965599061,4696.50682393487,147.264468678577
0.5945,-11.0093542511469,278.823736918119,-267.957093547634,4695.78687425001,147.29092914188
0.5946,-20.9532406331642,283.271305732672,-262.396988896066,4695.06139593521,147.280520952706
0.5947,-30.783578165026,287.348574519995,-256.681274751292,4694.37179770983,147.296792436677
0.5948,-40.5946648383887,291.338744418764,-250.789362216373,4693.63919838136,147.332288299917
0.5949,-50.4187185617667,294.943720557421,-244.626282046816,4692.95193679336,147.291557371413
0.595,-60.1364144675969,298.228726807661,-238.005227998936,4692.30617981652,147.282038802074
0.5951,-69.8723824557346,301.225304665427,-231.453092769968,4691.64373700796,147.276464496393
0.5952,-79.517355481632,303.895142513935,-224.509698851668,4690.94356044302,147.273656798328
0.5953,-89.0733693916324,306.332811634953,-217.384202332439,4690.30576051371,147.300479850237
0.5954,-98.414016251916,308.429762388302,-210.001667098325,4689.68902311598,147.284281909368
0.5955,-107.800199195995,310.335583989869,-202.441790300663,4689.08351436727,147.26223860966
0.5956,-117.127508000117,311.802339436521,-194.7808500591,4688.44392278194,147.261221210669
0.5957,-126.156769479594,312.960070343521,-186.794505239169,4687.84769903016,147.242168058905
0.5958,-135.110821647427,313.815106931353,-178.76441838964,4687.29230893394,147.26142533107
0.5959,-144.075693655164,314.412116070397,-170.451947875449,4686.69560758188,147.268448352197
0.596,-152.824677025093,314.64775285272,-161.904050440018,4686.18596935095,147.335582464565
0.5961,-161.280943034554,314.48434386754,-153.295969194332,4685.65920968571,147.261970275749
0.5962,-169.671602365221,314.211846670482,-144.478797330508,4685.16188037723,147.27134470831
0.5963,-177.932301160286,313.588290683265,-135.589288740936,4684.65816072645,147.264199641373
0.5964,-185.991453712273,312.646895344336,-126.500906257948,4684.21378418662,147.265524208076
0.5965,-193.88684068876,311.329232349491,-117.428049876068,4683.78878889853,147.24622514268
0.5966,-201.498348490943,309.714271730067,-108.246210744205,4683.32656501965,147.23794541366
0.5967,-209.001612317194,307.742117692223,-98.7804238805835,4682.95006542927,147.24605778344
0.5968,-216.20083275282,305.555145551673,-89.3674471820908,4682.56420723928,147.262820962834
0.5969,-223.241427525047,303.072830980128,-79.7119991228041,4682.20976598967,147.222979814338
0.597,-230.077632115284,300.161715013803,-70.1578505274398,4681.88914204338,147.263543459819
0.5971,-236.678056993985,297.033170298042,-60.3993350245794,4681.61664555532,147.244113878643
0.5972,-243.071412700427,293.635292393237,-50.573429658997,4681.34641161247,147.280579977688
0.5973,-249.103671733937,289.953779478595,-40.7343841815528,4681.06417921729,147.250747022546
0.5974,-254.99710856967,286.00656276991,-30.9688915350483,4680.86690711084,147.241008117112
0.5975,-260.654799792474,281.641887124221,-20.9778614490122,4680.66553507148,147.225775060332
0.5976,-265.924731920913,277.140088070935,-11.1124806891647,4680.53367748444,147.212653297957
0.5977,-271.027801488473,272.253622308567,-1.21099811105492,4680.37005244021,147.248203140806
0.5978,-275.862533564091,267.271672348709,8.67242589866214,4680.25219359993,147.275418029121
0.5979,-280.477804371374,261.803488142261,18.6230389235304,4680.17820934394,147.204295217657
0.598,-284.613823429621,256.307608738283,28.4330535953564,4680.11393704957,147.211714302737
0.5981,-288.644541930161,250.324498082526,38.3820770238007,4680.09912362428,147.226256238123
0.5982,-292.314351318022,244.213363290886,48.1537621454639,4680.07792434525,147.240762750739
0.5983,-295.728735911362,237.843854171124,57.9037118512811,4680.14381613603,147.262341241667
0.5984,-298.742097489134,231.181566664651,67.5547993409129,4680.21559888498,147.187901763168
0.5985,-301.641206066585,224.399724788368,77.1642480864999,4680.28925182322,147.202486718424
0.5986,-304.083694966994,217.408086084372,86.7675612602261,4680.42429716546,147.276632730775
0.5987,-306.3291282199,210.068885244771,96.2899964938988,4680.58248777235,147.243218136518
0.5988,-308.200525622098,202.646125742262,105.705385119455,4680.73502535209,147.237717788818
0.5989,-309.841185090461,194.998266165825,114.878818553411,4680.99068252037,147.232169495344
0.599,-311.190984545069,186.989174460648,124.0779744469,4681.22908467262,147.282721044586
0.5991,-312.093461394794,179.044675450903,133.067702687107,4681.48231656156,147.243130530933
0.5992,-312.753189658816,170.81157280357,141.915071632844,4681.7998951274,147.203452452934
0.5993,-313.122753350489,162.318589073336,150.654764535975,4682.17109088249,147.192458042485
0.5994,-313.163752413898,153.845829186857,159.345716378723,4682.48216501102,147.286096944119
0.5995,-312.932763567958,145.080031654213,167.720926891236,4682.90720235069,147.212715896586
0.5996,-312.391559058256,136.285347610214,176.01626807094,4683.36526623464,147.206692025874
0.5997,-311.437436499268,127.281987431942,184.096244101117,4683.81526254194,147.243145498289
0.5998,-310.21439490335,118.10055232154,192.04884137214,4684.31027070572,147.210924128453
0.5999,-308.737288167952,108.91406449044,199.766326389028,4684.80429512945,147.242768432085
0.6,-306.991996985586,99.6094720105652,207.381377825651,4685.34851555526,147.181323355841
0.6001,-304.777316366917,90.2043951929122,214.632207268796,4685.92610777473,147.256165162118
0.6002,-302.360449831193,80.6083308620199,221.720781395271,4686.52402983956,147.201865219286
0.6003,-299.571775838773,71.0311319220327,228.519274884726,4687.18538183947,147.215053317544
0.6004,-296.594788848111,61.2994058387775,235.315917353827,4687.88059974384,147.200640126783
0.6005,-293.238467065698,51.6095800326509,241.675937738548,4688.56444631168,147.207409808572
0.6006,-289.754103684853,41.7544208568635,247.783482129119,4689.24145027074,147.190834390301
0.6007,-285.857268792413,32.0191220656358,253.866537457066,4689.99172855348,147.201064344205
0.6008,-281.570773699893,22.1345134890912,259.546528804162,4690.75960747169,147.269111674091
0.6009,-277.121990626989,12.2143284038051,264.913457657604,4691.53559589146,147.197210519633
0.601,-272.466287389972,2.28897386424807,270.137827785729,4692.37891803681,147.163281905567
0.6011,-267.340417366834,-7.60235412641434,274.991202525797,4693.22766476073,147.178761069022
0.6012,-262.077303841666,-17.5262970062949,279.618191430681,4694.09949028507,147.146555664468
0.6013,-256.620861470708,-27.3404418389719,283.979192096204,4694.97575017065,147.17153088274
0.6014,-250.818738549332,-37.1695285411215,288.020279950317,4695.88792203931,147.208680554787
0.6015,-244.773186029602,-47.0780206295051,291.791802575324,4696.88229781765,147.187929275954
0.6016,-238.508559131203,-56.788197800517,295.300991747644,4697.80606063566,147.177962647518
0.6017,-232.045374929945,-66.4176310321615,298.462983446648,4698.80251991132,147.184485072998
0.6018,-225.207290813624,-76.2003143337124,301.340599057777,4699.8278877355,147.176285938913
0.6019,-218.276451686032,-85.7337567252154,304.053416432817,4700.79152676716,147.187223339078
0.602,-211.03882760094,-95.1955651682614,306.256581376065,4701.83784540466,147.213153018817
0.6021,-203.637447773302,-104.631631040939,308.242111709183,4702.94824654238,147.169775599756
0.6022,-196.038710837437,-113.960664457229,310.040337368994,4703.9936627976,147.173805416149
0.6023,-188.183938569356,-123.083554114159,311.31492417194,4705.07108928272,147.175812168281
0.6024,-180.267793691909,-132.154603883995,312.453582848401,4706.21328443758,147.172324229728
0.6025,-172.095787918716,-141.107048467165,313.19745478403,4707.36903405047,147.146166890047
0.6026,-163.787964744285,-149.981474881508,313.616581871056,4708.48740950679,147.193526001696
0.6027,-155.259879345167,-158.562735469724,313.710230307157,4709.68692478064,147.186101965015
0.6028,-146.659751624108,-166.970626952007,313.574258561465,4710.79192272566,147.19071992872
0.6029,-137.812728776756,-175.313742976323,313.089868782044,4711.99652708511,147.196165224824
0.603,-128.845994092189,-183.343108996782,312.489696528742,4713.22683412176,147.178101239725
0.6031,-119.776137868296,-191.503386785949,311.218992119119,4714.43463692697,147.15876113145
0.6032,-110.519204442885,-199.236407024026,309.756740459789,4715.65928166353,147.178497536635
0.6033,-101.430981425691,-206.806889267344,308.148086638006,4716.84487968047,147.207208499279
0.6034,-91.949465242231,-214.260972932301,306.08596013163,4718.08165902379,147.186221152086
0.6035,-82.5147570213824,-221.306832838677,303.823290797186,4719.33241596935,147.170072116441
0.6036,-72.805844076114,-228.273974498282,301.166204766579,4720.55482481876,147.118386155448
0.6037,-63.1758431149814,-234.966842951859,298.301058494899,4721.84818195961,147.172340405512
0.6038,-53.5241907878857,-241.405570614974,294.875575294369,4723.08796259473,147.193774393255
0.6039,-43.7373134514024,-247.77246985437,291.47676866318,4724.35690042574,147.139787905821
0.604,-33.8272063741031,-253.805721112356,287.684465475681,4725.60675208762,147.158940659739
0.6041,-24.027764536089,-259.616415899104,283.594000822926,4726.85068970037,147.132905822746
0.6042,-14.1901066668967,-265.023660327958,279.333548757013,4728.13974053931,147.127497214668
0.6043,-4.21228154196217,-270.259148922505,274.574245385238,4729.4068960831,147.163952124973
0.6044,5.57568736279771,-275.271929136185,269.64859656429,4730.65273358235,147.165079310366
0.6045,15.60097747424,-279.99650763958,264.46724712992,4731.96121786703,147.143219402632
0.6046,25.3973147356696,-284.381970763405,259.016727787128,4733.18547483494,147.175736099848
0.6047,35.2569247023375,-288.544214282785,253.23613421007,4734.43089357155,147.169274422291
0.6048,45.1098630842173,-292.461671092201,247.379115755839,4735.67875787193,147.138246127596
0.6049,54.9459800676774,-296.047465660804,241.187964602186,4736.95611192869,147.163305810659
0.605,64.6141193006837,-299.245554759452,234.756162951849,4738.20300988932,147.106237311838
0.6051,74.2055150146862,-302.244500088003,228.114472509076,4739.42682355505,147.118765421416
0.6052,83.8553514858628,-305.052036868596,221.157282343356,4740.65953655357,147.134753196796
0.6053,93.4887142441405,-307.422536178119,214.036901486322,4741.84318233341,147.164302769673
0.6054,102.746919527432,-309.373124502314,206.69339196146,4743.09029346261,147.123858819563
0.6055,112.109980524342,-311.237445022207,199.173874870614,4744.28969697079,147.111420704817
0.6056,121.25214189748,-312.78857299427,191.413175309671,4745.48551729403,147.16679818292
0.6057,130.332983866513,-313.894171548171,183.436532959013,4746.64122475946,147.146263835633
0.6058,139.348628772271,-314.850347561038,175.420531832263,4747.79188921201,147.136240546311
0.6059,148.246492595421,-315.210219738592,167.11317435315,4748.91906058675,147.163950633894
0.606,156.870455882231,-315.649419453754,158.707133188225,4750.13136515667,147.108192355464
0.6061,165.34497852411,-315.513736829365,150.079579553222,4751.24074500867,147.161149019384
0.6062,173.768563921439,-315.056241056547,141.307799233839,4752.35061575454,147.121818832774
0.6063,181.956794762569,-314.294951299471,132.419257330899,4753.41255046247,147.103425045712
0.6064,189.993477409264,-313.455094079713,123.402570032554,4754.52995119029,147.091168918968
0.6065,197.844137972989,-312.092630110438,114.192241437524,4755.58792862238,147.137615474503
0.6066,205.468826865352,-310.494175559854,104.951788748041,4756.62772071991,147.125993869319
0.6067,212.913037365316,-308.534657289721,95.6512857484783,4757.64456867747,147.123621993117
0.6068,220.109322716289,-306.335054386061,86.1878956237535,4758.66958177208,147.152677055115
0.6069,227.142090349812,-303.64926799254,76.6010254694539,4759.60269517632,147.1406757302
0.607,233.938059935522,-300.886015667764,67.0842678362826,4760.58090538611,147.111686901114
0.6071,240.553427619188,-297.793739258274,57.3213337796387,4761.55359592537,147.1634117812
0.6072,246.944086184545,-294.325368738469,47.6304575689543,4762.4795603462,147.126797248412
0.6073,252.859035775485,-290.690289668718,37.7129229986594,4763.3525086211,147.098546014887
0.6074,258.707721784797,-286.628496145188,27.8685537441746,4764.25167863902,147.103103414748
0.6075,264.336822079052,-282.382112518923,18.1101199829009,4765.12158199109,147.138156388218
0.6076,269.590871194289,-277.825973931612,8.16851739273243,4765.9554380284,147.127506177905
0.6077,274.866236644147,-273.074074256439,-1.70289232104163,4766.78846484543,147.114179792458
0.6078,279.476490129873,-267.872786303765,-11.5891121724755,4767.57327706703,147.104681236856
0.6079,284.004034232631,-262.531654036561,-21.4663189626521,4768.32544436963,147.085938808018
0.608,288.288813688787,-256.872908764817,-31.2904133586135,4769.04127287634,147.131675062272
0.6081,292.216869298909,-251.103507345001,-41.1206949940291,4769.76552551528,147.082543365366
0.6082,295.839887477482,-244.968587743757,-50.9290866091508,4770.48163866108,147.121593618162
0.6083,299.245598362185,-238.574358449706,-60.612611549285,4771.14762622454,147.103218678031
0.6084,302.345877093098,-232.009024664914,-70.3773875208366,4771.79715239363,147.100829237844
0.6085,305.144974882433,-225.093320808763,-79.9244936365664,4772.36635735574,147.078361112122
0.6086,307.62613004598,-218.133128775407,-89.4874978872998,4772.99113756107,147.096411298714
0.6087,309.804578343422,-210.911848142242,-98.954716247657,4773.55454927055,147.100290635071
0.6088,311.701515198943,-203.278594828044,-108.381182860441,4774.10714115902,147.097195211554
0.6089,313.21963183729,-195.715349543396,-117.615937688131,4774.614789532,147.11049707753
0.609,314.488662963509,-187.811724963685,-126.683916131488,4775.06341932123,147.110774013923
0.6091,315.528178376109,-179.738778823014,-135.70929287532,4775.54625579808,147.098353892696
0.6092,316.02974472017,-171.612713475189,-144.621764158224,4776.00514423393,147.106821152599
0.6093,316.374345899512,-163.174029262617,-153.220972685459,4776.42408159085,147.076669570475
0.6094,316.43412018127,-154.617446975515,-161.859012453032,4776.79960719284,147.101967850681
0.6095,316.198887588896,-145.924962728844,-170.245171594321,4777.13988703078,147.114281427262
0.6096,315.608544897306,-136.957837201389,-178.442758960655,4777.48573777278,147.073716800777
0.6097,314.619394390618,-128.092821281256,-186.718078293275,4777.78888900866,147.094097206217
0.6098,313.486582839583,-119.006790749229,-194.519377034926,4778.07379323754,147.073216427349
0.6099,311.951680518851,-109.706510879024,-202.168872974414,4778.36909989256,147.080575900197
0.61,310.141270309542,-100.447077907861,-209.69241717209,4778.58670127879,147.077093849751
0.6101,307.984942424484,-90.9824421221296,-217.013848165261,4778.79238823676,147.076924036966
0.6102,305.567842734323,-81.4032848178802,-223.987628243529,4778.96261552031,147.057550397668
0.6103,302.860036225458,-71.8704736474656,-230.889909066383,4779.14590853514,147.066934537041
0.6104,299.791056344863,-62.2617048262243,-237.572855852175,4779.26009510902,147.098667425608
0.6105,296.41401770654,-52.4294360143612,-243.880766249416,4779.42632307672,147.067333256722
0.6106,292.847795234198,-42.6569688455185,-250.177865892638,4779.5284925304,147.108997344042
0.6107,288.979886791702,-32.952892905819,-255.95716515002,4779.58859859101,147.061343578189
0.6108,284.626724343363,-23.0127653274957,-261.689581894104,4779.62266594994,147.088045205476
0.6109,280.28354266885,-13.1833447814521,-267.126467178993,4779.67111196396,147.037153698781
0.611,275.496445099331,-3.27431244284583,-272.25234430266,4779.63648736658,147.077861402988
0.6111,270.571563068874,6.59596620537366,-277.108607910936,4779.62770649709,147.062037612357
0.6112,265.304755873308,16.5057097201341,-281.718861940012,4779.59176301654,147.065896615012
0.6113,259.622282344078,26.3852544406853,-286.014763252207,4779.55504942956,147.0662358296
0.6114,253.875738339742,36.2602385750753,-290.026874739622,4779.44934775702,147.045243742453
0.6115,247.791169037501,45.9066420607412,-293.884701344796,4779.37431647069,147.057490834794
0.6116,241.604993690623,55.7454388375919,-297.339661815744,4779.2721499595,147.080240960172
0.6117,235.082764911764,65.4880153931776,-300.511660760625,4779.17606519453,147.061303440962
0.6118,228.386380300852,75.0130717455434,-303.336196820292,4778.95466882945,147.074766893344
0.6119,221.368336957019,84.7003487021975,-306.021302966449,4778.85328916672,147.049053850025
0.612,214.1023171717,94.1370361955546,-308.282212236765,4778.66005251822,147.081041737427
0.6121,206.728444009079,103.455076002089,-310.151931280366,4778.46986592209,147.048997056498
0.6122,199.151871339653,112.783387623863,-311.951800220499,4778.26254596358,147.107631616756
0.6123,191.362322974887,121.87747684799,-313.292516493892,4778.04183731002,147.103993555059
0.6124,183.329062493928,130.915431039056,-314.26698000995,4777.82097638108,147.001292074654
0.6125,175.131436122286,139.926330795159,-315.158793297118,4777.55490624512,147.027233404853
0.6126,166.837525985568,148.647761779895,-315.41547224537,4777.3180439551,147.055685619362
0.6127,158.383612908903,157.28417396018,-315.605769961612,4777.02892717251,147.045387315883
0.6128,149.719543848376,165.766458290833,-315.402086099384,4776.79116035766,147.068050401213
0.6129,140.843998902498,174.091270741262,-314.940934174688,4776.49243113157,147.032880113373
0.613,131.907945946351,182.267506075204,-314.177512450513,4776.25227371147,147.054357917799
0.6131,122.89743414324,190.150011167155,-312.95381434989,4775.94015406213,147.013612444918
0.6132,113.654842360825,197.920291173832,-311.544839849311,4775.55874702595,147.035057104453
0.6133,104.418857886047,205.410461791781,-309.835257815638,4775.28302144367,147.042833661133
0.6134,94.9556622062305,212.776942885518,-307.817584534373,4775.00290710684,147.03952563368
0.6135,85.5587959879489,220.081316424131,-305.478267182472,4774.68762475939,147.052676642322
0.6136,75.9434865800389,226.899763813595,-302.813145074437,4774.32159280694,147.026525929719
0.6137,66.2818643844319,233.576274270827,-299.90529112716,4774.00982561761,147.039080553294
0.6138,56.5709010463427,240.0415397052,-296.710694276263,4773.6907112375,147.029637465788
0.6139,46.7388061387645,246.298019660832,-293.142465647164,4773.36146878065,146.988889078979
0.614,36.9531136095252,252.338045302175,-289.261722804189,4773.03290042574,147.022103407434
0.6141,27.2585789291782,258.012950833633,-285.169157217933,4772.67538573357,147.010064757808
0.6142,17.3238853508048,263.533509100383,-280.854774254091,4772.36748832396,146.996800771032
0.6143,7.4646746946393,268.763918950518,-276.261396478501,4772.02830876997,147.018906144334
0.6144,-2.473403773297,273.728682871978,-271.259165657807,4771.74662005917,146.99225025792
0.6145,-12.3009186106918,278.420639287081,-266.110986003294,4771.38712934018,146.999336387709
0.6146,-22.0689806445423,282.795828963615,-260.588145953241,4771.11521716974,146.99533678055
0.6147,-32.0368471711666,286.994783457194,-254.889081068923,4770.79129466574,147.041803603888
0.6148,-41.813201168153,290.803658811107,-248.96570618862,4770.45731071212,147.032097662647
0.6149,-51.6160216350924,294.38703732076,-242.683978184927,4770.16820312036,147.034975224376
0.615,-61.2597737013506,297.647133663217,-236.240302875596,4769.9098728335,147.042383652982
0.6151,-70.9682243949325,300.536919557446,-229.583603418079,4769.58916651934,147.03684933253
0.6152,-80.5875192015583,303.344469976842,-222.669603076379,4769.3137340231,147.000081567591
0.6153,-90.063960743698,305.570491226603,-215.636636731808,4769.08577140726,147.014360644508
0.6154,-99.452012409081,307.772411499457,-208.251884396411,4768.79415225195,147.005166526932
0.6155,-108.813789304305,309.541724227222,-200.770176078599,4768.53406099705,146.996269549489
0.6156,-118.012548316851,310.896928179104,-192.948319895205,4768.36502276176,147.003049132688
0.6157,-127.001285475923,312.010016715859,-185.019965273448,4768.11838165062,147.011556989687
0.6158,-136.044951495067,312.857322738239,-176.930478526765,4767.92434584733,146.99752748617
0.6159,-144.853516751206,313.474311209976,-168.618952036284,4767.71345044875,147.002939127969
0.616,-153.467734408897,313.646128256086,-160.219843965986,4767.56761568982,146.99624708942
0.6161,-162.005789056515,313.570612902999,-151.612065728085,4767.41347647467,147.014899071348
0.6162,-170.28280883908,313.310438427272,-142.943290650414,4767.23812730511,146.993929639404
0.6163,-178.537379855652,312.562501741389,-133.928451246214,4767.13618072939,146.963121379821
0.6164,-186.518917300215,311.550651233654,-124.86729207754,4767.03951725618,147.006528394754
0.6165,-194.324631586542,310.081873069766,-115.711250032824,4766.93200629617,146.976357437739
0.6166,-201.957720305837,308.438858598256,-106.476996170726,4766.87421344115,146.980100173012
0.6167,-209.380380678776,306.630888388031,-97.2340427958684,4766.80900115702,147.016232472021
0.6168,-216.645402598281,304.381138990668,-87.8062129281045,4766.74067092664,146.981975845237
0.6169,-223.575276179149,301.745227469515,-78.1483717639909,4766.72346378951,146.982814929936
0.617,-230.392051195626,298.922116998076,-68.5432331059694,4766.79099512712,146.985097015392
0.6171,-236.900804503441,295.770948249994,-58.8022619629939,4766.76294510918,146.972526925241
0.6172,-243.300826788944,292.383604270329,-49.0551516331355,4766.86488396565,146.978436181035
0.6173,-249.394084711303,288.723051347534,-39.3958115057546,4766.89445089342,146.974591157705
0.6174,-255.172086369217,284.64679424562,-29.4857783794646,4766.99726664195,146.979117559096
0.6175,-260.660324984389,280.325527188864,-19.6078393221027,4767.13165296609,146.978417608297
0.6176,-266.019733079083,275.812774693531,-9.78856117104866,4767.2829751585,146.983458054021
0.6177,-271.043513885407,270.885400541538,0.150841047397202,4767.44790120567,146.972832598048
0.6178,-275.844221733999,265.841024727192,9.98238561117653,4767.61230916105,146.988093089147
0.6179,-280.320899958365,260.404462585651,19.8634904565352,4767.83674079561,146.980505297512
0.618,-284.622993001709,254.918123264424,29.7128825722287,4768.03204822289,146.95882182908
0.6181,-288.462660813024,249.01693150206,39.4370224395973,4768.31646064714,146.980078134583
0.6182,-292.133394925156,242.852475426048,49.2738883973251,4768.56847550186,147.018526476128
0.6183,-295.558969770918,236.443872292825,59.0003625771759,4768.93404735513,146.974260581917
0.6184,-298.584675195316,229.910231399066,68.7573449930537,4769.23209316546,146.988872433086
0.6185,-301.325431032936,223.007175879241,78.3572187497436,4769.60949506817,146.932881778982
0.6186,-303.85003699951,215.87747732185,87.8387660502922,4769.94474779585,146.968666785194
0.6187,-306.003628886813,208.703424066806,97.2458849502028,4770.40055225706,146.930174575366
0.6188,-307.780401863263,201.201401294917,106.543152124076,4770.7825746091,146.972627283073
0.6189,-309.469252340605,193.618866508125,115.813345063691,4771.25239909754,146.962471417431
0.619,-310.689454195915,185.713576660665,124.983375775699,4771.79116287758,146.980668664816
0.6191,-311.548831133659,177.720704464822,133.916540854757,4772.22963138718,146.95855519929
0.6192,-312.234404567999,169.441868791577,142.661747713619,4772.77496237765,146.979876220233
0.6193,-312.532118948651,161.110054491984,151.434318055162,4773.35445395519,146.975714241205
0.6194,-312.586284562448,152.490064086989,160.006153259852,4773.96275903712,146.985908691001
0.6195,-312.28109047527,143.837319833598,168.410069611825,4774.55461918244,146.999216981941
0.6196,-311.628201889184,134.993414308065,176.736533896225,4775.17955042924,146.952393000601
0.6197,-310.680857754758,125.913918381496,184.761606641998,4775.85438233466,146.949699969332
0.6198,-309.452274618052,116.937193168494,192.575900832779,4776.56269766512,146.947660429938
0.6199,-307.965125825367,107.637261608104,200.331536715274,4777.26179960312,146.956136848214
0.62,-306.066161427039,98.3871696090557,207.827418168705,4777.95310383511,146.992487147591
0.6201,-303.934419474911,88.9237051544599,214.939353500142,4778.78928513056,146.969611822892
0.6202,-301.555097376682,79.3297376920092,222.103544948462,4779.5021882228,146.952899725463
0.6203,-298.843645371669,69.7771428356839,228.931677963029,4780.2915380332,146.948885820097
0.6204,-295.817738603139,60.1322340259825,235.617591617173,4781.11926751064,146.948837721593
0.6205,-292.330174745677,50.4768842749174,241.965259249759,4781.99009012489,146.950867239892
0.6206,-288.831680697902,40.5663430370379,248.039578343232,4782.88086338647,146.916925918732
0.6207,-284.866801477217,30.8503108229447,254.043521439762,4783.76042282223,146.942268342234
0.6208,-280.564823526204,20.9635339149982,259.606446134165,4784.72990138831,146.955332589139
0.6209,-276.197124238115,11.1788563072939,265.094221098487,4785.67461907188,146.92270627015
0.621,-271.456323263675,1.30133737442628,270.144165344032,4786.58889673757,146.952730126585
0.6211,-266.440725572525,-8.66075606366327,275.038120130221,4787.57658843897,146.941857007375
0.6212,-261.163852104585,-18.5873375207712,279.603155059581,4788.58086924483,146.903797421161
0.6213,-255.619734228612,-28.3061896534274,283.881130123897,4789.60122273201,146.943565080678
0.6214,-249.696706564782,-38.1278966640602,287.972961388734,4790.63611953135,146.931453567744
0.6215,-243.719901227314,-47.939168741175,291.685175470332,4791.71887429656,146.90560843147
0.6216,-237.432215842795,-57.7047641213744,295.126187557274,4792.78135883869,146.930583348884
0.6217,-231.061624604204,-67.3137456931007,298.260716286561,4793.87215881654,146.940509030417
0.6218,-224.135115142112,-77.0715553372665,301.183029565555,4794.95949967201,146.960072582364
0.6219,-217.184953613769,-86.6051079734625,303.732250355513,4796.08801667187,146.903950133395
0.622,-209.923443980725,-95.9943619135288,305.919439084994,4797.23903930608,146.936843759236
0.6221,-202.591842216661,-105.441150829213,307.936907444271,4798.41761998695,146.921772275261
0.6222,-194.837670229268,-114.515713485637,309.506801531482,4799.56159704664,146.927566495464
0.6223,-187.228971995197,-123.91852587168,310.885288292516,4800.7767627694,146.893794022976
0.6224,-179.11665497199,-132.849586572896,312.113505189545,4801.96992052156,146.901341174846
0.6225,-170.920576135279,-141.736300404151,312.750322648702,4803.21729900838,146.911016268338
0.6226,-162.810245141009,-150.515265581839,313.066387834459,4804.41707738387,146.92627461197
0.6227,-154.133717049735,-159.112004740048,313.238808819151,4805.63349457395,146.928919951456
0.6228,-145.475155507183,-167.499044419941,313.042891360505,4806.89627656922,146.876247363024
0.6229,-136.739419989967,-175.793774237433,312.49433461536,4808.14463266915,146.93154906948
0.623,-127.834457515346,-183.939920441457,311.728781162312,4809.37569812759,146.927724963063
0.6231,-118.727342095899,-191.874574061451,310.574059374224,4810.65676448391,146.928139405962
0.6232,-109.553556366758,-199.603081036315,309.16106054209,4811.93945294922,146.904986155062
0.6233,-100.229523272746,-207.154799590264,307.415197029749,4813.25112685807,146.907271744388
0.6234,-90.8002309908343,-214.480084879431,305.427149906081,4814.53367763601,146.907988918257
0.6235,-81.3682133099379,-221.612953186171,302.903735046823,4815.83896488352,146.925110503589
0.6236,-71.7652009329061,-228.638036493662,300.363187088144,4817.11654774533,146.85246524359
0.6237,-62.0743514305223,-235.175342576698,297.335508349284,4818.40790296459,146.919449982786
0.6238,-52.410756529912,-241.699975276162,293.975183569172,4819.75433514256,146.887784236847
0.6239,-42.6690903050511,-247.920116184943,290.687575452323,4821.0629645573,146.895580753163
0.624,-32.9646680215835,-253.890541770209,286.818139685833,4822.37701348966,146.873286115254
0.6241,-22.9817870467442,-259.551681581051,282.749832043591,4823.70087900931,146.871074509311
0.6242,-13.1050237634824,-265.092001057707,278.300320514247,4824.99232966721,146.907872977115
0.6243,-3.26367084594493,-270.203163071682,273.54397309222,4826.28942563841,146.891068708455
0.6244,6.60206436006821,-275.243378583834,268.659561234612,4827.59447989163,146.885138215693
0.6245,16.41255911146,-279.913385579324,263.432333562738,4828.92344630441,146.885226449223
0.6246,26.2102803803799,-284.359998104186,257.929323798343,4830.22844387859,146.887736937189
0.6247,35.9588484561172,-288.421042186529,252.272807072639,4831.52612077573,146.903350629579
0.6248,45.883616480981,-292.263353098477,246.353412352842,4832.85567777943,146.856741546605
0.6249,55.7098460012214,-295.745095385397,240.056612655997,4834.12217847767,146.907529009659
0.625,65.410390296124,-299.030286056591,233.543045633119,4835.41250132644,146.890041010259
0.6251,74.9668041443656,-302.06663652446,226.941495447448,4836.65775120244,146.866011558961
0.6252,84.5344317270201,-304.586626845059,220.114294307408,4837.94504243432,146.85541833635
0.6253,94.034479659805,-306.935612371881,212.835888891423,4839.22327075316,146.875621699887
0.6254,103.491216357956,-309.017096166709,205.563039589942,4840.48341509924,146.89138193685
0.6255,112.729207741071,-310.715073625293,197.982687283372,4841.70968468841,146.868485574512
0.6256,121.895429564125,-312.229463561691,190.28121485434,4842.94123124241,146.870625090166
0.6257,130.980194986112,-313.317261030414,182.407967816563,4844.21318597946,146.86632496969
0.6258,139.945329111966,-314.177505035659,174.19851485284,4845.38267665125,146.876345945091
0.6259,148.729994366423,-314.744345985217,166.000587636665,4846.59097549943,146.841410799234
0.626,157.319631578734,-314.938120018318,157.576863839616,4847.77472096021,146.871350463733
0.6261,165.924852526348,-314.901121582805,148.895431299308,4848.96165829614,146.868436617833
0.6262,174.325154474458,-314.461013281649,140.126193321013,4850.12497590457,146.852802174523
0.6263,182.392577038941,-313.652793433344,131.215363073551,4851.26700460124,146.875898717698
0.6264,190.38694305941,-312.599152135824,122.260546276226,4852.41152563782,146.868205476757
0.6265,198.140696506486,-311.3042711627,113.092058816451,4853.53755662195,146.834218305655
0.6266,205.890994487762,-309.650511829087,103.859225664937,4854.58311818001,146.828146937652
0.6267,213.148910537719,-307.58721196641,94.4891788466975,4855.70954780863,146.887931976728
0.6268,220.422711158244,-305.46488235328,85.0918383330162,4856.75704338208,146.871974810501
0.6269,227.386372728575,-302.785624033092,75.4764296314085,4857.80065863554,146.872159567535
0.627,234.064047921716,-299.996545864684,65.9027737484331,4858.83006341765,146.841984023258
0.6271,240.677623300271,-296.762568454769,56.2275461395011,4859.8405638939,146.858658855672
0.6272,246.949389662151,-293.457491032608,46.4092743636103,4860.83869684226,146.851738983832
0.6273,252.99579480866,-289.6151048351,36.6173230389218,4861.78181321715,146.827520053102
0.6274,258.785473156629,-285.644827069931,26.8405426809168,4862.77633861978,146.860099863454
0.6275,264.309719037461,-281.300551437533,16.9654522315099,4863.69232287054,146.860932875044
0.6276,269.631128964358,-276.702019135747,7.02259983186326,4864.63572423005,146.852361785361
0.6277,274.692663608436,-271.883259126879,-2.72839909468588,4865.49161665383,146.853468850788
0.6278,279.460356251463,-266.808803091802,-12.7161279041516,4866.39165860073,146.85724339153
0.6279,283.904590837155,-261.354196712497,-22.5225380793467,4867.23044536784,146.871999837968
0.628,288.087857860046,-255.75280439578,-32.4339218850911,4868.0486072613,146.850840325107
0.6281,292.106169685555,-249.689636653395,-42.243226875146,4868.86864717934,146.873295002763
0.6282,295.645668003358,-243.71249703808,-51.9443552079857,4869.65577729649,146.80809292059
0.6283,299.034407009628,-237.309800193735,-61.6644932073729,4870.4454688845,146.838206167086
0.6284,302.051035164384,-230.747272302881,-71.3985650251079,4871.16130917094,146.812624502526
0.6285,304.80951485627,-223.959305004113,-80.8555799594178,4871.86882499713,146.836451087463
0.6286,307.23433935918,-216.858344051022,-90.487607857016,4872.5737410004,146.820975834406
0.6287,309.395169846381,-209.56821418325,-99.9338206592353,4873.26053238885,146.828844137704
0.6288,311.168531481479,-202.031938345301,-109.193406045312,4873.88597392931,146.840639536354
0.6289,312.733631368758,-194.416773062008,-118.442559685389,4874.50701365407,146.830631332126
0.629,313.947847224904,-186.502071481841,-127.583005752617,4875.12406503952,146.828717395419
0.6291,315.043131393785,-178.466328958514,-136.517263237439,4875.70034860375,146.819656908721
0.6292,315.539830571937,-170.203574906108,-145.391309157758,4876.26344589509,146.827946275837
0.6293,315.846263479217,-161.831122534281,-154.113526889732,4876.76578903739,146.813331091654
0.6294,315.905478716164,-153.291117221862,-162.637927404029,4877.31385810552,146.826610696613
0.6295,315.60551048983,-144.555238545509,-170.967300126149,4877.74118604094,146.809813968608
0.6296,314.844659191146,-135.682173326419,-179.268532404385,4878.2675432034,146.817739490739
0.6297,313.945802537562,-126.663221875259,-187.358406167581,4878.71817335355,146.823272005841
0.6298,312.827026655712,-117.659044792326,-195.139046349377,4879.1461011203,146.830721006732
0.6299,311.093073999464,-108.383332995785,-202.872711321272,4879.53069623324,146.785353668728
0.63,309.236696806072,-99.1035254304686,-210.26743129358,4879.88875880976,146.788207669819
0.6301,307.120506302884,-89.6737182632432,-217.472262720368,4880.28819715245,146.816851376784
0.6302,304.674830625042,-80.0137226887821,-224.624586857584,4880.57221641577,146.804710326736
0.6303,301.820098000697,-70.5082601850943,-231.544430521165,4880.90090676163,146.782373206491
0.6304,298.83732126645,-60.7917658131705,-237.948526063953,4881.23266878479,146.795994008597
0.6305,295.491145659299,-51.1181797722159,-244.330163417488,4881.45848865469,146.799271202378
0.6306,291.726422655185,-41.3653071174114,-250.560470279795,4881.7318601278,146.811850504042
0.6307,287.890304314983,-31.5247365160558,-256.449600867459,4881.97247973589,146.802198258803
0.6308,283.625127167064,-21.6200542465148,-261.947718705062,4882.15297594689,146.817911616764
0.6309,279.147996591864,-11.6686967929102,-267.410481167677,4882.34896549632,146.778603050089
0.631,274.421280968457,-1.93840733546807,-272.539436697325,4882.48971031097,146.829495162135
0.6311,269.393741883162,8.04134985439436,-277.405436937217,4882.65836059059,146.795006881403
0.6312,264.145848616709,17.8792426501506,-282.030814168944,4882.79473307981,146.785651973974
0.6313,258.496262005494,27.7610947574816,-286.276063959317,4882.92335827026,146.793168048777
0.6314,252.727177685321,37.6228530929826,-290.315899259808,4883.0236614698,146.773983512806
0.6315,246.633413793513,47.2831558056758,-294.022336538353,4883.11439951428,146.775785841036
0.6316,240.317168547909,57.0959436361981,-297.44036052178,4883.16266959477,146.801772237121
0.6317,233.78777447546,66.7378134754272,-300.564218888106,4883.24144144151,146.799540940346
0.6318,226.90018803566,76.386456351271,-303.384257922247,4883.26573762278,146.80823214349
0.6319,220.012415143074,85.9190880860396,-305.932764329714,4883.28894983426,146.770228659165
0.632,212.77716757895,95.3824956731756,-308.211965528141,4883.28585255318,146.791073263779
0.6321,205.336785428342,104.739702271026,-310.153636142336,4883.274415133,146.792392990427
0.6322,197.785388180849,114.058901241082,-311.73222748628,4883.27291074608,146.763476846147
0.6323,189.963735220193,123.178518246571,-313.18152526883,4883.22248509693,146.765610529761
0.6324,182.007300954634,132.158985843297,-314.189819644248,4883.16678165928,146.758382692219
0.6325,173.748918383002,141.107324133032,-314.856376081406,4883.11960490423,146.758641410119
0.6326,165.428238496381,149.78687567942,-315.205182018785,4883.05028052042,146.763507640157
0.6327,156.885984271479,158.462532801757,-315.31587694056,4882.98336585107,146.754306945335
0.6328,148.214055158253,166.824619532269,-315.134965793918,4882.90158749789,146.751299797863
0.6329,139.337458802253,175.240786039798,-314.594778447359,4882.80625944277,146.745951075246
0.633,130.458705230839,183.277582363683,-313.649402384576,4882.69056833893,146.756828314551
0.6331,121.333161463462,191.167999074745,-312.484356006152,4882.59414765051,146.732112899897
0.6332,112.18342351741,198.91605874437,-311.12818730092,4882.47805974116,146.785595719638
0.6333,102.844924149757,206.504093598586,-309.351945821336,4882.36711383308,146.747777014462
0.6334,93.4463315595975,213.862106805662,-307.285971919449,4882.24711534177,146.753371046756
0.6335,83.9184563617167,220.918883811802,-304.878963454348,4882.08961784441,146.761020235176
0.6336,74.4468892457759,227.853668673197,-302.166256018486,4881.94123803298,146.772787853393
0.6337,64.8494164348245,234.452667199563,-299.264759797065,4881.8241272435,146.741457916818
0.6338,55.1270087852116,240.992154915024,-295.970791598603,4881.67418403264,146.767788117142
0.6339,45.3281435132966,247.168695198919,-292.471055416555,4881.54439641027,146.751600547832
0.634,35.3800717672349,253.180761878548,-288.674558501228,4881.41593653376,146.732786572954
0.6341,25.5924735738377,258.854999366995,-284.456960025198,4881.2580283531,146.760595956871
0.6342,15.6645478496949,264.311713137054,-280.046937332111,4881.03508317724,146.730823339404
0.6343,5.87255517065396,269.422055676529,-275.307116810177,4880.93148246729,146.736953883787
0.6344,-4.07407844067094,274.387223562635,-270.451591906912,4880.81504365839,146.773053178963
0.6345,-13.9476885028841,279.077258892148,-265.216470299242,4880.67265211336,146.750079742263
0.6346,-23.8843918207351,283.48006042343,-259.684390428094,4880.50973222989,146.762222006156
0.6347,-33.6843681841954,287.494421359463,-253.892313824119,4880.37422366896,146.741710254347
0.6348,-43.4519974576639,291.332394606339,-247.924169268023,4880.21527390496,146.743863891795
0.6349,-53.1478106422334,294.831778639551,-241.668840807411,4880.1144963176,146.751168219494
0.635,-62.8424413166674,298.098808812168,-235.356169669038,4879.99049865396,146.742150109827
0.6351,-72.5473146737165,300.953444254451,-228.570257795346,4879.90792961553,146.719410516565
0.6352,-82.0955547262798,303.796653906218,-221.685704719047,4879.76051315439,146.691933393547
0.6353,-91.5676520028605,306.119133599929,-214.428403227066,4879.67903602658,146.730710859887
0.6354,-100.945320858754,308.089805358453,-207.159101129395,4879.59805638631,146.735542328031
0.6355,-110.205637760263,309.857271226484,-199.495839103643,4879.50243455657,146.731197376253
0.6356,-119.472496108594,311.329347398332,-191.807208385142,4879.42957917075,146.707813512665
0.6357,-128.4297090198,312.482779946604,-183.894010038457,4879.37295066509,146.702597254028
0.6358,-137.429764503905,313.307325703876,-175.676577334806,4879.29332269517,146.711041903668
0.6359,-146.333549110602,313.671295216259,-167.405300904424,4879.25676473132,146.729106186605
0.636,-154.910716378719,313.891928330849,-158.913747753385,4879.24943963509,146.712482852638
0.6361,-163.367440368711,313.691569454823,-150.352131805605,4879.22983941164,146.757596435312
0.6362,-171.78942612598,313.188277665053,-141.496549877937,4879.24573266064,146.702155704336
0.6363,-179.810754272912,312.527747037487,-132.730607446988,4879.17887859812,146.702747689037
0.6364,-187.854979467951,311.675617575357,-123.673855619672,4879.24710815811,146.708898439606
0.6365,-195.732893975204,310.19108370064,-114.539048102999,4879.30686571404,146.741046767892
0.6366,-203.294622121322,308.48902145526,-105.136668361067,4879.29767138583,146.707646970864
0.6367,-210.708978014555,306.512444434839,-95.7854666967463,4879.38173268915,146.70499715935
0.6368,-217.903239866502,304.298256144933,-86.4111088752977,4879.44133864345,146.70593460138
0.6369,-224.893239162051,301.75515454892,-76.7698466500619,4879.50910224848,146.686454860025
0.637,-231.711155714751,298.720778227876,-67.2285361302607,4879.64658969342,146.719999130507
0.6371,-238.159178416071,295.570862709609,-57.5559430811358,4879.81919332198,146.7570824956
0.6372,-244.385200811069,292.137221771649,-47.7273585219685,4879.98325463554,146.704942086944
0.6373,-250.412320899173,288.510209500773,-37.862579107073,4880.11000518845,146.729462129692
0.6374,-256.281213359045,284.442403996396,-28.1346880752718,4880.29710251924,146.741009021765
0.6375,-261.822866487483,280.10632479705,-18.2489694433802,4880.51489841606,146.683704075871
0.6376,-267.040298116495,275.383153868516,-8.3696395685114,4880.71660651611,146.700196095017
0.6377,-272.144353214784,270.628108577813,1.50159409973444,4880.89676477674,146.698389315482
0.6378,-276.807332323627,265.362580131052,11.3973693002858,4881.18428853886,146.700280344411
0.6379,-281.31838153227,260.059378088056,21.3112049166169,4881.45995079876,146.678290127032
0.638,-285.477721947482,254.299268494062,31.2063983590236,4881.76250153896,146.682930865389
0.6381,-289.446027624002,248.568815614669,40.8949363132931,4882.08123512149,146.70469717443
0.6382,-292.999096880426,242.340781998524,50.7718784447595,4882.42221181099,146.684261393133
0.6383,-296.433062618672,236.014129731187,60.4923967101264,4882.801907614,146.678047212585
0.6384,-299.475588451396,229.304279326593,70.2110243912151,4883.22151909743,146.679793408585
0.6385,-302.064650848097,222.455541227328,79.7541686932503,4883.55284244983,146.715982982425
0.6386,-304.539882889775,215.296179268824,89.2581560605507,4884.02325489532,146.687420020734
0.6387,-306.723705911139,208.063897232691,98.6856568627795,4884.44009837439,146.672788450563
0.6388,-308.490071648232,200.583985983964,108.089590858872,4884.88415399389,146.746855462867
0.6389,-310.138564293811,192.830309785852,117.287366644803,4885.3408423059,146.714870916746
0.639,-311.290121223696,185.041272332435,126.305709605994,4885.84519473259,146.694836385884
0.6391,-312.158887509781,176.931512585217,135.369605695463,4886.37954784211,146.658848048687
0.6392,-312.817523274442,168.69788364291,144.133982893134,4886.92704697059,146.672589766058
0.6393,-313.208524985563,160.176523560969,152.846322020711,4887.4855360305,146.675456827026
0.6394,-313.096822546076,151.665835495729,161.432343801295,4888.08914990985,146.689982445489
0.6395,-312.698716700041,142.847716070544,169.750025561334,4888.72003765279,146.69564752845
0.6396,-312.140636195683,134.039314064331,178.060424110301,4889.31392881838,146.682831996275
0.6397,-311.127046756236,125.044915182422,186.120803339931,4889.96692229307,146.660662729798
0.6398,-309.953324101562,115.958443308738,193.950380578044,4890.6363284603,146.677197534847
0.6399,-308.362754598737,106.712623995249,201.710435091021,4891.31079249014,146.664511927573
0.64,-306.454476463118,97.3517920340403,209.129055038844,4892.02163770472,146.631959844543
0.6401,-304.253197428342,87.9348393221894,216.36782168913,4892.74034534418,146.700065148164
0.6402,-301.825957028868,78.3878724041771,223.352565380667,4893.49919506616,146.628500989085
0.6403,-298.94218559627,68.8562120264965,230.162764940498,4894.23331629425,146.681272097225
0.6404,-295.951035039195,59.0520652921191,236.868611112035,4895.04263623736,146.650951141464
0.6405,-292.534600965771,49.3827921283008,243.172831388034,4895.87525227538,146.650637885792
0.6406,-288.904407535288,39.5025336908088,249.283621873208,4896.71173049371,146.647763008298
0.6407,-284.892803336723,29.7054038462845,255.140259508479,4897.53465032606,146.658221956146
0.6408,-280.687722046636,19.8703967966792,260.917230795032,4898.37234741703,146.69317353833
0.6409,-276.189242294656,10.096753604268,266.203039157859,4899.25844132747,146.676511183356
0.641,-271.41718696904,0.0915833057953634,271.242420616515,4900.16977181467,146.684618274368
0.6411,-266.344749389835,-9.74256111523002,276.156668415077,4901.06628446146,146.653527853404
0.6412,-261.101099943886,-19.6582085240581,280.662691956243,4901.98818542132,146.668578446665
0.6413,-255.473442519778,-29.5135928420042,284.922959288438,4902.91101880441,146.614078476145
0.6414,-249.566586819269,-39.3266289551563,288.960490428733,4903.88169059198,146.658485614718
0.6415,-243.462894533138,-49.1126074664225,292.732290015012,4904.85682047269,146.644689509376
0.6416,-237.180499597848,-58.8757584767948,296.150814361534,4905.87096684715,146.646821564089
0.6417,-230.703966720907,-68.5790217009178,299.19861101591,4906.86330139908,146.648377366508
0.6418,-223.900746331498,-78.1902155566538,302.114942784599,4907.88976804778,146.637569644035
0.6419,-216.778291280704,-87.8298654778424,304.450133004175,4908.86694447176,146.645619874095
0.642,-209.622204128671,-97.1194980535176,306.779494169668,4909.95711877776,146.626886519911
0.6421,-202.196425800843,-106.519013810001,308.813279818558,4910.97189651743,146.664827019219
0.6422,-194.542054222376,-115.866369877997,310.426625487085,4912.03960865437,146.638202229526
0.6423,-186.62276528421,-125.029958685127,311.715917963539,4913.13911708689,146.624014400003
0.6424,-178.712384228977,-134.04969099982,312.727325941074,4914.24634724996,146.652885649257
0.6425,-170.466217520396,-142.835787290878,313.383630179245,4915.32475995966,146.619918242312
0.6426,-162.110024119741,-151.635816668061,313.868135430714,4916.42471738241,146.633294665578
0.6427,-153.621540367312,-160.307777873562,313.897561233687,4917.53249783797,146.604196262491
0.6428,-144.929180126096,-168.713489501689,313.589721746279,4918.70419091661,146.618121941719
0.6429,-136.11121066804,-177.055413381309,313.070226107341,4919.7874862383,146.627692490771
0.643,-127.13901888786,-185.094545196664,312.254780850561,4920.9526059441,146.639108195693
0.6431,-117.995731724019,-193.087980024101,310.967169972575,4922.09551211656,146.625196193727
0.6432,-108.796564031318,-200.778803912555,309.638491288055,4923.22174437546,146.623185060205
0.6433,-99.4694322002564,-208.299087350243,307.739819651437,4924.40852727939,146.658146775725
0.6434,-90.0909568103226,-215.613685008076,305.736583792385,4925.5805231865,146.612323225162
0.6435,-80.5354249495954,-222.767909797729,303.364719875462,4926.74724026699,146.623261559313
0.6436,-70.9890189073601,-229.639825747854,300.682176694279,4927.88236879243,146.621418313034
0.6437,-61.3284550447221,-236.352941075589,297.663741096182,4929.04526979696,146.618577925932
0.6438,-51.6771336545229,-242.895029711602,294.49840330668,4930.23996602867,146.627898780111
0.6439,-41.8011171428096,-248.951439702481,290.842708698788,4931.40986625043,146.639795606532
0.644,-32.0688098342448,-254.95599868075,286.952164436947,4932.59495995026,146.577845489757
0.6441,-22.1839052577114,-260.598178820591,282.818995843594,4933.78423283433,146.615848234241
0.6442,-12.2077966261474,-265.989484583352,278.418648464746,4934.94547802703,146.639791062012
0.6443,-2.32972643815818,-271.313138041478,273.72028320715,4936.09115714139,146.571344040165
0.6444,7.54231198979537,-276.240597425737,268.709828413112,4937.24127702737,146.608786482214
0.6445,17.3650064626059,-280.875977483723,263.416037608811,4938.3865840793,146.573562118368
0.6446,27.2722066634501,-285.193474022056,257.97236829014,4939.59570924673,146.577189000869
0.6447,37.1176949549351,-289.327243676067,252.196277500528,4940.70271728811,146.588452550823
0.6448,46.9759322903953,-293.093587559505,246.251169410008,4941.88835973371,146.591846073061
0.6449,56.721447696437,-296.600395028456,240.044452875535,4943.06831771778,146.581781114265
0.645,66.4514544165836,-299.918109268602,233.439780234209,4944.20773297481,146.573481714023
0.6451,76.0676498149041,-302.795533331292,226.760737068143,4945.33009806912,146.621041161244
0.6452,85.6529264328162,-305.443982580286,219.746575951165,4946.45985566259,146.570204018539
0.6453,95.1298024874165,-307.753767517297,212.658805690405,4947.61902318472,146.5839264383
0.6454,104.512571355084,-309.74095860012,205.22720427377,4948.69381460527,146.559269202433
0.6455,113.754587804881,-311.490561999786,197.734129550653,4949.79359948885,146.584336702186
0.6456,122.865625413732,-312.920013069739,189.911282479172,4950.85940875145,146.609655588559
0.6457,132.065365970041,-313.976484711667,181.906510439212,4951.98842042538,146.559079710999
0.6458,141.070240774896,-314.823793929867,173.781249806681,4953.08028900769,146.574754595946
0.6459,149.770221348297,-315.305934551201,165.480126266403,4954.16304604263,146.580370940734
0.646,158.486925685759,-315.519856942677,156.923686095233,4955.18814782249,146.556885962144
0.6461,167.030208612625,-315.248426117317,148.362061205324,4956.2475833085,146.567534934695
0.6462,175.333841913176,-314.8810910912,139.548042903479,4957.24603534525,146.579988260032
0.6463,183.512335487729,-314.11102450565,130.593288362507,4958.27230489504,146.570426008015
0.6464,191.380784477825,-313.073700643493,121.534067837211,4959.24947783821,146.544096875529
0.6465,199.342969694808,-311.782307536491,112.33789533204,4960.31446730077,146.572863325194
0.6466,206.891666825493,-309.972958044105,103.112628027943,4961.23728647356,146.598275651684
0.6467,214.259303973912,-308.038201526104,93.7205668631796,4962.21226450508,146.567819740568
0.6468,221.557634732071,-305.724699866461,84.1788057019097,4963.17901302148,146.550252457344
0.6469,228.47333164767,-303.123482557747,74.6417469911499,4964.10246972132,146.544556524356
0.647,235.191699585193,-300.17208483426,64.9731084449371,4965.04322469143,146.541187648672
0.6471,241.731289202694,-297.11690194585,55.3429879474011,4965.88426331385,146.568307281495
0.6472,248.089866233728,-293.640665214222,45.5185196040618,4966.7808333067,146.551257426111
0.6473,254.036396596316,-289.763578064148,35.6984764602812,4967.60229312128,146.511569401476
0.6474,259.859320077476,-285.752155860018,25.879299672168,4968.45666211701,146.52858254151
0.6475,265.428544303175,-281.350453478291,15.9862360650987,4969.30049067716,146.535432306381
0.6476,270.71727480002,-276.769433666284,6.08345420177391,4970.10730305917,146.533620929171
0.6477,275.745135591782,-271.827833357908,-3.83326531892663,4970.91599934084,146.52068585563
0.6478,280.433221737393,-266.603004686185,-13.6658708809049,4971.64833919739,146.534867426016
0.6479,284.883298130341,-261.236144822208,-23.7165590433385,4972.44718024732,146.575920735617
0.648,289.115608424872,-255.55287842121,-33.4519576522099,4973.14964644565,146.509692727001
0.6481,292.947230804857,-249.578254856479,-43.3054571587207,4973.85450196243,146.552539097394
0.6482,296.518688434803,-243.481178897658,-53.100703983792,4974.58875392341,146.519203669868
0.6483,299.823016027396,-236.990627741255,-62.8269735342398,4975.22422482472,146.553158494914
0.6484,302.920716007436,-230.356745651037,-72.5984829978724,4975.90309193834,146.533855047112
0.6485,305.602328434311,-223.559547917627,-82.0938374425276,4976.52346851993,146.539108694016
0.6486,308.032440507653,-216.478665667192,-91.6442339044562,4977.11760109807,146.551599614107
0.6487,310.145127735522,-209.029984005469,-101.053004865592,4977.71036955377,146.514224132979
0.6488,312.03674892007,-201.523517710227,-110.424991753057,4978.26451018294,146.521164660259
0.6489,313.617048291863,-193.846471468924,-119.61623898156,4978.88681788639,146.529510316308
0.649,314.638956924459,-186.037142690302,-128.801426208277,4979.38290715487,146.535125069781
0.6491,315.600432178416,-177.769277423283,-137.831210129519,4979.88963180649,146.532237087862
0.6492,316.235155238533,-169.599326946583,-146.583664882629,4980.40587697815,146.557707620218
0.6493,316.50259367319,-161.132683533545,-155.286632925556,4980.88048661846,146.513253804162
0.6494,316.350106503633,-152.539984009988,-163.890329903378,4981.29161242898,146.513596813882
0.6495,315.973384583077,-143.849165625911,-172.231902163767,4981.74481744511,146.533549702877
0.6496,315.521878150471,-134.87515850492,-180.497917579389,4982.14304512453,146.518430185409
0.6497,314.474118740517,-125.841497565508,-188.646019423938,4982.54105441438,146.505356824495
0.6498,313.141908944401,-116.717485099015,-196.466812251437,4982.90158462782,146.519545814362
0.6499,311.502066356081,-107.508930881532,-204.086373076093,4983.23028077323,146.538260684747
0.65,309.671066686576,-98.1615262658229,-211.531457025651,4983.59382318671,146.47616302642
0.6501,307.454240282304,-88.740189519342,-218.73472055345,4983.88410576306,146.504568731204
0.6502,305.000246348833,-79.1863612319244,-225.948666345165,4984.21660920918,146.518609829679
0.6503,302.209825143982,-69.5047243187285,-232.551762762976,4984.45394219544,146.528212313152
0.6504,299.018447321285,-59.7614479365564,-239.34592475443,4984.69732389248,146.50232702506
0.6505,295.649256765947,-49.9923798744541,-245.683255554512,4984.9549218598,146.472822871272
0.6506,292.052783362343,-40.1576591237924,-251.82624431993,4985.13257030193,146.505424802488
0.6507,288.068205401088,-30.3309627194253,-257.734795231915,4985.34982046328,146.497312698814
0.6508,283.861896988369,-20.5725150795756,-263.322930811911,4985.51794131879,146.482363035418
0.6509,279.221893291561,-10.5936067328327,-268.683487546568,4985.6514438389,146.471072085256
0.651,274.414586918294,-0.701672714409251,-273.754097536507,4985.808651077,146.457946780354
0.6511,269.418598321064,9.16805235106226,-278.522909997946,4985.95996091279,146.479934580632
0.6512,264.015692919744,19.0660868368716,-283.084617588438,4986.02747533237,146.523226312889
0.6513,258.364276941794,29.0258497807654,-287.338304553381,4986.12260451215,146.518908043565
0.6514,252.564927859478,38.8375038941391,-291.418692067689,4986.22602062528,146.467816712111
0.6515,246.399750863285,48.6238914610394,-295.195531120414,4986.26965877824,146.515664567589
0.6516,240.051678303001,58.3454801920882,-298.525316079558,4986.33424763983,146.462551466314
0.6517,233.455077684781,68.0720047773132,-301.665948611678,4986.34510578316,146.474590501056
0.6518,226.735428945341,77.8114961579241,-304.43541829458,4986.36414297725,146.493266095865
0.6519,219.688731101632,87.3158914465634,-307.080310373824,4986.38078774398,146.471572433186
0.652,212.46423294366,96.7884764108502,-309.198603036802,4986.33644992194,146.465261411784
0.6521,205.000546886898,106.223641095142,-311.179049566219,4986.35528000518,146.459939647253
0.6522,197.382920604561,115.514179599661,-312.736953032401,4986.3122202734,146.46825912192
0.6523,189.460152103673,124.575580878332,-314.099531368373,4986.2287736679,146.473282791141
0.6524,181.358998469214,133.659916709235,-315.089814565916,4986.19379810407,146.503855393791
0.6525,173.140000859513,142.617594694206,-315.716868512095,4986.16489007278,146.449405420435
0.6526,164.713971334621,151.311919077779,-316.12465419117,4986.05332607661,146.448891543007
0.6527,156.250777161658,159.932328807341,-316.176545675926,4986.00084936766,146.44772736219
0.6528,147.536080855965,168.371786968861,-315.881956720935,4985.88628042342,146.441426814984
0.6529,138.735147850959,176.79724042247,-315.440325913634,4985.74246146438,146.453664884033
0.653,129.686756642337,184.765111519887,-314.505547152342,4985.59583121385,146.448177408491
0.6531,120.517407868732,192.698131050072,-313.280803659723,4985.50814615263,146.44988777805
0.6532,111.254496419878,200.468617197853,-311.711442191206,4985.38352389202,146.459372943093
0.6533,101.970578315071,207.977448452304,-309.989590720808,4985.27952141378,146.432809639425
0.6534,92.5571516463996,215.43726318349,-307.860960042066,4985.1105001533,146.455727874492
0.6535,82.9749541435008,222.46950484208,-305.579242814651,4984.96079125345,146.435745414181
0.6536,73.4583043760439,229.420766218586,-302.827267021537,4984.78703116022,146.443464398679
0.6537,63.7015471560928,236.10514813323,-299.810945697579,4984.64545976968,146.452772076628
0.6538,54.0300156765067,242.538665351888,-296.494985133854,4984.50092126596,146.499624037185
0.6539,44.226905850014,248.71279891382,-292.947747917547,4984.34042560821,146.444605247656
0.654,34.2657089948189,254.70511085849,-289.169766228285,4984.19337209127,146.382596818318
0.6541,24.5235812303165,260.401825281946,-284.856311101945,4984.0262520792,146.432153028317
0.6542,14.5028461155749,265.847571996924,-280.383701661966,4983.80156420135,146.444311668091
0.6543,4.63264698526192,271.040271689545,-275.67055838124,4983.63417344882,146.494666781582
0.6544,-5.33040560300825,275.926737738399,-270.742773306448,4983.46029596641,146.456964161736
0.6545,-15.1729629572975,280.668106124955,-265.475115049239,4983.32547360954,146.460129983586
0.6546,-25.0745494708482,285.017679730685,-259.955794305773,4983.14762021854,146.449072285213
0.6547,-34.9479276090462,289.07236408293,-254.183825921757,4982.9613878769,146.433323480403
0.6548,-44.8004145409733,292.837722672436,-248.148973816077,4982.78565154655,146.433764023768
0.6549,-54.5741542705163,296.432013291094,-241.934114090424,4982.61658232802,146.437001570252
0.655,-64.4100246849279,299.634734103765,-235.342027803403,4982.46189564176,146.459890377587
0.6551,-73.9658142186062,302.483126534077,-228.548475250776,4982.28485725872,146.441201729306
0.6552,-83.6458925197926,305.219045783469,-221.665634708583,4982.15181014104,146.416845009249
0.6553,-93.0943467874354,307.456066150053,-214.368532725968,4982.03230694854,146.450038140649
0.6554,-102.55229866134,309.517068222068,-207.066696472008,4981.91789541842,146.456054755191
0.6555,-111.856616216662,311.21863079019,-199.44177261938,4981.75169186059,146.485741006702
0.6556,-121.070130829232,312.681894128386,-191.663560118969,4981.60856485393,146.420828581879
0.6557,-130.17496265611,313.721812180631,-183.650967688307,4981.48760826784,146.423970810349
0.6558,-139.05889892343,314.565738393102,-175.41307699359,4981.40662893693,146.435773913064
0.6559,-147.94344231732,315.033788706626,-167.099440476391,4981.2885153075,146.463877895029
0.656,-156.618332945036,315.168823521378,-158.562874870215,4981.15970539567,146.438889519302
0.6561,-165.135671401697,314.989938608025,-149.942162382804,4981.08706823958,146.4427464296
0.6562,-173.402268410019,314.524591133903,-141.107042922156,4981.02527705111,146.428881973531
0.6563,-181.604267905198,313.821541552554,-132.118616367776,4980.96357731844,146.401024742094
0.6564,-189.551222898689,312.742908424812,-123.107389670066,4980.88368401374,146.417051571214
0.6565,-197.454090805022,311.302731455312,-113.880478353286,4980.81367539549,146.391637524691
0.6566,-205.081245298063,309.599100300103,-104.556382615524,4980.83922680079,146.426788893561
0.6567,-212.466297520722,307.62514882098,-95.1730365280561,4980.7960781463,146.407540028428
0.6568,-219.718929598681,305.275093909241,-85.5358697483753,4980.80237786356,146.391584203597
0.6569,-226.683101120253,302.761876174076,-76.0524624309749,4980.78899136094,146.371605246102
0.657,-233.475703351418,299.715215174295,-66.3311809276974,4980.823493478,146.389624394224
0.6571,-239.980107837428,296.462946803663,-56.571486007165,4980.81402577533,146.369100363081
0.6572,-246.265287703638,293.156771266331,-46.8692378959982,4980.88367234692,146.365528038935
0.6573,-252.326656374485,289.326670548688,-37.0513902231977,4980.94837179918,146.40976302568
0.6574,-258.115163916192,285.240445664938,-27.2337394487474,4980.98286327825,146.354348975035
0.6575,-263.65296903573,280.797891252394,-17.1548792067406,4981.07171644354,146.413960186727
0.6576,-268.927853952506,276.250759373421,-7.29987947537329,4981.17200483184,146.429126843552
0.6577,-273.942768366564,271.265453900246,2.63279341880156,4981.29084898934,146.38676576647
0.6578,-278.639231744977,266.133211030795,12.4911652063012,4981.38186952832,146.376179519603
0.6579,-283.099603765194,260.622053056427,22.4998722845752,4981.55130656208,146.367073575975
0.658,-287.316489080233,254.910907337609,32.2537581880022,4981.73715895075,146.396829215589
0.6581,-291.24410985266,249.066914271783,42.2701427784596,4981.92734464407,146.375015123564
0.6582,-294.772478916011,242.767933703247,52.0545344498217,4982.09964027406,146.362534142631
0.6583,-298.126914653716,236.377251952458,61.7676882196225,4982.29658638999,146.404836969685
0.6584,-301.197511341187,229.661718273323,71.4461854826552,4982.49779618076,146.369295761962
0.6585,-303.962504917451,222.787018883802,81.1317652205537,4982.72638010717,146.339684752689
0.6586,-306.359553231443,215.705672642593,90.6481602117325,4983.04259959628,146.401671660589
0.6587,-308.479635698687,208.43288800033,100.185840190628,4983.3059978652,146.383289830545
0.6588,-310.277707246475,200.798772249362,109.46577951629,4983.5793113917,146.398469874615
0.6589,-311.722109103525,193.066528507225,118.71908965929,4983.9078194669,146.353035432079
0.659,-312.933374171033,185.101141928484,127.86617286856,4984.22925998104,146.35922161568
0.6591,-313.86110261592,176.960604441537,136.896460546418,4984.54202083257,146.403191578669
0.6592,-314.398175286275,168.697015260094,145.748718683259,4984.89820547297,146.366516401689
0.6593,-314.690646042561,160.195021584285,154.433380627348,4985.28170261424,146.358450842996
0.6594,-314.6773246215,151.581500522468,163.024086740459,4985.68521745652,146.367453277133
0.6595,-314.283948199039,142.906215279372,171.381699498593,4986.08931580198,146.330754295144
0.6596,-313.649700423319,133.920460518418,179.751051785933,4986.51138270745,146.378350909842
0.6597,-312.58596027416,124.832762433989,187.739737505804,4986.92699464954,146.336901519767
0.6598,-311.36619823074,115.747930669435,195.754286048358,4987.4240795542,146.397489329929
0.6599,-309.746496390994,106.489345676736,203.35865675383,4987.83790411587,146.378116680207
0.66,-307.832589291934,97.0061169611408,210.837731820662,4988.3380922846,146.338761461536
0.6601,-305.67195831602,87.5109259722869,218.171474601939,4988.88074619501,146.370566391565
0.6602,-303.104877332621,77.9743533364785,225.111982136934,4989.3791441662,146.333831840624
0.6603,-300.267620061738,68.2973503387482,231.979810628279,4989.93205742873,146.323231487214
0.6604,-297.272687286272,58.6734449014224,238.624158808938,4990.48328005989,146.374440222354
0.6605,-293.894405864728,48.8180939757044,245.032482997137,4991.03654413733,146.323882233019
0.6606,-290.009584530679,38.9406265358118,251.157416614067,4991.62185975218,146.35060872122
0.6607,-286.082884599107,29.1759307059392,256.868958003175,4992.25609549267,146.334746357119
0.6608,-281.82556493464,19.2214929898243,262.617563350692,4992.87388490351,146.346089154261
0.6609,-277.304592858392,9.31837214543059,268.032668248048,4993.46628645318,146.312175978188
0.661,-272.49087240215,-0.681967892183431,273.10280916002,4994.11539669012,146.362620303378
0.6611,-267.350940513673,-10.5133377088871,277.911453951932,4994.75715831927,146.342977169705
0.6612,-262.075706692657,-20.5721485607046,282.525968484149,4995.4428663972,146.321837020624
0.6613,-256.419732237072,-30.3496554837749,286.816238923478,4996.12658957224,146.321618403692
0.6614,-250.36359554682,-40.359024707031,290.681373928327,4996.80392981059,146.345779346208
0.6615,-244.313893368751,-50.0374880030713,294.465582286461,4997.50561242232,146.34768594422
0.6616,-238.110445256847,-59.9579433202767,297.949098869868,4998.21435631914,146.368222172515
0.6617,-231.414843844,-69.6162744403761,301.032083921835,4998.96820805335,146.342062295983
0.6618,-224.54132969346,-79.2791222309124,303.774272683874,4999.6946873279,146.308752901589
0.6619,-217.498681197228,-88.9113635661114,306.405501547779,5000.45879972342,146.338819993131
0.662,-210.178858116532,-98.4576307181488,308.544219008063,5001.19087938773,146.285214619498
0.6621,-202.820467613866,-107.782773827925,310.514999011008,5001.97776069814,146.330906747604
0.6622,-195.088542369012,-117.089638909964,312.004160599164,5002.75535214358,146.289943627348
0.6623,-187.190533599391,-126.23276581093,313.373544695833,5003.55400594207,146.303443924124
0.6624,-179.068897198367,-135.316263428967,314.449100501159,5004.37669909715,146.310107194844
0.6625,-170.873298037594,-144.247574240575,315.089580645403,5005.16983489949,146.282082894314
0.6626,-162.482733643108,-152.946958992066,315.475460271036,5005.9999543081,146.328906237951
0.6627,-153.896390668215,-161.703347230601,315.433952385509,5006.80982930048,146.276593291436
0.6628,-145.199426319124,-170.080171749493,315.348414698062,5007.58481373026,146.324934012317
0.6629,-136.279450420047,-178.440107911699,314.753356408298,5008.44187642977,146.277158646075
0.663,-127.345463089941,-186.59034348218,313.864926399236,5009.31819784407,146.297774704349
0.6631,-118.087592662143,-194.465174875287,312.626300671775,5010.10261617719,146.322326964149
0.6632,-108.944677433021,-202.405731783475,311.125434562511,5010.96769133393,146.31286849207
0.6633,-99.4725162082645,-209.899942989774,309.241358592087,5011.84452363004,146.291454431679
0.6634,-89.9840222090516,-217.217145161711,307.313870643826,5012.72773195665,146.335589123541
0.6635,-80.5142935679453,-224.312667602255,304.807022391753,5013.54205818355,146.297158312471
0.6636,-70.8830936833032,-231.214338205559,302.113411445527,5014.37917684973,146.301193190729
0.6637,-61.1066878494589,-237.966938034186,299.10123472102,5015.24768580203,146.332957860217
0.6638,-51.2828211723083,-244.438109436205,295.723207668977,5016.11913948078,146.302533835908
0.6639,-41.4875695095824,-250.621915622106,292.207860826914,5017.0194858497,146.335061353131
0.664,-31.7320670984268,-256.489332466511,288.164007864493,5017.84014864147,146.328491080238
0.6641,-21.7247619823185,-262.298166213168,284.055878013838,5018.73094375672,146.255849942669
0.6642,-11.8087386293041,-267.63839844748,279.669572664607,5019.57891267651,146.293517445095
0.6643,-1.93029156524569,-272.905355608764,274.82707291862,5020.40318740949,146.289138759957
0.6644,8.09178908938652,-277.828016652453,269.887027201307,5021.2826336303,146.255956164444
0.6645,18.0161516094457,-282.511029103675,264.554064444196,5022.12020905986,146.30440241672
0.6646,27.91740479873,-286.931502125799,258.904462106779,5022.95044593541,146.279034260947
0.6647,37.7473124808582,-291.024730592685,253.264433769485,5023.80283533087,146.272803780714
0.6648,47.6095046403666,-294.826569844087,247.082934405193,5024.67052957455,146.275745872297
0.6649,57.4894375878709,-298.244967640508,240.914712060118,5025.5076826203,146.318846359815
0.665,67.2124297816959,-301.462638583007,234.28948233525,5026.31754232099,146.244281319207
0.6651,76.9809182981998,-304.427581267397,227.506395712175,5027.14631594213,146.274636570989
0.6652,86.476745864301,-307.085278212803,220.542609156317,5027.98857783501,146.259177004704
0.6653,96.0702279040829,-309.397788332162,213.296555371396,5028.77641602656,146.236086873209
0.6654,105.567416665288,-311.401758037545,205.957057116328,5029.65083827627,146.284648967395
0.6655,114.856440702054,-313.187358962511,198.258041578526,5030.42018622026,146.267281596632
0.6656,124.058355143999,-314.505889409676,190.414301611229,5031.21735662107,146.259542642103
0.6657,133.220780230156,-315.684184396306,182.467119466103,5032.03451268961,146.25613078992
0.6658,142.094850301538,-316.46611989551,174.235876053087,5032.80075624568,146.241392485282
0.6659,151.054376268607,-316.938372375851,165.864492395089,5033.51005528496,146.277246020632
0.666,159.747631063113,-317.169403062011,157.346619851168,5034.2934764321,146.273648448061
0.6661,168.296372391064,-316.941708455851,148.653529287176,5035.0267895835,146.276433020101
0.6662,176.681631663111,-316.421816696832,139.763046012607,5035.739260842,146.259923619019
0.6663,184.75443621066,-315.606054216454,130.902318127854,5036.47492851707,146.268841319693
0.6664,192.845571333313,-314.494145992232,121.788093906204,5037.20936700225,146.282268463057
0.6665,200.666232662533,-313.28761939827,112.514908992542,5037.84788273511,146.241704633455
0.6666,208.328740878831,-311.41062449125,103.186258799679,5038.5787751295,146.257091317768
0.6667,215.685860554292,-309.362180135356,93.7121279545201,5039.20717959455,146.255616648531
0.6668,222.905343730542,-306.996074792703,84.0810416265152,5039.9091791046,146.25005008623
0.6669,229.852654991774,-304.448142558556,74.4295947774332,5040.57097015097,146.23046664631
0.667,236.664314590606,-301.551413457709,64.8446782774873,5041.16183459239,146.273544763977
0.6671,243.260824047092,-298.439756081731,55.0648118877213,5041.76758231277,146.228781905586
0.6672,249.622356587398,-294.835886455084,45.2459930093325,5042.36025589604,146.247921380164
0.6673,255.622884954983,-291.122738352394,35.4015055560398,5042.96602199186,146.226926346048
0.6674,261.48686893488,-286.988347700207,25.5717531180676,5043.52290451183,146.226477130635
0.6675,266.920032998055,-282.53012637799,15.5659574849177,5044.08813961829,146.263001841262
0.6676,272.13267558416,-277.984672893339,5.55680693362268,5044.60811549547,146.21257724274
0.6677,277.329062416851,-272.884439664801,-4.35071326805502,5045.12326152463,146.225183339789
0.6678,282.086816953587,-267.799155197593,-14.1958863066215,5045.61680628152,146.216882269576
0.6679,286.514988391129,-262.238532179173,-24.2836337908215,5046.08293737414,146.224744931014
0.668,290.765294835975,-256.546597066501,-34.177325444976,5046.54019601713,146.21017227441
0.6681,294.654386768286,-250.603661006638,-44.1298880176243,5047.03191354119,146.244686459106
0.6682,298.176354737682,-244.380703819973,-53.9243563038455,5047.48368156706,146.186567223734
0.6683,301.509352850161,-237.911801559958,-63.6165095186702,5047.91926043724,146.184592043077
0.6684,304.568495442167,-231.252476304797,-73.4276833484166,5048.30282971176,146.226794684898
0.6685,307.341607783226,-224.282700981622,-83.0975225501551,5048.6871339449,146.216513410567
0.6686,309.66301922331,-217.209024447446,-92.50222417574,5049.01775293557,146.225464980518
0.6687,311.823620598907,-209.756504608559,-102.028358553007,5049.39207844086,146.205949869091
0.6688,313.609451027814,-202.196702944426,-111.511824340335,5049.70517447012,146.222608418348
0.6689,315.169949201454,-194.43082137628,-120.727930642389,5050.03289681769,146.259760980094
0.669,316.366203315997,-186.501855809691,-129.915202985147,5050.32923164895,146.212921982559
0.6691,317.291344939626,-178.364675362369,-139.043678663725,5050.56279229518,146.174448064872
0.6692,317.870637548466,-169.95569051237,-147.785651837585,5050.81024035154,146.193359615246
0.6693,317.972428234163,-161.517708815989,-156.62369331833,5051.0622981013,146.193740795387
0.6694,318.038728288214,-152.779574529375,-165.13728318291,5051.31007980329,146.200785547626
0.6695,317.690623762566,-144.035021475617,-173.587246513105,5051.48183689414,146.238794309433
0.6696,316.913868678681,-134.999560371875,-181.926421238873,5051.66142461268,146.205741523552
0.6697,316.001535717485,-126.054246608048,-189.839777221169,5051.84115063081,146.199917475712
0.6698,314.712231713218,-116.894008528608,-197.872053490701,5051.9942335734,146.195923580641
0.6699,313.134657291467,-107.423151777787,-205.566124763806,5052.10276182838,146.165735283288
0.67,311.15287677364,-98.1816202809397,-213.073248989969,5052.22538919023,146.209058416888
0.6701,308.954218880401,-88.521284677532,-220.419604517155,5052.31924661914,146.215530834811
0.6702,306.352857526998,-78.9529638721462,-227.36985274078,5052.42790747653,146.231442903135
0.6703,303.598362626737,-69.3064377172161,-234.311936595122,5052.44198510832,146.19029758673
0.6704,300.496933879018,-59.554362978309,-240.942377171862,5052.47035673883,146.179560928842
0.6705,297.039383411189,-49.7710566079045,-247.308006050535,5052.51346491214,146.136724179144
0.6706,293.335484398021,-39.7751636627451,-253.426485293314,5052.5388047183,146.18974653675
0.6707,289.379273668476,-30.0962201186978,-259.327500978744,5052.53841593523,146.152900097132
0.6708,284.886292413144,-19.9894766780568,-264.99937688267,5052.47653740231,146.176687800191
0.6709,280.555187697871,-10.0302126723414,-270.435280200104,5052.49024261261,146.167037126595
0.671,275.648788278912,0.0179512061461289,-275.460558000296,5052.39107246548,146.165320563632
0.6711,270.562950403576,9.89756407784614,-280.377227253841,5052.31212820223,146.157944883324
0.6712,265.155707711569,19.6940685016856,-284.981081593587,5052.21275104732,146.172419739174
0.6713,259.470319447279,29.7571445834302,-289.231854572646,5052.11647910286,146.159298332757
0.6714,253.516548791351,39.6577341936595,-293.23475739679,5051.98332456107,146.180870215133
0.6715,247.418624899793,49.527499570816,-296.971565567413,5051.92365567473,146.174672572786
0.6716,240.947542910972,59.4019670923968,-300.350196850326,5051.72873599577,146.150325949444
0.6717,234.423228300201,69.0661175472917,-303.48537332734,5051.57301346963,146.157136882122
0.6718,227.626145657721,78.8072642775692,-306.309151616322,5051.37297593129,146.18002147112
0.6719,220.456172773336,88.3715598391304,-308.890602940191,5051.23406391463,146.172856893478
0.672,213.069310813897,97.9572064394293,-311.054378018728,5051.01331074428,146.153180669968
0.6721,205.626271007402,107.36560637757,-312.996310183731,5050.84662303524,146.146427223852
0.6722,197.897411534387,116.641257549288,-314.532937908714,5050.59588289093,146.199240119789
0.6723,190.001867483341,125.994630878503,-315.930973733802,5050.34386324098,146.175889768102
0.6724,181.920302576733,134.98903298785,-316.938281799282,5050.10558348007,146.186962605794
0.6725,173.696508955639,143.961338174143,-317.56605814887,5049.84883447408,146.17736131185
0.6726,165.198016683985,152.72614959806,-317.91873048305,5049.60541658746,146.143842289859
0.6727,156.555607027811,161.429185973988,-317.966342512089,5049.30731506688,146.166419706429
0.6728,147.870877767662,169.867465134008,-317.735901879799,5049.02626792393,146.143894445764
0.6729,138.919517304045,178.304405866654,-317.167765826986,5048.7426846109,146.156647616404
0.673,129.909433196831,186.414615901357,-316.319941127927,5048.426607708,146.139130560446
0.6731,120.673896069225,194.373102586732,-315.087977726045,5048.12636796613,146.144497434769
0.6732,111.445208239012,202.149525489,-313.588018906631,5047.81761843373,146.138241231959
0.6733,101.962443084604,209.665935965663,-311.797936396755,5047.5086470228,146.12807686306
0.6734,92.4962519044579,217.124945219567,-309.522913472918,5047.17927880917,146.130233914392
0.6735,82.8642306335197,224.34323342439,-307.221470330426,5046.84471488723,146.156433579887
0.6736,73.2803055959193,231.177605846355,-304.491150850481,5046.48557629176,146.139045802275
0.6737,63.4294544014882,237.930524431448,-301.46946936332,5046.15111882938,146.11303228415
0.6738,53.6841657594731,244.333161887478,-298.111897942132,5045.7925818555,146.112566766629
0.6739,43.8714516012743,250.629856263443,-294.409291130303,5045.45584887692,146.090729438876
0.674,33.8821332367006,256.544831472641,-290.482345298123,5045.0915461978,146.129771945583
0.6741,23.9823205556657,262.433469724608,-286.402451072611,5044.73575651136,146.114104945668
0.6742,13.9818176702733,267.813542604648,-281.861123829862,5044.38065173638,146.144227574764
0.6743,4.08093460768842,273.015117576194,-277.132783089694,5044.03860793991,146.135874604392
0.6744,-5.87649257214957,278.006521951118,-272.073090337712,5043.6571142626,146.098598215891
0.6745,-15.9644961371738,282.652259770633,-266.824186247171,5043.25341098093,146.1359644428
0.6746,-25.7755724775862,287.01975714671,-261.122200965759,5042.90936222322,146.107382017646
0.6747,-35.7485085866016,291.263860791738,-255.348037377728,5042.53962818923,146.109581795527
0.6748,-45.6267386152222,294.931991545992,-249.385904508782,5042.17388759339,146.104571210548
0.6749,-55.4515531187986,298.447593037556,-243.01798263301,5041.80092971619,146.138954758884
0.675,-65.3477632489015,301.710418337643,-236.50199600737,5041.4415609672,146.119044857475
0.6751,-74.984107960072,304.573188665824,-229.688979630848,5041.04669221241,146.119915587319
0.6752,-84.7342198018039,307.410672933841,-222.598295969971,5040.74237343999,146.101057134225
0.6753,-94.1620018155401,309.70928899196,-215.409588458519,5040.39171911193,146.109413589586
0.6754,-103.772111416767,311.639473071472,-208.002283136422,5040.03806422752,146.132050877166
0.6755,-113.065674267059,313.355570948341,-200.316435034868,5039.65540060883,146.10432348061
0.6756,-122.266572594776,314.739488258564,-192.492440341627,5039.3352845439,146.07270596714
0.6757,-131.475986830988,315.842422068079,-184.481728331363,5038.96750224539,146.089475721589
0.6758,-140.488280044407,316.66240621919,-176.199244907313,5038.66644047793,146.071555695457
0.6759,-149.31249254135,317.18568869174,-167.754565399836,5038.28738060633,146.089496641727
0.676,-158.040944265615,317.318844090101,-159.231594260378,5037.98420342527,146.099786730753
0.6761,-166.638706761809,317.153130293158,-150.584878361961,5037.66690269206,146.093367562915
0.6762,-175.023915742172,316.709483680689,-141.685319333464,5037.33682411564,146.093731848946
0.6763,-183.298719537661,315.885624744333,-132.657460106613,5037.0520559152,146.099116619099
0.6764,-191.338926571155,314.833237084542,-123.538135215609,5036.75502692589,146.077803667675
0.6765,-199.227318401552,313.489926636848,-114.192086327945,5036.49263430447,146.106869679171
0.6766,-206.816136745697,311.699707585571,-104.85101556186,5036.23989666892,146.110736298842
0.6767,-214.223721661244,309.71638951007,-95.3352233676511,5035.91307281523,146.102448440187
0.6768,-221.573279917243,307.35874008301,-85.8501268328708,5035.64385004079,146.088146124502
0.6769,-228.577441922548,304.74327830456,-76.1915807223137,5035.38468103257,146.062651818759
0.677,-235.289868089376,301.777156522168,-66.4518498435733,5035.16238504425,146.065128602581
0.6771,-241.915682879757,298.5873448382,-56.5824802057346,5034.91515193333,146.10615555094
0.6772,-248.314534601343,295.070510721818,-46.8312132302761,5034.69938469772,146.051305720517
0.6773,-254.385449646571,291.24661668146,-36.9301322708148,5034.46748048061,146.050122315836
0.6774,-260.112139285589,287.066580779142,-27.0026765174349,5034.31047071461,146.068070580052
0.6775,-265.697325508944,282.751951451664,-16.9407777754537,5034.12331408215,146.078941074637
0.6776,-270.975897749553,277.978654047204,-7.11528263015637,5033.92983095803,146.052441207307
0.6777,-276.097284030027,273.125088731804,3.0116831015268,5033.72699954617,146.060315914012
0.6778,-280.808610400395,267.990864568174,13.032624384993,5033.5692989642,146.108009531596
0.6779,-285.359001934416,262.35928303395,22.9144939599649,5033.46834821541,146.083109054532
0.678,-289.51059137306,256.553185910643,32.8733180716548,5033.28499791752,146.019694872744
0.6781,-293.441446947735,250.629253895761,42.7551269811882,5033.22977035962,146.060820790523
0.6782,-297.149926929836,244.479076241088,52.650623766502,5033.0836555358,146.046899219143
0.6783,-300.419060380368,237.939461130155,62.5159942447847,5032.98153276359,146.06787813407
0.6784,-303.488821301247,231.225738136428,72.196354180069,5032.86483333097,146.044337199548
0.6785,-306.167843343638,224.352918148426,81.9045696069562,5032.78613675264,146.038459119037
0.6786,-308.718546237538,217.110413023106,91.6317927638059,5032.75572276454,146.040665643173
0.6787,-310.688222185582,209.703960307144,101.135217645852,5032.70956862927,146.064401452159
0.6788,-312.608642068874,202.092810947206,110.471044988408,5032.69977681999,146.049061986272
0.6789,-314.047247045149,194.391025496014,119.923666754029,5032.68880848405,146.060361310126
0.679,-315.29118751744,186.288949743828,129.02410928526,5032.67134800221,146.026976761112
0.6791,-316.216512469504,178.1644206085,138.091089363797,5032.66724532195,146.037575241181
0.6792,-316.827823095857,169.735834814836,146.922382569241,5032.72387248798,146.032106440353
0.6793,-317.033672907277,161.233498751338,155.734078890575,5032.7234964288,146.015225224674
0.6794,-317.037629298195,152.653143341402,164.356875601152,5032.82715169659,146.005941567723
0.6795,-316.679628986644,143.728002026809,172.876319825267,5032.81490186807,146.050768725046
0.6796,-316.077016197619,134.861743952515,181.161718578842,5032.8959972339,146.012620420315
0.6797,-314.986822333853,125.717416957037,189.310694834991,5033.01819914105,146.03415557848
0.6798,-313.697756391836,116.490360247178,197.203391259701,5033.12293415953,146.014942903568
0.6799,-312.192650416098,107.121915905902,204.886870578715,5033.23447842043,145.973495692045
0.68,-310.174832170594,97.6900781811644,212.453913858863,5033.36131604521,146.021026475611
0.6801,-307.981485226437,88.0768922677379,219.925504934755,5033.46775233326,146.026560304537
0.6802,-305.384282484291,78.5319764783696,226.960207038944,5033.71008689424,146.007850850009
0.6803,-302.55930738992,68.7534043027339,233.843730192431,5033.82783846901,146.007221229672
0.6804,-299.44032448814,58.9127736851435,240.410449919214,5033.99574647921,146.015616674701
0.6805,-296.024058546516,49.1356060144507,246.891525535146,5034.21204524142,146.017546413148
0.6806,-292.346069007636,39.2644988499409,252.939730219297,5034.3920610766,145.990455828747
0.6807,-288.312147989749,29.3347182768924,258.945345270567,5034.59707272977,146.008311322714
0.6808,-283.877567923294,19.3679005168033,264.646392715429,5034.84078605747,146.012192172105
0.6809,-279.385385767118,9.2899998596105,270.066516869386,5035.0635673059,146.025395241047
0.681,-274.489945653903,-0.673256550399797,275.187059193168,5035.31171797807,146.035817834778
0.6811,-269.384964039762,-10.639779999427,280.007488208605,5035.56656811716,146.032910861072
0.6812,-264.056329172868,-20.6449415933762,284.68304689406,5035.88950005152,146.027756827372
0.6813,-258.361727681902,-30.5463356791231,288.92197125056,5036.14249620464,145.988768340797
0.6814,-252.418730398153,-40.5448735193991,292.964351809361,5036.3939195019,145.994124592107
0.6815,-246.230070192398,-50.4255821786709,296.659635037121,5036.7244195632,146.00946060516
0.6816,-239.799573413932,-60.3108934616029,300.140387675344,5037.03104075197,146.00228740612
0.6817,-233.201170765333,-70.0826440319226,303.285665283646,5037.37141808278,145.980509306731
0.6818,-226.339376799463,-79.7560102523862,306.118858594718,5037.69067224944,145.983620000067
0.6819,-219.212080484714,-89.4478088144456,308.713001495875,5037.98041462338,146.003718075076
0.682,-211.928217195522,-99.0350501350506,310.91960278918,5038.35175831998,145.952889405252
0.6821,-204.374754559134,-108.398911797233,312.809635826723,5038.74193442825,146.007847954607
0.6822,-196.666913116512,-117.806063127455,314.457876729851,5039.07431984132,145.960367082248
0.6823,-188.63925797196,-127.105983840586,315.759438001004,5039.41974271376,145.958014677001
0.6824,-180.562261771432,-136.335952566746,316.876194902568,5039.8192930645,145.972006357037
0.6825,-172.310735293444,-145.212320436677,317.480096716632,5040.17832083237,146.007414771612
0.6826,-163.763920578247,-154.054765348725,317.853179961776,5040.53756055657,145.972739839452
0.6827,-155.21460894549,-162.681055090891,317.878814047153,5040.97764685769,145.998496910245
0.6828,-146.432287594915,-171.22089792848,317.670998878173,5041.33750531217,145.962809911129
0.6829,-137.523392073375,-179.649999173814,317.060262111125,5041.75629753282,145.974347198401
0.683,-128.317017533722,-187.771336092497,316.15932031876,5042.21518935834,145.951166396125
0.6831,-119.091407788102,-195.888376320239,315.034511773871,5042.56978459185,145.985922207304
0.6832,-109.799975860293,-203.586646625217,313.561631571729,5042.98789495927,145.947502452139
0.6833,-100.384949667838,-211.240407095537,311.665648888067,5043.37591248064,145.94313077075
0.6834,-90.8240712137467,-218.794107778082,309.551630981644,5043.81783395945,145.941133388663
0.6835,-81.2472400759983,-225.890558655656,307.113655275879,5044.24850361232,145.956076870092
0.6836,-71.5738703324155,-232.944320252423,304.437663115112,5044.68394072781,145.951156509356
0.6837,-61.7638896670414,-239.568415261807,301.317541498368,5045.0899637021,145.974799331836
0.6838,-51.8861007813649,-246.044170022484,297.932824377929,5045.52819665627,146.000086310147
0.6839,-42.0387954523508,-252.260856864942,294.336732728673,5045.94458317722,145.939325454836
0.684,-32.0994037843175,-258.394974503897,290.50175687321,5046.33093336912,145.953722425411
0.6841,-22.1759870395678,-264.006189304043,286.273505314594,5046.79234893142,146.010625764947
0.6842,-12.194278202827,-269.632478808585,281.756666976357,5047.18471463931,145.927582982657
0.6843,-2.24619636702182,-274.806967246835,276.945841245683,5047.59312229133,145.956255298482
0.6844,7.82960738307579,-279.816178384989,271.922856432977,5048.0425673277,145.956439151469
0.6845,17.8347177692833,-284.492743366031,266.647568884404,5048.46900699808,145.908387385324
0.6846,27.7926537380254,-288.931294554675,261.073996863327,5048.8706787169,145.930785584512
0.6847,37.9194354621166,-293.031308048893,255.251020375112,5049.29797811878,145.924926510794
0.6848,47.6671469274797,-296.851556863498,249.042750424433,5049.70278231655,145.918722709717
0.6849,57.6064624417262,-300.490725183215,242.692852321289,5050.12857522451,145.963456846994
0.685,67.4811902696522,-303.540154569258,236.345889074459,5050.4905908211,145.968911168774
0.6851,77.2722833119362,-306.643221039794,229.349040729882,5050.91689876851,145.947678894166
0.6852,86.8927783332301,-309.258522475533,222.457759792111,5051.30744345729,145.933447104883
0.6853,96.4700891871414,-311.663565707657,215.022626596356,5051.66407228239,145.904806809555
0.6854,105.950384445063,-313.598093088036,207.638113611358,5052.04571093078,145.929136888098
0.6855,115.427220357254,-315.405940343039,199.894642351606,5052.39868852338,145.939315554732
0.6856,124.7293700409,-316.792211491636,192.098625316408,5052.77155573162,145.897849237681
0.6857,133.921772402038,-317.959476184534,183.951145315244,5053.14396886808,145.889074640315
0.6858,142.868817949868,-318.641755649134,175.856934733651,5053.46600098348,145.932078085044
0.6859,151.849466355158,-319.191948109219,167.369036528783,5053.83552448372,145.90959715092
0.686,160.619876337515,-319.276784464732,158.752770864479,5054.14608861017,145.925545820322
0.6861,169.204798939762,-319.17786147248,150.04037537085,5054.42852794597,145.894042596949
0.6862,177.684085877818,-318.57866439393,141.128386029871,5054.72311587896,145.948565464156
0.6863,185.914525258496,-317.993694380766,132.035675430148,5055.04762739307,145.886267282554
0.6864,193.996191769727,-316.85440060935,122.886772279511,5055.399917866,145.917776187449
0.6865,201.84804045566,-315.50997441636,113.671163397658,5055.62106516094,145.958902734842
0.6866,209.501291804682,-313.710430689511,104.259486276745,5055.90574287182,145.885275894986
0.6867,216.823687951293,-311.578127767975,94.7675132021432,5056.17072448665,145.918348508499
0.6868,224.25249695359,-309.371249958425,85.0449983740942,5056.38605504093,145.893803635293
0.6869,231.349810426759,-306.756338310795,75.5237028821902,5056.63142076157,145.881662285461
0.687,238.134149817152,-303.823118809432,65.5403811332109,5056.82742684637,145.925136196115
0.6871,244.765983067889,-300.580756135599,55.7698727282591,5057.05144446949,145.905145138854
0.6872,251.119988074023,-297.02350438613,45.8788046626308,5057.28551418454,145.887960083601
0.6873,257.198343354564,-293.190730085686,35.9508019512798,5057.4429774857,145.861069981643
0.6874,263.127526099145,-289.050535389508,25.9325390848769,5057.6195994875,145.894993660467
0.6875,268.753260136832,-284.701741991766,16.0133851390612,5057.74449124776,145.913577591172
0.6876,274.065117553326,-279.983047834352,6.06185571526521,5057.92564328148,145.886548250267
0.6877,279.147182263596,-275.145348731953,-4.1374153028012,5058.04512019158,145.928543006445
0.6878,283.945489216272,-269.807033119378,-14.1321133493682,5058.14377695758,145.895692683567
0.6879,288.413230032606,-264.350672762366,-24.0182860665154,5058.27271651591,145.863652410489
0.688,292.615412459812,-258.615937145864,-33.9869206967777,5058.31787789596,145.867784521567
0.6881,296.487290608987,-252.62136726416,-43.9548402675294,5058.4023210521,145.879833171151
0.6882,300.215541687128,-246.226665606091,-53.8306536482372,5058.46830237681,145.887616088743
0.6883,303.55447274924,-239.807006759124,-63.8033743869308,5058.50864396194,145.892465028766
0.6884,306.618450447224,-233.051360560971,-73.5346490973271,5058.51484345774,145.851394509984
0.6885,309.345542748774,-226.082267382327,-83.296990942293,5058.5349818831,145.90366176829
0.6886,311.805290637123,-218.878395010532,-92.9546598280908,5058.52708818663,145.866774677293
0.6887,314.031115496987,-211.448155028874,-102.497401007022,5058.52367308822,145.876941403981
0.6888,315.792707795043,-203.861937626981,-112.020078711838,5058.43942205953,145.850649298188
0.6889,317.321104866007,-196.000605073622,-121.294224830927,5058.4299110696,145.863602900044
0.689,318.509293996046,-188.013143890106,-130.624682331269,5058.3637358142,145.857788443946
0.6891,319.430227245273,-179.806068762735,-139.682220444025,5058.27615321569,145.888114427025
0.6892,319.940977646157,-171.544276980494,-148.595046147598,5058.13875598803,145.857212780515
0.6893,320.349663621703,-162.913961532728,-157.331179032332,5058.02987130482,145.847869576063
0.6894,320.275479309704,-154.212168343105,-166.052680244292,5057.89406353969,145.862991051664
0.6895,319.921982961663,-145.375840343398,-174.547056635938,5057.75119615697,145.852638076019
0.6896,319.23317264059,-136.357954771244,-182.982645060708,5057.60938303002,145.837179289735
0.6897,318.297422450251,-127.195383984662,-191.037669597587,5057.39121568018,145.831200242478
0.6898,316.863115614691,-117.945849176088,-199.023141233894,5057.23373076234,145.845648056264
0.6899,315.428879739581,-108.608639430853,-206.720305039847,5056.99745417639,145.844272364715
0.69,313.397819732455,-99.0944769858194,-214.468461378352,5056.75685210728,145.842904375668
0.6901,311.140172968511,-89.5757388292981,-221.735532739961,5056.51203084986,145.835454381841
0.6902,308.688202380305,-79.8725217139854,-228.893496442556,5056.25770646591,145.834593060475
0.6903,305.816665107654,-70.0788440235405,-235.795241879983,5056.0360648417,145.840463119751
0.6904,302.813770989246,-60.2613207415119,-242.364294872673,5055.72922564918,145.858734891376
0.6905,299.290492894863,-50.4594166998846,-248.846369619953,5055.40613743804,145.836635159433
0.6906,295.562082230719,-40.4009481549471,-255.074877181558,5055.12727375363,145.837560052489
0.6907,291.533758529916,-30.4975264379615,-261.046719599191,5054.73201859518,145.817129540713
0.6908,287.182425781815,-20.5093474565116,-266.67270354869,5054.39850507697,145.878779320284
0.6909,282.58182021974,-10.4995523590489,-272.25581079201,5054.05203875391,145.837619315408
0.691,277.731172220646,-0.383826466391774,-277.372886331651,5053.67557601509,145.817378073276
0.6911,272.491626659589,9.63468176750026,-282.200750014399,5053.26145977907,145.767028078466
0.6912,267.266797750426,19.6214009757831,-286.866604711258,5052.8903971331,145.814239556781
0.6913,261.599102933477,29.6533706747861,-291.238030055788,5052.42875984161,145.798487318786
0.6914,255.619279239796,39.5991410921638,-295.24104327711,5052.02114787662,145.783552951464
0.6915,249.423099717544,49.5678269131784,-298.904537444164,5051.56229564109,145.803701970501
0.6916,242.940733902017,59.4756596214456,-302.571784496139,5051.12095598189,145.806365100352
0.6917,236.330241275036,69.3110440099862,-305.562813621655,5050.6600495386,145.800222374294
0.6918,229.440927588534,79.0925953436551,-308.6635367829,5050.16604163311,145.822680863357
0.6919,222.228245151786,88.7121427979454,-310.992630094041,5049.67271490814,145.808648029867
0.692,214.899732094586,98.3859298418378,-313.36166588204,5049.19155398508,145.791827976392
0.6921,207.371348827562,107.899121896559,-315.223105442227,5048.67669203958,145.837044496213
0.6922,199.630132263052,117.294315320093,-316.912563807708,5048.15223880912,145.829343588401
0.6923,191.577908351698,126.571794934251,-318.224611145921,5047.63475905997,145.814280813618
0.6924,183.447666376209,135.627682172331,-319.175014567774,5047.06780221042,145.797517068729
0.6925,175.187829930741,144.72769042367,-319.850800343499,5046.50407289051,145.808936520743
0.6926,166.660708945259,153.475623534164,-320.315288173277,5045.92688558672,145.811640443101
0.6927,158.08973416089,162.428017633213,-320.432659741259,5045.35174317495,145.794594639566
0.6928,149.267688653391,170.953198412565,-320.214398693459,5044.79491958622,145.772945615314
0.6929,140.316958899792,179.305221875705,-319.573386607132,5044.2132253573,145.790538708529
0.693,131.113845006468,187.490924272073,-318.705108179534,5043.62855956358,145.807764622111
0.6931,121.902069332474,195.662702387372,-317.416257520797,5042.97608083061,145.790798733253
0.6932,112.669902694972,203.459005173592,-316.094601232754,5042.37865047141,145.774586460251
0.6933,103.089056516004,211.0446135628,-314.169630108903,5041.74472755886,145.811992628874
0.6934,93.529735068763,218.532062210184,-312.046039157389,5041.15877908459,145.805497245359
0.6935,83.8551994280541,225.744501380024,-309.700473204027,5040.50372229936,145.779742600269
0.6936,74.2014230272409,232.691843794337,-306.919874919582,5039.85735224529,145.809321631852
0.6937,64.2908717533818,239.478810357288,-303.87783933605,5039.19701067386,145.782186104663
0.6938,54.5041763522325,245.973281399829,-300.541353157327,5038.57674352405,145.803525951868
0.6939,44.5702859272093,252.338709980891,-296.857002835102,5037.91367285841,145.765866147351
0.694,34.6031310663001,258.423870759574,-292.961304531018,5037.25141092171,145.764412662933
0.6941,24.5356895393142,264.235981869155,-288.857026801792,5036.60693179561,145.819148165348
0.6942,14.5676456490929,269.723368119919,-284.339425386702,5035.94420415687,145.800732402841
0.6943,4.49989670653667,274.997190964536,-279.54183275085,5035.24497097513,145.756119746144
0.6944,-5.60869106232683,279.962807133051,-274.479091923711,5034.59407658865,145.750239278014
0.6945,-15.4989917019977,284.693820745155,-269.065634426005,5033.96660500826,145.787583606465
0.6946,-25.6772238393295,289.084787889401,-263.557017658451,5033.23508342273,145.76849276066
0.6947,-35.6466362185291,293.269540872877,-257.623888123956,5032.56213116306,145.766821092592
0.6948,-45.6739832595942,297.087463869406,-251.564318290523,5031.90538783473,145.750231419971
0.6949,-55.5330729451737,300.790277537752,-245.253042543956,5031.22369272401,145.732241033009
0.695,-65.428643572235,304.091548282512,-238.68265489165,5030.58832451636,145.751099551107
0.6951,-75.2324890063285,306.990573950125,-231.889326731607,5029.87387496903,145.77257148387
0.6952,-84.908134440354,309.668069461,-224.814850451018,5029.19645299734,145.755972673497
0.6953,-94.5292283168401,312.099662595765,-217.381554929509,5028.54780813699,145.757001847405
0.6954,-104.046327056,314.092857103672,-209.99646770247,5027.8721994083,145.780520998043
0.6955,-113.60697865947,315.872317243764,-202.339538359271,5027.19146405754,145.72509441298
0.6956,-122.873361940104,317.303506497785,-194.410354913016,5026.56137898338,145.759470856888
0.6957,-132.196757052985,318.352950073495,-186.28749417425,5025.84703464902,145.723211104192
0.6958,-141.175010381512,319.281833505097,-177.981602892898,5025.21128968451,145.761304636579
0.6959,-150.090633149746,319.772464611222,-169.621474064131,5024.54976471142,145.719824218835
0.696,-158.914137640295,319.795558864088,-160.971512339646,5023.84857504199,145.728951952363
0.6961,-167.577924777721,319.817262782237,-152.121855531671,5023.23416651358,145.752838498008
0.6962,-175.995127830258,319.307119566362,-143.267147442538,5022.59409402962,145.712367659665
0.6963,-184.38053151817,318.588308309382,-134.210771879492,5021.95411308932,145.755711149796
0.6964,-192.436960476589,317.528925392016,-125.013857705467,5021.31384700901,145.721910327883
0.6965,-200.388223423712,316.195312417985,-115.539432142498,5020.69616088762,145.740860125731
0.6966,-208.188527147314,314.357439735257,-106.237310215491,5020.0336780331,145.744795853971
0.6967,-215.707100683248,312.385325258577,-96.5978068552805,5019.45436227403,145.734978013661
0.6968,-223.019003530337,310.127547554796,-87.0360325180831,5018.82817988133,145.709620686933
0.6969,-230.065297577003,307.427099389198,-77.1792661173014,5018.2512890011,145.723411638149
0.697,-236.986389642458,304.42751677281,-67.4643247623361,5017.62030470591,145.731174856187
0.6971,-243.582319053185,301.25745711284,-57.644841713407,5017.05508201739,145.712888113958
0.6972,-249.951038342274,297.706746037141,-47.7602229565144,5016.44505397753,145.738783490613
0.6973,-256.144840122088,293.866777509724,-37.7135597915657,5015.89839205161,145.710928519408
0.6974,-262.092048646215,289.714803847939,-27.7172207851727,5015.30003375046,145.733417680252
0.6975,-267.700629117595,285.381441094326,-17.6920412119017,5014.77637516229,145.720482835148
0.6976,-273.052940429705,280.656179297723,-7.64410112425505,5014.23935381372,145.700746260408
0.6977,-278.170507050071,275.732931775206,2.45648700775425,5013.67194416056,145.68621381429
0.6978,-282.941902747001,270.487862761947,12.4706072170763,5013.18358705973,145.743872291527
0.6979,-287.40115513702,264.997910396522,22.5212643706963,5012.6177831075,145.695290792847
0.698,-291.753733189178,259.190945310051,32.6413356529806,5012.11666965063,145.726151619111
0.6981,-295.704983092694,253.217393270837,42.574987324475,5011.6044679613,145.696979859361
0.6982,-299.424360893565,246.913045687576,52.4731885756206,5011.18654055203,145.695073025409
0.6983,-302.744220581491,240.460212380771,62.364213670438,5010.64304471156,145.722240660259
0.6984,-305.889084306819,233.648257339831,72.1915141447671,5010.16955622285,145.661944582154
0.6985,-308.616918511394,226.712872765755,82.0269628587337,5009.71266360979,145.719313183167
0.6986,-311.194012476913,219.439208412931,91.6420252193779,5009.24564130092,145.746137291282
0.6987,-313.313293303559,212.122208910936,101.279958118947,5008.79381040744,145.675615647064
0.6988,-315.176047529796,204.391893927105,110.788134773458,5008.33015454368,145.694729255502
0.6989,-316.715727098691,196.615903026083,120.192007769781,5007.93341880775,145.706845064627
0.699,-317.983376257921,188.53878104243,129.413547702091,5007.55395663863,145.699589021999
0.6991,-318.84888458557,180.367802520818,138.715788592822,5007.17097481695,145.703785410839
0.6992,-319.477899681519,171.876983048577,147.57416828342,5006.71581647029,145.709066677395
0.6993,-319.701539089596,163.406604771589,156.375092447679,5006.3316005736,145.662933560002
0.6994,-319.786964617797,154.650459751993,165.116398001799,5005.98198344726,145.681306655579
0.6995,-319.404972270491,145.771199373229,173.656246845173,5005.62395012014,145.690970820818
0.6996,-318.805953633547,136.6940540591,182.099164884482,5005.23814837417,145.640003301912
0.6997,-317.864942500019,127.480960264217,190.350334370783,5004.89297015641,145.693036094889
0.6998,-316.546312705372,118.257398148778,198.337998589963,5004.62972005324,145.668720307166
0.6999,-314.842244880466,108.882001472423,206.14393662409,5004.29978595274,145.660650049066
0.7,-313.013185134865,99.3384974895016,213.580551054821,5003.97364460791,145.705656931111
0.7001,-310.84619272666,89.7385054416618,221.152712491009,5003.67490563524,145.692854066286
0.7002,-308.254384846293,79.9424723638,228.259711429663,5003.34941642901,145.668510235838
0.7003,-305.486748015998,70.1434863941399,235.361622273286,5003.0611623573,145.638305485202
0.7004,-302.244777288063,60.3750405377487,242.027431524804,5002.80198000497,145.6240821155
0.7005,-298.882504544967,50.4579070383982,248.437280729719,5002.56267520643,145.65500966896
0.7006,-295.153249315082,40.4547242821432,254.701408442324,5002.32996379091,145.653336583946
0.7007,-291.149895885174,30.4224975205416,260.670177025779,5002.08842093727,145.656354465676
0.7008,-286.793081757986,20.4025920057105,266.396121069108,5001.86185577731,145.69210843841
0.7009,-282.270768491271,10.3650879474877,271.814231625643,5001.63260636411,145.666363618835
0.701,-277.381401610869,0.3635053713377,277.058701379666,5001.38026256133,145.671138131765
0.7011,-272.206328959716,-9.81287159673,282.010031446368,5001.24544715124,145.664175415875
0.7012,-266.758103480759,-19.8293014464574,286.656171334859,5001.00691522543,145.654677037157
0.7013,-261.103565255436,-29.9184794536748,291.034047649154,5000.83850474834,145.666897916616
0.7014,-255.139939626014,-39.8312504146214,295.074711072078,5000.64352437732,145.641569456952
0.7015,-248.995538765701,-49.9303114764256,298.852142793002,5000.45675512501,145.649526859144
0.7016,-242.552257942385,-59.8971027696333,302.338967870415,5000.2717316306,145.669381758816
0.7017,-235.825411958724,-69.6986633916258,305.581335529219,5000.13747892961,145.647658470143
0.7018,-228.960416399816,-79.5242236063142,308.492063470159,5000.01192575161,145.621546172025
0.7019,-221.792502753433,-89.2586239456429,311.096691113322,4999.87483572381,145.653220008372
0.702,-214.383381407901,-98.9109701856285,313.396709693476,4999.73716699194,145.630435810196
0.7021,-206.901791974242,-108.464573284344,315.354925972184,4999.58909155842,145.59287084669
0.7022,-199.168031845607,-117.965307288562,317.056590312366,4999.45907110546,145.639903499108
0.7023,-191.190143945212,-127.138543698252,318.257061483365,4999.30161615955,145.606987798917
0.7024,-183.024939706363,-136.349835130018,319.384193496545,4999.22791153036,145.656406496438
0.7025,-174.668280002639,-145.377779726048,320.142306376734,4999.11724012669,145.621850615623
0.7026,-166.119122328154,-154.41007746257,320.449040411424,4999.03229477945,145.64197075922
0.7027,-157.489513891679,-163.135724662905,320.686749393723,4998.94704489932,145.640334111341
0.7028,-148.653112836427,-171.767984118339,320.349121724858,4998.84860932767,145.654893642164
0.7029,-139.554726075733,-180.243719502083,319.916092124076,4998.76150290956,145.610740077673
0.703,-130.49172982216,-188.492206134975,318.912727724009,4998.6716595031,145.598876346582
0.7031,-121.30418529029,-196.582006906127,317.821281642173,4998.61880396775,145.615955499077
0.7032,-111.792965909984,-204.536510409287,316.351905379439,4998.49995856625,145.671681327604
0.7033,-102.359520793286,-212.256810212298,314.471523481927,4998.41938164519,145.628287485757
0.7034,-92.781214629428,-219.688193747574,312.453187673544,4998.34168325998,145.58673785185
0.7035,-83.0196241520327,-226.929875823216,309.98746374924,4998.30011342636,145.630810737842
0.7036,-73.3576206683272,-233.905350530473,307.144805347829,4998.18444870831,145.630937186637
0.7037,-63.3775317910123,-240.655943982382,304.138796185866,4998.12031701594,145.59109778384
0.7038,-53.5555661423173,-247.308253549954,300.893004392045,4998.0604301334,145.625893790571
0.7039,-43.5969577890834,-253.730553908528,297.225596396236,4998.01330600507,145.594505407337
0.704,-33.5745411488719,-259.793106537839,293.395135702586,4997.91305353324,145.586120293224
0.7041,-23.5719263330699,-265.666035665832,289.146037809393,4997.83350777526,145.605802327678
0.7042,-13.4477029627534,-271.185543427676,284.64913160647,4997.78703666146,145.617535113543
0.7043,-3.40090272954688,-276.551150035228,279.843900204712,4997.71868269387,145.622641698788
0.7044,6.67964342265307,-281.521177129756,274.933155112102,4997.618598316,145.580843803875
0.7045,16.6943427825174,-286.259759966755,269.511371214836,4997.5619923582,145.595700520324
0.7046,26.8299941246054,-290.723984462219,263.781543405891,4997.45106766591,145.565351300042
0.7047,36.9809756821597,-294.922821164659,258.029837359504,4997.40037992199,145.60931663961
0.7048,46.9876211826295,-298.75704575693,251.967903122506,4997.30558190015,145.585236209777
0.7049,56.9109317483227,-302.389213367235,245.522854714357,4997.24451633687,145.572512963395
0.705,66.8189585811054,-305.782521336869,238.904370250608,4997.11817352576,145.600597251004
0.7051,76.6386853678378,-308.801769554096,232.111219097814,4997.04339907601,145.581007844433
0.7052,86.3719902518356,-311.51759485217,225.082544282765,4996.94737581611,145.559170990232
0.7053,96.0993633449664,-313.891984304735,217.778268965852,4996.798408936,145.603719086155
0.7054,105.63121264844,-315.901312818196,210.225995172961,4996.70702160067,145.580566914903
0.7055,115.154474353093,-317.655638290254,202.544417829483,4996.60906353876,145.557626739464
0.7056,124.578959413678,-319.242355228387,194.576792298336,4996.505043115,145.578061572422
0.7057,133.832478654601,-320.297886981894,186.502778678807,4996.35059827519,145.56624882789
0.7058,142.928934158331,-321.109763950797,178.275931986305,4996.2159877515,145.539436652908
0.7059,151.970118641858,-321.733394484684,169.723231500892,4996.07186774755,145.535648778116
0.706,160.751463020585,-321.95831388313,161.208300127665,4995.96881361815,145.564584433695
0.7061,169.391576940093,-321.738869747718,152.309627800212,4995.78063763832,145.579181284441
0.7062,177.989499248274,-321.408200415731,143.279832361974,4995.6260653966,145.532948239829
0.7063,186.323812459721,-320.672911225952,134.246604144283,4995.41920020607,145.615121344727
0.7064,194.481861288246,-319.569445258496,125.120214971243,4995.25481925588,145.575255405307
0.7065,202.527281953245,-318.111305983312,115.712962619653,4995.05562607959,145.561630545009
0.7066,210.187395815229,-316.497624593429,106.310913208186,4994.87326903848,145.526583720158
0.7067,217.81202345866,-314.510584082146,96.8431630161491,4994.66515891442,145.557664186758
0.7068,225.156209966932,-312.154880409813,87.0291189126015,4994.46015203038,145.573437737006
0.7069,232.141137543491,-309.461056040161,77.1932148991649,4994.22500491536,145.533537823842
0.707,239.125791227966,-306.574572600119,67.4733286203944,4994.03989385913,145.568461835631
0.7071,245.769758539039,-303.429383546854,57.4763969536144,4993.74668394913,145.579671550607
0.7072,252.237113066647,-299.894925742739,47.6383566477529,4993.46206847981,145.585492948833
0.7073,258.440661653479,-295.960971017373,37.5752895319225,4993.20887559879,145.502561979954
0.7074,264.390502292401,-291.935027250336,27.4733729114916,4992.89229604553,145.573827379703
0.7075,270.120101369317,-287.564184154418,17.3957171835703,4992.66044796037,145.56095281965
0.7076,275.529124553392,-282.816938890796,7.31195878492346,4992.32381196348,145.552691053377
0.7077,280.495988423751,-277.854410475067,-2.68143014660936,4992.00267232762,145.52061635912
0.7078,285.478153195959,-272.578787003329,-12.8878973568425,4991.66923170532,145.517378029105
0.7079,290.071491405473,-267.047715382951,-23.0040735906286,4991.3232901664,145.520924708663
0.708,294.377685185823,-261.286524650798,-33.0154942716392,4990.96241313461,145.551055850201
0.7081,298.420902586103,-255.403128379417,-43.0184810498414,4990.63115136036,145.505234926915
0.7082,302.115900369379,-249.055098385188,-53.0229986791554,4990.26314225517,145.525869960592
0.7083,305.516233995511,-242.52395204811,-63.040476153643,4989.86338164668,145.553179549704
0.7084,308.62656217477,-235.74162471997,-72.8853346209833,4989.45273434265,145.49186115875
0.7085,311.41223979932,-228.756453165409,-82.7026283491024,4989.00803882685,145.515054300915
0.7086,314.004704816093,-221.620136205025,-92.4510789386431,4988.61135842373,145.555993201692
0.7087,316.135306277531,-214.044029826582,-102.092468558064,4988.17480580914,145.524799748082
0.7088,318.004504166561,-206.446079240395,-111.558270811427,4987.7139504002,145.530310591603
0.7089,319.581443048515,-198.614371521142,-120.987158155865,4987.27529559409,145.527620650813
0.709,320.892580901943,-190.593666311147,-130.262700070811,4986.80187734091,145.522231506947
0.7091,321.810043469735,-182.274024668123,-139.53007434638,4986.28241928161,145.492985885256
0.7092,322.556398216783,-173.816201675783,-148.573339297698,4985.77117828591,145.481003429703
0.7093,322.783147791601,-165.237365867605,-157.546580609497,4985.27731351553,145.526179327641
0.7094,322.78332173001,-156.546543854959,-166.240539008265,4984.75041816136,145.489236319779
0.7095,322.527785200684,-147.563906298014,-174.821701953131,4984.15241542287,145.519759073826
0.7096,321.799330006305,-138.592766589679,-183.208634963311,4983.64404884665,145.50079786017
0.7097,320.839600904689,-129.380881906959,-191.470770344403,4983.0357940509,145.458548808639
0.7098,319.611131202791,-120.119982250854,-199.412718273952,4982.47259351819,145.528092346917
0.7099,317.912796578053,-110.613226321107,-207.349072759536,4981.81390936119,145.504968435198
0.71,316.196669165889,-101.056924284359,-214.963190384395,4981.24694270737,145.491696938546
0.7101,313.964691018158,-91.5120776660194,-222.450698182276,4980.58120089529,145.486644811307
0.7102,311.343013329135,-81.6433589565033,-229.749814136334,4979.98353391421,145.469047392492
0.7103,308.575922173081,-71.8827168735005,-236.687497404557,4979.33288149194,145.454794144233
0.7104,305.457741635453,-61.9280308941536,-243.478691152456,4978.66976383914,145.476509320326
0.7105,302.08926559195,-51.9065273829372,-249.994445401166,4977.99823191416,145.48936234165
0.7106,298.33374553612,-42.0115077631809,-256.292047274255,4977.26311445504,145.492711705707
0.7107,294.273237863841,-31.9634895251933,-262.2843574945,4976.59379011857,145.483181385959
0.7108,289.921414398462,-21.8388506967558,-268.143679776555,4975.87263177693,145.52317182905
0.7109,285.224043713511,-11.8633822281874,-273.539603021543,4975.13297375845,145.481552392988
0.711,280.547527502573,-1.64620898978203,-278.848455469372,4974.3780963305,145.486969914857
0.7111,275.405473603356,8.41301174297939,-283.744887725314,4973.61873771104,145.480541118334
0.7112,269.848722556952,18.5101117046366,-288.573820598664,4972.87218888206,145.496739260779
0.7113,264.301600301022,28.5628341143471,-292.896020633108,4972.10432628555,145.500399253347
0.7114,258.406661341342,38.7030055906875,-297.02892295946,4971.29880115006,145.443474400438
0.7115,252.187320074004,48.5894127456581,-300.923830793635,4970.52167612453,145.472492085121
0.7116,245.713744542756,58.6774625843545,-304.309986744287,4969.6722427709,145.466996151323
0.7117,239.03115201371,68.5937243106923,-307.506197947176,4968.86514590334,145.450445858873
0.7118,232.18741414325,78.4604117737731,-310.556946440734,4968.0165490779,145.485560196225
0.7119,225.009235995741,88.1776947747684,-313.164924796416,4967.25026209984,145.480648226166
0.712,217.480990126451,97.9232229455797,-315.539200166409,4966.37194116146,145.453339977119
0.7121,210.012437657132,107.443215767533,-317.471522952309,4965.52367821912,145.464619051758
0.7122,202.163277966274,116.876048897503,-319.204446182872,4964.61233224424,145.464546325114
0.7123,194.218719009616,126.429298738268,-320.545397245637,4963.75000740557,145.397070022096
0.7124,186.042861796734,135.656501132181,-321.567520139214,4962.86295178065,145.460023144227
0.7125,177.674597960063,144.674526298498,-322.413732189756,4961.97081374163,145.451802869458
0.7126,169.120953863581,153.693716841825,-322.791160834975,4961.05031769737,145.460163306417
0.7127,160.385007292601,162.483430508455,-322.853460303867,4960.13769616582,145.457835990784
0.7128,151.587034394416,171.137733866223,-322.670792918217,4959.19415093901,145.445107972682
0.7129,142.576801425107,179.590141484177,-322.128076429297,4958.27998190642,145.453343536807
0.713,133.369231114365,187.975406821826,-321.266504764886,4957.32230953349,145.495176078903
0.7131,124.145249226625,196.163054433168,-320.159209418203,4956.39814831283,145.451398174001
0.7132,114.695609787714,203.995095905714,-318.766617446948,4955.477993614,145.44924585599
0.7133,105.227010047332,211.790473037253,-316.96104791933,4954.4769477037,145.447650049099
0.7134,95.6042198858636,219.237052188441,-314.87714720267,4953.53268159887,145.448626489286
0.7135,85.8787989518656,226.591811596602,-312.463925459202,4952.54494828549,145.45360428668
0.7136,76.0207464100888,233.690028993953,-309.669506892582,4951.61617580684,145.463980619423
0.7137,66.2556872186997,240.514753403316,-306.728438926638,4950.59960607728,145.473214011237
0.7138,56.2808934734402,247.125916580167,-303.449401628894,4949.56735701556,145.45901988781
0.7139,46.2388715710356,253.567344945832,-299.799115953104,4948.63961308009,145.437101790613
0.714,36.2517240560721,259.765130214106,-295.887813415145,4947.64696828492,145.420504443206
0.7141,26.1790915045087,265.524078544825,-291.584991390853,4946.66253149783,145.418465090573
0.7142,16.0355561578098,271.176475464204,-287.16126815583,4945.61037279654,145.435135862058
0.7143,5.91778487132776,276.614677813424,-282.408822290245,4944.67354946989,145.413882282027
0.7144,-4.18867187513256,281.567637445943,-277.344640465657,4943.66410187306,145.394870257823
0.7145,-14.4250992710264,286.373001760172,-272.010440744707,4942.65182409859,145.464346144166
0.7146,-24.4518357356679,290.845851140439,-266.363909785122,4941.6177473358,145.433452062643
0.7147,-34.614024495647,295.090886002493,-260.603512147372,4940.62221402261,145.41447170504
0.7148,-44.6033048389918,299.021914742917,-254.476197997679,4939.61362276867,145.402790596517
0.7149,-54.5800376670932,302.732493201834,-248.116926121504,4938.60953875451,145.374483613296
0.715,-64.5261997819916,306.157594795618,-241.432181115835,4937.57979881652,145.378637030924
0.7151,-74.4785988985785,309.127771960965,-234.68199888929,4936.57278619521,145.39673789456
0.7152,-84.2433614388112,311.755920970691,-227.625662887856,4935.5518615381,145.354768663797
0.7153,-93.9769382615857,314.312256839208,-220.238878077926,4934.50512011747,145.38705952504
0.7154,-103.665663136534,316.364571879462,-212.790294897481,4933.52500424472,145.415946254821
0.7155,-113.232124703151,318.257466420421,-204.993864398171,4932.48226526357,145.396129048258
0.7156,-122.604765518544,319.74738063459,-197.152249039291,4931.51084752974,145.436402172782
0.7157,-131.96834440884,320.835086718674,-189.084080165645,4930.51988534096,145.388104371922
0.7158,-141.169682841024,321.832769920204,-180.687067547274,4929.49114405952,145.395202608444
0.7159,-150.175955372887,322.189752491372,-172.19421810658,4928.43984718508,145.397389346069
0.716,-158.97304658124,322.550061885898,-163.575000581408,4927.47372117171,145.348042962473
0.7161,-167.746128048465,322.514611888651,-154.809607015209,4926.4822458648,145.390635774273
0.7162,-176.354510274689,322.065011488661,-145.746926618669,4925.5024319698,145.379366473268
0.7163,-184.791890837554,321.381840672876,-136.690206302188,4924.49679239112,145.411633703194
0.7164,-192.885124035341,320.338814832203,-127.433120848757,4923.50730298479,145.37984005301
0.7165,-200.886884949694,318.864213857652,-118.025840947309,4922.53400192414,145.367234241008
0.7166,-208.691639756792,317.299807679711,-108.472483508684,4921.51743551078,145.355851037173
0.7167,-216.40318919783,315.269096887298,-98.9311820315409,4920.56825636385,145.410581707189
0.7168,-223.82863011871,312.97803432716,-89.2463870783408,4919.57990228082,145.352698552187
0.7169,-231.00028036687,310.499184937712,-79.4765998377265,4918.60952490556,145.354959314944
0.717,-237.947759943733,307.502774288953,-69.6405506951966,4917.62680146703,145.407114278946
0.7171,-244.540975005612,304.21460127562,-59.645928404191,4916.68667643963,145.352695875129
0.7172,-251.054302142542,300.754926449716,-49.5782807439784,4915.74742072607,145.393651793213
0.7173,-257.393084573562,296.897917242911,-39.5545971399405,4914.79835709841,145.39154138595
0.7174,-263.367340958086,292.776304922145,-29.5079035801643,4913.87858246396,145.385498934668
0.7175,-269.036012462904,288.534223582433,-19.4594457358123,4912.96194798155,145.379871912311
0.7176,-274.469851862849,283.712492889262,-9.39417783470487,4912.04573818063,145.376976804531
0.7177,-279.691149315157,278.813076947991,0.850105509987506,4911.10011101285,145.361348766574
0.7178,-284.690317265128,273.594951502257,10.947555974811,4910.17659633262,145.354490507662
0.7179,-289.235114464037,268.131563617278,21.1093694012533,4909.28957937054,145.365358959537
0.718,-293.51139054996,262.298100028735,31.2205062730025,4908.32005121698,145.362233393927
0.7181,-297.646583032384,256.21974655445,41.2917055530487,4907.47669702001,145.316468979879
0.7182,-301.299203009301,249.975222337848,51.2488174823227,4906.55391976516,145.384987086761
0.7183,-304.872359611901,243.470134456578,61.306817896207,4905.73823238706,145.356564983738
0.7184,-308.000599248754,236.736785807572,71.2163850377547,4904.84235852352,145.326512046972
0.7185,-310.871579720737,229.74408409748,80.9800804352163,4903.93558515135,145.339637238887
0.7186,-313.372740037228,222.527841914633,90.8308027424552,4903.14805003082,145.357144584102
0.7187,-315.591536574735,215.108699905091,100.511442008054,4902.29286723554,145.345446888838
0.7188,-317.586146699104,207.465738609665,110.154309270954,4901.43770058691,145.344807136869
0.7189,-319.115813133284,199.560169391848,119.550426615818,4900.61682012058,145.347965346067
0.719,-320.489543687834,191.511240742448,128.947208198744,4899.82010121644,145.334154799188
0.7191,-321.404460902595,183.256475694666,138.181720259684,4898.95817890832,145.372129783571
0.7192,-322.037208247174,174.805615253559,147.36851133092,4898.16099454457,145.351639334165
0.7193,-322.463618547602,166.227934099646,156.171136230309,4897.37484645433,145.280977429163
0.7194,-322.501412999568,157.420170176335,164.956418621934,4896.58212474793,145.355907073404
0.7195,-322.190274398038,148.420318832606,173.739433091356,4895.7857459588,145.315646773553
0.7196,-321.706338156514,139.42645829887,182.123937775982,4895.05812467692,145.347024940173
0.7197,-320.685758576302,130.172272489403,190.422523411369,4894.2792419127,145.35507580728
0.7198,-319.428231299053,120.914602874873,198.620593157385,4893.56613584876,145.331758776623
0.7199,-317.841721845194,111.453595711499,206.455683310831,4892.74562364409,145.354618929644
0.72,-316.008409061938,101.846233255798,214.12434738338,4892.02575683408,145.341675430564
0.7201,-313.869210367187,92.1634432578077,221.610482681288,4891.32266237168,145.30917170746
0.7202,-311.313121919881,82.463528548159,228.931000185621,4890.61664031958,145.286650866926
0.7203,-308.49844707371,72.5805838084928,235.973257037501,4889.92322869911,145.349302341896
0.7204,-305.413124948261,62.6457813067775,242.782664055613,4889.19823538109,145.345090336864
0.7205,-301.972557975957,52.6366818222297,249.30886008209,4888.48638410678,145.323248373492
0.7206,-298.265276060692,42.6538609858384,255.663563345536,4887.82189777367,145.319616324131
0.7207,-294.287539645927,32.5246010981217,261.706842859719,4887.07105179132,145.311405068817
0.7208,-289.948779701581,22.3804836207184,267.543917555591,4886.42558924846,145.286727589084
0.7209,-285.432380626844,12.231557987465,273.128554915494,4885.77307220781,145.303076693705
0.721,-280.517252549812,2.17351615406932,278.403962559143,4885.15393421953,145.351593358726
0.7211,-275.547721447606,-7.98001431133897,283.382063685042,4884.44183229712,145.280127554722
0.7212,-269.992651398528,-18.0994491946085,288.175241331698,4883.81848387633,145.278160440804
0.7213,-264.427516875305,-28.2226335449398,292.567634057848,4883.20273369311,145.285528074685
0.7214,-258.49792879519,-38.3792026817549,296.803361718502,4882.55833785292,145.268999593223
0.7215,-252.333181881085,-48.3942211739879,300.70269011571,4881.9099629582,145.282722604705
0.7216,-245.780292346648,-58.4251741240239,304.179812736637,4881.28225950091,145.288744747238
0.7217,-239.000784916152,-68.3850496119599,307.470288827958,4880.71232597505,145.296209682102
0.7218,-232.165181781675,-78.2475741602715,310.439086456971,4880.10732587197,145.300538347907
0.7219,-225.034820569297,-88.1814189073918,313.135907089689,4879.46814314443,145.29272841934
0.722,-217.710449244932,-97.8023028862186,315.435961700333,4878.89279434765,145.284099273374
0.7221,-210.053845152641,-107.451257143687,317.478400299483,4878.2612392628,145.272984550438
0.7222,-202.263268636168,-116.973068662889,319.316395062957,4877.69920667701,145.294057983809
0.7223,-194.303685447618,-126.432612379118,320.673611218474,4877.09205055986,145.271102024268
0.7224,-186.011373029124,-135.747298810536,321.836035134367,4876.54036825368,145.26795236334
0.7225,-177.666440363841,-144.848475535897,322.504426040935,4876.01246893105,145.266218166472
0.7226,-169.112438081576,-153.897423192028,323.054760379807,4875.44748167051,145.257308683981
0.7227,-160.476350981206,-162.693642751313,323.20705517614,4874.84827426236,145.258039098027
0.7228,-151.585646104208,-171.44099353173,323.058291687855,4874.321807256,145.293724916972
0.7229,-142.47865540522,-180.034819256627,322.509283101263,4873.77083594618,145.278708617129
0.723,-133.419821206836,-188.329777624349,321.721820594609,4873.21488854215,145.275896179985
0.7231,-123.955912153678,-196.591746211412,320.639608989838,4872.63249403626,145.20655231944
0.7232,-114.636546002306,-204.483034986909,319.218417930819,4872.10743913743,145.26198008916
0.7233,-105.106046331795,-212.3046437969,317.38438245051,4871.58065160766,145.264255661952
0.7234,-95.3843576762041,-219.817192183217,315.262395460081,4871.01862359107,145.271206582036
0.7235,-85.6984792811392,-227.217725989264,312.907936475231,4870.48998590168,145.253480833616
0.7236,-75.9391694127076,-234.417511829053,310.19332133814,4869.93679989748,145.236827973435
0.7237,-66.019881763337,-241.21394937436,307.239459700656,4869.40278364814,145.27627510285
0.7238,-56.0171629392261,-247.950049200587,303.902987672378,4868.87157080669,145.248299336347
0.7239,-45.9336206781941,-254.353105816859,300.453392242678,4868.27025810689,145.244278756718
0.724,-35.8987587431684,-260.534741817653,296.353270951941,4867.79389089256,145.267778118605
0.7241,-25.8164911352434,-266.46679192022,292.215229746666,4867.16409533316,145.274592091598
0.7242,-15.5872553012495,-272.097300115606,287.849120060723,4866.70503132444,145.267108207724
0.7243,-5.42235818741827,-277.472235619872,283.105701150688,4866.15793123887,145.265227588024
0.7244,4.66224397729691,-282.58356533316,277.991553751898,4865.65722452377,145.229863920364
0.7245,14.7576093117918,-287.504551910102,272.718723498666,4865.0958627212,145.282016008784
0.7246,24.9326079191343,-292.12295207534,267.085705020393,4864.53046488498,145.227909640357
0.7247,35.0999695331322,-296.336390869635,261.241537348118,4863.99806862051,145.224330821061
0.7248,45.1650664232564,-300.324431198055,255.094873627981,4863.4621069828,145.226578343585
0.7249,55.1710257161413,-303.952877654754,248.772981074873,4862.89211273753,145.246991542992
0.725,65.2259885273787,-307.412914987928,242.203951028081,4862.32324314041,145.228156251473
0.7251,75.0995841780967,-310.479725692093,235.267322875088,4861.80374372757,145.254064046737
0.7252,84.9860111882809,-313.245847741984,228.286708665408,4861.27090987924,145.198843127464
0.7253,94.8186221274858,-315.656942858102,221.044799684978,4860.69076442195,145.227895386966
0.7254,104.405085005951,-317.94418155595,213.490768200697,4860.14868209291,145.226343074056
0.7255,114.01020341574,-319.737379006855,205.826450845018,4859.58120387598,145.236241660675
0.7256,123.526640801319,-321.347430600836,197.811926704451,4859.00738229022,145.221191183173
0.7257,132.774575950067,-322.411564231335,189.710037779355,4858.37639153938,145.216135672654
0.7258,142.030755614204,-323.381934256626,181.372444800994,4857.82343707087,145.19994435348
0.7259,151.121104514604,-323.961752640712,172.826310561999,4857.20196460362,145.180989767268
0.726,160.050316083167,-324.251211719507,164.110157826438,4856.61900967639,145.198654134363
0.7261,168.814261599952,-324.186034460332,155.338034501123,4856.02495579489,145.199272833328
0.7262,177.565229696928,-323.751068159906,146.41563137476,4855.42298917926,145.218912911089
0.7263,185.959292912724,-323.160540150038,137.184591241226,4854.82713585988,145.215495997771
0.7264,194.138585068825,-322.095159223679,127.934462582591,4854.19362801576,145.227314757276
0.7265,202.335129668994,-320.752853970742,118.647543277013,4853.57141754991,145.179917953174
0.7266,210.099539033662,-319.106276458926,109.155602439722,4852.95475796833,145.208521340469
0.7267,217.755836273719,-317.231115263217,99.4038849154121,4852.28690331991,145.191238915404
0.7268,225.190074383926,-314.981789613369,89.6893022075142,4851.68171379938,145.207130021401
0.7269,232.435786391802,-312.333756018693,79.9052180193229,4850.96003620896,145.20605944772
0.727,239.491101125609,-309.472044113205,70.1676909507142,4850.32701201703,145.181852309021
0.7271,246.21359694786,-306.333011294778,60.0479764244837,4849.6772464176,145.203841004193
0.7272,252.732426406974,-302.874481534783,50.0154116645603,4848.97694473867,145.183931320149
0.7273,258.933223468725,-299.083047014955,39.987864923233,4848.29644104963,145.164983444526
0.7274,264.961194855992,-294.866727063948,29.8828060982409,4847.60338644662,145.187487226299
0.7275,270.787670354181,-290.544454489711,19.6871760430189,4846.90524196538,145.172105703049
0.7276,276.24874183199,-285.877985338944,9.60858171075382,4846.18048531325,145.206736599008
0.7277,281.490638247152,-280.949068413281,-0.528292408869732,4845.47005207836,145.207206704165
0.7278,286.3920551735,-275.720154077367,-10.6425484908381,4844.69780591989,145.181907969394
0.7279,291.169648983377,-270.235622506679,-20.9672577810885,4843.96397190276,145.189106870186
0.728,295.487113213676,-264.454461560068,-31.0715884488066,4843.22075693041,145.170568506382
0.7281,299.541537768556,-258.410339180528,-41.2178770653024,4842.43416478635,145.186696848427
0.7282,303.475544999495,-252.190574436514,-51.2847540560405,4841.687446163,145.177744944741
0.7283,306.882845873211,-245.698588608098,-61.289559917607,4840.93343379177,145.143919436936
0.7284,310.128246464147,-238.878807213771,-71.185213675148,4840.13532760327,145.182499620838
0.7285,313.083402285111,-231.928163745282,-81.1565382987653,4839.33193183363,145.159139000435
0.7286,315.62060597955,-224.643262542427,-90.9975090947245,4838.47347440934,145.20272288298
0.7287,317.868270050172,-217.209618312735,-100.708092944214,4837.64410278129,145.185398657842
0.7288,319.859950673107,-209.595547702696,-110.284348419884,4836.82059447442,145.206774994325
0.7289,321.602474585321,-201.776731936028,-119.732369248812,4835.97284146915,145.163555499928
0.729,322.81626681666,-193.652186055355,-129.236743036796,4835.13040891185,145.163782825904
0.7291,323.890946334531,-185.467044031541,-138.536387873673,4834.26921233138,145.169215025238
0.7292,324.559843922778,-176.841650099481,-147.600404336825,4833.36386487124,145.184361216775
0.7293,325.036852955738,-168.315618576743,-156.571505541661,4832.49617949906,145.176579170167
0.7294,325.022338521821,-159.580430887665,-165.464505027322,4831.58316301767,145.138345808624
0.7295,324.791372312495,-150.529663460944,-174.109049131133,4830.68919014913,145.184352582415
0.7296,324.123741258279,-141.469543625728,-182.653576223334,4829.82162312335,145.163066707122
0.7297,323.323090856412,-132.24141553498,-191.013779123791,4828.85145675113,145.164893660054
0.7298,322.07530673567,-123.011940155064,-199.234448876395,4827.89249533541,145.175021212016
0.7299,320.637517561053,-113.394032261073,-207.118213197001,4826.90062607249,145.140034603107
0.73,318.684238148453,-103.853568352561,-214.853945115155,4825.98479693254,145.170089540066
0.7301,316.486974653151,-94.1580516999944,-222.370114216759,4825.01860239795,145.148715894219
0.7302,314.170478986458,-84.3036259984851,-229.793772531402,4823.96770204892,145.116722455961
0.7303,311.287041435059,-74.6070044891928,-236.771255428775,4822.97100482654,145.11432810103
0.7304,308.236043540479,-64.4380718437423,-243.67253190037,4822.01490754596,145.146055141492
0.7305,304.928468355743,-54.627187866221,-250.331569857369,4821.02615287283,145.133720069747
0.7306,301.203573869314,-44.5844760518852,-256.622140749857,4819.97078001502,145.132544886018
0.7307,297.141759462024,-34.356604163996,-262.769057047366,4818.94131001768,145.129685823851
0.7308,292.980049405174,-24.1935367960909,-268.655171599517,4817.90158665262,145.107305470824
0.7309,288.392041889699,-14.084376593088,-274.2789213657,4816.81458860371,145.116945148624
0.731,283.418731010124,-3.92945476534222,-279.678137338572,4815.69242443237,145.14943737749
0.7311,278.382958271001,6.23876301869246,-284.656375537518,4814.61968827371,145.144399381741
0.7312,273.054551206337,16.3478921635842,-289.470686309789,4813.54931106495,145.141119018451
0.7313,267.359904445278,26.5809187994357,-293.895627297877,4812.50339290571,145.100964168241
0.7314,261.351919645809,36.7434312817868,-298.131555152031,4811.37192777218,145.092394468467
0.7315,255.206236776151,46.7480266336471,-302.076497020779,4810.30249899565,145.140048736037
0.7316,248.752807335084,56.7995230758215,-305.68104581484,4809.15658633928,145.127467999632
0.7317,242.227190297487,66.9252262303232,-309.034889889079,4808.00903086207,145.136418919569
0.7318,235.217168405633,76.7555879668251,-312.059256980378,4806.86613146656,145.133650365026
0.7319,227.969976220388,86.7452718692167,-314.764300662935,4805.72776457974,145.112265902927
0.732,220.735216205294,96.4886542203477,-317.156241732353,4804.55070295319,145.140828873156
0.7321,213.075104497195,106.138340395743,-319.295978045174,4803.38251199685,145.111303599494
0.7322,205.295578020505,115.673744828585,-320.98775616293,4802.19489636812,145.08324327137
0.7323,197.29884335874,125.026613988115,-322.379510370569,4801.02478553042,145.145949646609
0.7324,189.097094308827,134.519093477352,-323.578805892234,4799.84818002867,145.074174336992
0.7325,180.73062833038,143.632728922567,-324.337864729651,4798.64251060364,145.136292013392
0.7326,172.18839602613,152.724291332546,-324.912686440454,4797.41605360696,145.114906638313
0.7327,163.481419592662,161.687153876073,-325.12768805303,4796.22980643225,145.123365774378
0.7328,154.53649830365,170.353734821896,-324.923808972415,4795.04614998561,145.073264068185
0.7329,145.529997563938,179.0069959537,-324.499216366387,4793.77829585259,145.098308075608
0.733,136.328087515619,187.490047008537,-323.787650607438,4792.59140746577,145.088428883637
0.7331,126.930535340756,195.763599855399,-322.650658823713,4791.348571873,145.070365928376
0.7332,117.632948867144,203.756412922406,-321.242809778177,4790.11327121505,145.094477148838
0.7333,107.973885786813,211.539901456738,-319.533781440607,4788.86773155783,145.110940485216
0.7334,98.3094531963272,219.206305708812,-317.45497408145,4787.5893260394,145.109110812407
0.7335,88.5102778602111,226.578163835873,-315.180674616704,4786.37028399661,145.052322602409
0.7336,78.6787595652308,233.694596640717,-312.530702978456,4785.1097133559,145.083001456212
0.7337,68.8226959004683,240.744800146122,-309.485039530395,4783.81912286855,145.063745936718
0.7338,58.8586120568558,247.409406185783,-306.214084821042,4782.55459969373,145.103181430742
0.7339,48.730219545875,253.919483174278,-302.591616984801,4781.27068207371,145.091092880756
0.734,38.6131313814134,260.128848780113,-298.876676497889,4780.00489054904,145.098498659988
0.7341,28.52187342013,266.130473650911,-294.600440707116,4778.70295710772,145.088697845011
0.7342,18.4262758054049,271.875728227096,-290.194048005086,4777.41066868823,145.039072995381
0.7343,8.1329815763902,277.258635402867,-285.389674895324,4776.15545932079,145.078007277247
0.7344,-2.05045338763579,282.373019184968,-280.457981548993,4774.84635605991,145.06517723804
0.7345,-12.17881595267,287.349718962364,-275.141786217994,4773.59651752184,145.055534907405
0.7346,-22.5135331781621,291.848558461425,-269.5418611946,4772.32514591788,145.064258798875
0.7347,-32.5770373632597,296.208888130326,-263.736797433395,4770.96831724073,145.094674831588
0.7348,-42.611830080024,300.267754829642,-257.624739475381,4769.72102015472,145.063332644286
0.7349,-52.8366890220588,303.969081824086,-251.254625890791,4768.41546413315,145.0529059277
0.735,-62.8253537647666,307.384934163827,-244.720484395446,4767.11925733439,145.041447380746
0.7351,-72.7627851858183,310.600465078255,-237.769528518347,4765.83255832352,145.083521675906
0.7352,-82.6426581236792,313.362084383213,-230.774816729557,4764.51338174214,145.068072771118
0.7353,-92.4657410634265,315.957035784456,-223.420881274659,4763.22623342682,145.057235888561
0.7354,-102.220856217268,318.123020174877,-215.951638676091,4761.94093917207,145.035067518231
0.7355,-111.816870954467,319.972412837121,-208.173996473574,4760.62797853743,145.078462096003
0.7356,-121.366872111057,321.534413872099,-200.303774596402,4759.33044014171,145.049054545607
0.7357,-130.69595077866,322.882560312431,-192.175229504852,4758.05748259215,145.043118899023
0.7358,-140.022819405821,323.787557108014,-183.81051985873,4756.76415470919,145.07131121815
0.7359,-149.092169467953,324.415428901065,-175.309031492655,4755.48500374003,145.066876203106
0.736,-158.078071879093,324.795270430885,-166.634344077475,4754.14322095308,145.05851450231
0.7361,-166.894019476706,324.73586204717,-157.79629402291,4752.89294827539,145.047509859672
0.7362,-175.522881508292,324.376633954746,-148.822893247249,4751.62603859141,145.028964211162
0.7363,-184.035273437554,323.74618876307,-139.684879132676,4750.31797768603,145.039794668414
0.7364,-192.276520757541,322.836277816172,-130.431452878326,4749.03253298698,145.031290763786
0.7365,-200.407032114363,321.510626340111,-121.079718249987,4747.77613837398,145.032638545193
0.7366,-208.39227524263,319.88674928711,-111.426910967643,4746.51116740061,145.036946083293
0.7367,-216.091602038971,317.94230546392,-101.816186907638,4745.21081153431,145.035269742673
0.7368,-223.507119921418,315.763672709083,-92.1069132244498,4743.98768016212,144.991206299816
0.7369,-230.849053507118,313.257760367589,-82.2590605215859,4742.69865857284,144.994181611367
0.737,-237.967858910098,310.271034020852,-72.3857960813631,4741.48205766044,145.000755983035
0.7371,-244.726001036154,307.22746256559,-62.3620898515804,4740.20656813919,145.047293883292
0.7372,-251.283969375312,303.636283847927,-52.3538881311221,4738.94557240578,145.039752239708
0.7373,-257.70010752072,299.919705693526,-42.3133855023485,4737.73302422587,145.015591639918
0.7374,-263.741067611662,295.879076543734,-32.1802646163537,4736.45803475396,145.046762795169
0.7375,-269.57965291219,291.537324943571,-22.0013881131266,4735.27151511033,145.034496374206
0.7376,-275.063333757764,286.887918088364,-11.7788847536227,4734.01495712409,145.040535238442
0.7377,-280.343672892837,281.951105472898,-1.56925834527222,4732.79650815254,145.025614675971
0.7378,-285.46689462736,276.74950095722,8.59146768912995,4731.5939662861,145.018313525186
0.7379,-290.077108806884,271.336723653078,18.8005711306063,4730.39738597693,144.975621432795
0.738,-294.424764446322,265.494472455567,29.009321332211,4729.20656812294,145.032868933719
0.7381,-298.702006097841,259.542464346477,39.1703312296769,4727.99044247463,145.016549349729
0.7382,-302.454761840338,253.349290392333,49.200980620949,4726.79128517675,144.995431491356
0.7383,-306.081950572897,246.755190527763,59.3144539590015,4725.61524182731,145.015401180191
0.7384,-309.231932640821,239.996959605429,69.2683222308362,4724.40162636064,144.992780592611
0.7385,-312.234040370724,233.096932471171,79.270038144912,4723.25729430652,145.006621528347
0.7386,-314.980161988532,225.807136088447,89.116087243375,4722.08411194304,145.017324939634
0.7387,-317.211063508666,218.317936028382,98.7878333548274,4720.96061592802,145.000958424904
0.7388,-319.232656824842,210.684830851455,108.530250655747,4719.75473710536,144.974538609416
0.7389,-320.985365707501,202.930078508424,118.070848738308,4718.59051931039,145.000024904562
0.739,-322.258300402572,194.774686861151,127.494336173095,4717.48049888592,144.975592364295
0.7391,-323.414742896589,186.637416183244,136.819373036202,4716.36241894557,144.973869208221
0.7392,-324.136167167015,178.090304223378,146.008667005191,4715.2138689963,145.032338283161
0.7393,-324.493132655608,169.528306726585,155.084025859977,4714.08673737636,145.030121461947
0.7394,-324.683151538563,160.718113900615,164.099500516664,4713.00605745656,144.996179798472
0.7395,-324.530900066482,151.726268911146,172.694085765546,4711.91484476863,144.989013364856
0.7396,-323.954247201684,142.639396310287,181.369683937994,4710.78711348343,144.967734282622
0.7397,-323.064216911948,133.47107087774,189.584579946801,4709.72988504242,144.990383222474
0.7398,-321.979033696178,124.037546697548,197.878065107939,4708.63853546664,144.958678496105
0.7399,-320.352278044443,114.591262917326,205.897841390901,4707.51783332662,144.971975001471
0.74,-318.624117664191,105.04402225187,213.565855341627,4706.47002720179,144.971389679165
0.7401,-316.514560831366,95.2574130908052,221.357273569564,4705.44375950975,144.993579851589
0.7402,-314.103448348476,85.3949321032992,228.630017044864,4704.31196445989,144.977773800099
0.7403,-311.356832574671,75.4810098009858,235.739643054053,4703.30239800237,144.968728006267
0.7404,-308.238458789846,65.6356910441035,242.627500535429,4702.21302806008,144.965408907321
0.7405,-305.035167217738,55.575985023873,249.298642286481,4701.21330919319,144.990390336932
0.7406,-301.33974950852,45.4751560739218,255.772688582664,4700.20039962256,144.972720069938
0.7407,-297.303947641183,35.4293564740207,261.908184572576,4699.15516249436,144.9672621206
0.7408,-293.113650453058,25.1709302538801,267.868297244588,4698.16528460252,144.97942650569
0.7409,-288.57051304899,15.1023720083539,273.56467119668,4697.13627662057,144.958086171256
0.741,-283.696863465753,4.74834408826094,278.778702944916,4696.1512881801,144.967614449636
0.7411,-278.642018720467,-5.31930098372328,284.046682144367,4695.11447545245,144.942846209659
0.7412,-273.232357721967,-15.6151418411942,288.833353056275,4694.17376661411,144.934667729032
0.7413,-267.643741579626,-25.8659499357019,293.333308988225,4693.13855184263,144.95377503969
0.7414,-261.785178598758,-35.99368344367,297.538387622123,4692.18280314597,144.926008167884
0.7415,-255.457694345563,-46.0324811594984,301.676646932008,4691.22027854427,144.935858704983
0.7416,-248.99644136016,-56.1393738253831,305.236620205584,4690.26631832657,144.966518110269
0.7417,-242.444580528474,-66.258234396177,308.664213789935,4689.25965420349,144.957114722768
0.7418,-235.534684126991,-76.2249269934366,311.776977520074,4688.32370202002,144.943046945468
0.7419,-228.486657492696,-86.100947492223,314.500474617909,4687.34760602481,144.957667236127
0.742,-221.116980533633,-95.9896560597934,316.91214692905,4686.41479434968,144.952288778263
0.7421,-213.462261230692,-105.521314323914,318.994765616918,4685.47650105857,144.918478317927
0.7422,-205.685238420347,-115.129736130031,320.9208605742,4684.57694455653,144.935043254896
0.7423,-197.684978395868,-124.650498021892,322.326005671138,4683.62755192581,144.912060959032
0.7424,-189.565363073549,-134.10353451329,323.473190671368,4682.64873439518,144.945172322512
0.7425,-181.142315937533,-143.35862021248,324.320756435803,4681.7631645384,144.933332194275
0.7426,-172.563501248472,-152.37734719823,325.007655652345,4680.79421850561,144.891766014643
0.7427,-163.864524609471,-161.299737787539,325.266345900877,4679.89481319103,144.919089533954
0.7428,-154.919476224504,-170.118192907223,325.119313870109,4678.99855840973,144.949096379661
0.7429,-145.93667512709,-178.765176103537,324.624957981387,4678.06201254135,144.957263479889
0.743,-136.768050401481,-187.210309517688,323.978917272193,4677.15805381865,144.94252998338
0.7431,-127.438340673161,-195.531661371354,322.869444854136,4676.2593970849,144.935431705782
0.7432,-117.955141674779,-203.591122938589,321.57634853721,4675.35818965643,144.924199300889
0.7433,-108.322373435356,-211.486527493253,319.892583172673,4674.45372445905,144.922640363142
0.7434,-98.6675728126437,-219.20827928895,317.849859294438,4673.53227668266,144.896045909691
0.7435,-88.852743832355,-226.659873315723,315.482567196974,4672.64587347435,144.935877637861
0.7436,-78.9982468022231,-233.926151078675,312.94817720038,4671.74063277936,144.908843163205
0.7437,-69.0990775753256,-240.888803002743,309.936688213474,4670.87757393211,144.912363040883
0.7438,-59.0632756823352,-247.595621661169,306.701589149997,4669.99467374707,144.908536139067
0.7439,-49.0835646143866,-254.205590597802,303.24522727055,4669.10420357655,144.927555955967
0.744,-38.8598626739416,-260.340318674802,299.396262318591,4668.16172620712,144.933294889147
0.7441,-28.6873070220222,-266.376510052996,295.22634632985,4667.33825495973,144.918196419316
0.7442,-18.5014417398897,-272.135205754127,290.775826478829,4666.37591207784,144.886465393092
0.7443,-8.30042862287101,-277.754721748946,286.092173752196,4665.55423215521,144.897092496389
0.7444,1.84339018928175,-282.870927423083,281.010117985827,4664.63265763104,144.937605044124
0.7445,12.0460865006989,-287.826943660681,275.699705563932,4663.70984940323,144.902508185799
0.7446,22.2923477916753,-292.589397585397,270.241677590655,4662.88277882765,144.91910236957
0.7447,32.4501082458029,-296.92476175488,264.427279403946,4662.00564573112,144.887135627893
0.7448,42.549653743897,-300.991178300872,258.305085877817,4661.0644124572,144.883532924699
0.7449,52.7975285397921,-304.683348151295,251.939986261703,4660.19698519848,144.882184910096
0.745,62.7646895395469,-308.207876624248,245.494362326348,4659.31187983657,144.909904617938
0.7451,72.7358478673713,-311.34971980522,238.627833398357,4658.37666684238,144.897791991268
0.7452,82.7271266928462,-314.339721977048,231.624867799792,4657.49908827792,144.91215106525
0.7453,92.6246809048163,-316.860081239663,224.248018544515,4656.59424579097,144.883546735613
0.7454,102.341213872904,-319.210397141713,216.754626311737,4655.70124268024,144.860133368346
0.7455,111.976715686229,-321.029337458867,209.048980320431,4654.77135920226,144.904332854434
0.7456,121.547652849623,-322.74658533064,201.177628341244,4653.91751712789,144.892253145106
0.7457,131.00956567286,-323.9666089786,192.982851426849,4652.95428397061,144.863961666667
0.7458,140.256332496593,-325.063793593738,184.737709213292,4652.04005462064,144.867176466478
0.7459,149.411589994647,-325.618754731968,176.13252346661,4651.14030452365,144.900654484785
0.746,158.422631309073,-326.065176081426,167.481173388182,4650.19509350522,144.857648592373
0.7461,167.300152636719,-326.107281244996,158.7432288539,4649.26980537432,144.843660086657
0.7462,176.099848327774,-325.724986769285,149.731845238078,4648.32326500233,144.833654121886
0.7463,184.505721436223,-325.176250689488,140.544684277655,4647.41005172802,144.872464347632
0.7464,192.891332058028,-324.162546367523,131.22263224851,4646.4860466806,144.871881905234
0.7465,201.114637944169,-323.007477469526,121.841763454149,4645.54939263658,144.875331357224
0.7466,209.120989398404,-321.340227739994,112.475169388932,4644.585936419,144.901571953971
0.7467,216.824204107962,-319.567202455503,102.675621009462,4643.64879277273,144.859100995031
0.7468,224.384353078354,-317.26625523224,92.9919177808407,4642.65719486386,144.882990196583
0.7469,231.641266544887,-314.856522796387,83.203854707998,4641.70967202485,144.866453118745
0.747,238.770564749935,-311.987460802877,73.125933429595,4640.71127841945,144.849783004601
0.7471,245.698361203054,-308.741335545464,63.2445340710113,4639.74626592261,144.844727472866
0.7472,252.194244201719,-305.34748901856,53.0789715409406,4638.75376029247,144.85894941273
0.7473,258.670535074547,-301.627836186316,43.0765693376964,4637.75556644864,144.874777994931
0.7474,264.743836927555,-297.617265387889,32.9020912530666,4636.77785661998,144.826653027562
0.7475,270.628033398321,-293.308048258177,22.6412929054118,4635.74856448519,144.845418646201
0.7476,276.246313353339,-288.634961612543,12.4800325975755,4634.78052613245,144.845549093577
0.7477,281.574790677571,-283.865434464856,2.22026860484241,4633.75069130687,144.851786400695
0.7478,286.605167285867,-278.677716142185,-7.85650149211919,4632.67851652331,144.905949862705
0.7479,291.437645887757,-273.283741429423,-18.1567352948923,4631.64733651174,144.838154380258
0.748,295.79758084569,-267.574194956589,-28.3317043180914,4630.61335104445,144.832020814635
0.7481,299.987420591918,-261.420733169075,-38.5657936137616,4629.56418023253,144.823503136341
0.7482,303.908564792882,-255.263714028162,-48.6340342516744,4628.52873088125,144.828926089414
0.7483,307.546774838058,-248.780094656058,-58.7855538965002,4627.45739348817,144.864326934144
0.7484,310.793925728601,-241.981613780083,-68.824483324875,4626.40894395078,144.843702260712
0.7485,313.861396315367,-235.07961514313,-78.6854872377989,4625.32940769045,144.841056501094
0.7486,316.467907763706,-227.897812079241,-88.629576698105,4624.22978513669,144.858391434419
0.7487,318.834826049105,-220.435369977131,-98.4754502265746,4623.15402992159,144.894426570062
0.7488,320.998588559643,-212.693307078062,-108.154697418412,4622.06768322762,144.842142866518
0.7489,322.750607564212,-204.9045829657,-117.707612599765,4620.89931685131,144.786221610396
0.749,324.124419328414,-196.928300275356,-127.202194435731,4619.79927234071,144.846955525841
0.7491,325.228127555728,-188.554980674599,-136.558231122167,4618.67554098584,144.798570304635
0.7492,325.998340972596,-180.196172324018,-145.857032124934,4617.56235292691,144.798360974599
0.7493,326.466568205787,-171.516909903458,-154.895953208192,4616.41520979783,144.818307276882
0.7494,326.597195307086,-162.753454010124,-163.937044635859,4615.23916375471,144.836194935851
0.7495,326.436571513095,-153.795443193987,-172.60719313496,4614.10465455303,144.849052499051
0.7496,326.062261681058,-144.721756683883,-181.21429347308,4612.93282674863,144.832720274651
0.7497,325.042701607149,-135.487782803767,-189.682522745404,4611.75106089576,144.800517654275
0.7498,324.08683829097,-126.3343785373,-197.888150228949,4610.56525200974,144.833917262016
0.7499,322.588605030385,-116.652112844158,-205.944140956115,4609.41213688105,144.792122018917
0.75,320.722794589199,-107.016015269245,-213.91277210831,4608.19243206836,144.803426481324
0.7501,318.772863374159,-97.2441382769929,-221.369745249353,4606.95664870946,144.80580329496
0.7502,316.326062947299,-87.4800071151807,-228.883248111314,4605.76950640954,144.833875320995
0.7503,313.571376973225,-77.691615496876,-236.010600789216,4604.54234276347,144.788902327803
0.7504,310.55422358381,-67.6710683237917,-242.943803548576,4603.36428177812,144.808241619702
0.7505,307.333194848073,-57.4978867414719,-249.691720247434,4602.07893203775,144.811557895931
0.7506,303.737649084586,-47.5139629840922,-256.22107124529,4600.83720528379,144.817866570158
0.7507,299.770018490224,-37.333630664014,-262.411996489223,4599.58031122927,144.806072448738
0.7508,295.554174175064,-27.2540396343889,-268.431571181781,4598.33797946311,144.790988937792
0.7509,290.992956654337,-16.8526860275518,-274.054415673789,4597.05276611977,144.7581517727
0.751,286.248500895173,-6.6957613747205,-279.51886338158,4595.76826783708,144.766161139305
0.7511,281.233355909156,3.50278906125617,-284.598483311364,4594.50431269662,144.778871482314
0.7512,275.837757434476,13.681483080418,-289.547889302323,4593.20084769996,144.791724989512
0.7513,270.19026837945,23.8112759268155,-294.200234023175,4591.87661279615,144.76019668732
0.7514,264.41390413079,34.0877872083391,-298.490407886747,4590.58521126781,144.772364264701
0.7515,258.205524756639,44.2832370114443,-302.452901110097,4589.26041736209,144.803343587077
0.7516,251.791784392147,54.3058043621036,-306.170407880574,4587.92369456416,144.784886162577
0.7517,245.169367015473,64.4631599318779,-309.527757291549,4586.62164418002,144.801225314327
0.7518,238.316513510679,74.4508456205674,-312.692556560964,4585.27437969153,144.785068134034
0.7519,231.12631080804,84.4374961219871,-315.484427403111,4583.96670615222,144.769404262602
0.752,223.835262151699,94.1658241900192,-318.052177201143,4582.60475849237,144.820134499817
0.7521,216.259860183005,103.988938697352,-320.177363372861,4581.25118921893,144.771339429417
0.7522,208.501325160737,113.632817709852,-322.034409052657,4579.87513422147,144.765473352321
0.7523,200.469489649977,123.09112078581,-323.574348579876,4578.51196270572,144.781630398639
0.7524,192.210522759776,132.629508471655,-324.783614537613,4577.17491688877,144.73034507006
0.7525,183.834746559901,141.830523343776,-325.710769591023,4575.72618063717,144.731667318845
0.7526,175.30209628288,151.051014891939,-326.446962917915,4574.38958292133,144.769283402769
0.7527,166.60319306127,159.975098804987,-326.519568808367,4573.0115935416,144.773879435926
0.7528,157.731813085896,168.842059467834,-326.499452893068,4571.59654002183,144.724303044032
0.7529,148.678648056721,177.530818073284,-326.160154562606,4570.19604385288,144.767120025488
0.753,139.650155367351,185.976899727664,-325.481392108878,4568.8334909028,144.801964366021
0.7531,130.057218025978,194.240286684689,-324.541821857736,4567.46602006602,144.749905809062
0.7532,120.641260416246,202.2821834053,-323.123794541986,4565.98840032936,144.764666984731
0.7533,111.186646763037,210.477536430543,-321.483727489428,4564.61334593059,144.746243976309
0.7534,101.43828340322,218.130089197753,-319.526570306722,4563.18576030923,144.721285452711
0.7535,91.7543621016048,225.538205948961,-317.203599045018,4561.78221270997,144.721676793778
0.7536,81.8137937988964,232.874348118551,-314.652327878806,4560.35745936794,144.745882257201
0.7537,71.9700075779794,239.991140774249,-311.820036800271,4558.92665597238,144.725797301523
0.7538,61.8755419341369,246.687769339433,-308.613324963023,4557.51729115563,144.721582262286
0.7539,51.7427878174771,253.277791290723,-305.017149774607,4556.0296295349,144.765228121033
0.754,41.6369500749835,259.545099348382,-301.281670833278,4554.62197621346,144.74209771669
0.7541,31.4225962619862,265.643175373303,-297.173402562241,4553.19967065098,144.730068073728
0.7542,21.2130910177814,271.537677510043,-292.746462997714,4551.76004104964,144.743988650605
0.7543,11.0342293980391,277.065977501424,-288.061975234615,4550.31387791295,144.767309075035
0.7544,0.7394460812083,282.351312633319,-283.141751850278,4548.88131617218,144.729278226364
0.7545,-9.44199757669225,287.35464700976,-277.90214780213,4547.40712500723,144.730131513679
0.7546,-19.7346487150837,292.084718183649,-272.334854042158,4545.9947879129,144.760362907345
0.7547,-29.9762393848098,296.439725794769,-266.494117643999,4544.56879613368,144.732471628249
0.7548,-40.1324317383047,300.485117959564,-260.502205339295,4543.13238290097,144.742028808331
0.7549,-50.148188992636,304.420773151384,-254.215516876527,4541.70217960704,144.703003567101
0.755,-60.3094789280983,307.952962564474,-247.653120639445,4540.21600270487,144.735574531155
0.7551,-70.3423278078011,311.168411997805,-240.818298570492,4538.7443023805,144.749177861359
0.7552,-80.2349341565225,314.085752895083,-233.787417463642,4537.3509858686,144.710847085411
0.7553,-90.1402630638676,316.723424327977,-226.500309991639,4535.89146072665,144.720290261679
0.7554,-100.03085094894,318.993054478166,-219.026546204956,4534.45440618537,144.747362573611
0.7555,-109.710452559986,320.988555338142,-211.313812227978,4532.96969657988,144.740524540312
0.7556,-119.192778549643,322.696428832855,-203.376298455991,4531.5076965971,144.726049004491
0.7557,-128.608019650557,324.015847715293,-195.374907660991,4530.07990061435,144.694212754927
0.7558,-137.982567672226,324.949650538416,-187.050600369832,4528.70265964481,144.752725456558
0.7559,-147.322108675888,325.757206386189,-178.534082939285,4527.19011907301,144.740658565825
0.756,-156.265486778283,326.137232362089,-169.921498277053,4525.75055836906,144.708751457173
0.7561,-165.205964805441,326.163907486569,-161.101828897071,4524.35902570332,144.698676293854
0.7562,-173.942550800431,326.013990491201,-152.040276506253,4522.92862306097,144.730216173137
0.7563,-182.466315604478,325.368984462384,-142.839333565066,4521.502085991,144.672747236498
0.7564,-190.958940571773,324.554516223001,-133.68193886335,4520.07085514349,144.694518356334
0.7565,-199.050439606826,323.370535035882,-124.198354501269,4518.65891904197,144.695241036841
0.7566,-207.163975030664,321.7340893143,-114.725149754008,4517.24864124956,144.72266989567
0.7567,-214.96085498411,319.918422880666,-104.990444486985,4515.79233702895,144.701805825642
0.7568,-222.496192381614,317.726867436451,-95.2603140976495,4514.42343959027,144.715158477324
0.7569,-229.860789880397,315.345353698847,-85.469593000651,4513.04470793201,144.711353792027
0.757,-236.974238533014,312.543278991071,-75.4767761418164,4511.55467791018,144.692067341483
0.7571,-243.938297459641,309.420875045614,-65.5101517882432,4510.18384847572,144.710820583647
0.7572,-250.560394022203,306.110464317874,-55.396580730945,4508.80411841632,144.710137379535
0.7573,-257.082611057238,302.429584566456,-45.3503195165238,4507.41396854111,144.694040358546
0.7574,-263.281539941967,298.410800033894,-35.1791478496144,4505.99563442211,144.689222959765
0.7575,-269.17434211794,294.037033356059,-24.9802338889314,4504.65902028484,144.666621372085
0.7576,-274.834961977991,289.47372367455,-14.8312730121794,4503.25010700839,144.689555564203
0.7577,-280.154838497319,284.690026618796,-4.52777398073515,4501.85175372278,144.677916149026
0.7578,-285.271332762429,279.404626081246,5.65492776890253,4500.50208125092,144.696302383475
0.7579,-290.056583186868,274.152570707104,15.9932551145818,4499.11798342588,144.648482478934
0.758,-294.622115393389,268.416987156972,26.3051616410926,4497.7663668378,144.718779996758
0.7581,-298.877625295475,262.369359222848,36.3870954002759,4496.41696054522,144.679195283802
0.7582,-302.803818645071,256.250974432058,46.546757057592,4495.07932733659,144.703948836434
0.7583,-306.41836652085,249.697958547722,56.8124444251816,4493.75074620051,144.671307098498
0.7584,-309.739759395934,243.076666071034,66.7688542695302,4492.35228416297,144.656313619943
0.7585,-312.861703140073,236.171438018749,76.7813530122473,4491.08944368417,144.672416542495
0.7586,-315.4722173329,228.861461108585,86.6108150271713,4489.72798791305,144.686700408495
0.7587,-317.957701229331,221.45424888198,96.5451334938375,4488.43863827616,144.686984848812
0.7588,-320.103058329909,213.901299274636,106.209807429958,4487.09431410871,144.696368610145
0.7589,-321.890562067906,206.008504944071,115.912912148913,4485.8305876851,144.65408443948
0.759,-323.389550947171,197.98670305366,125.358649210782,4484.46986179739,144.670237299507
0.7591,-324.44173010532,189.765944034373,134.708815234601,4483.19358600699,144.654191318286
0.7592,-325.397394543295,181.299817374029,144.051301542062,4481.93544254658,144.64906879144
0.7593,-325.865538798384,172.65398604655,153.146943755567,4480.61898693646,144.707423599446
0.7594,-326.064459422736,164.003714371609,162.18608053435,4479.33008053392,144.679495088625
0.7595,-325.951779740268,155.040101744895,170.842105266513,4478.02364298407,144.662601153483
0.7596,-325.45549709299,145.963000706664,179.557676447429,4476.82191027287,144.671473914003
0.7597,-324.619560951718,136.754651823197,187.992052695284,4475.53987566475,144.668553398233
0.7598,-323.637059229921,127.3385961278,196.293516362257,4474.26331233906,144.686403774254
0.7599,-322.270736185858,117.873595574091,204.480747760642,4473.03379418998,144.678013832898
0.76,-320.508989023765,108.185361709075,212.25162511441,4471.81386836891,144.639959674878
0.7601,-318.460505493517,98.5089911596806,219.97625923928,4470.53169977299,144.65845237327
0.7602,-316.184063930309,88.7151452258938,227.422887805265,4469.35254775376,144.619295389826
0.7603,-313.392031526147,78.8574927255888,234.662420201964,4468.08942604792,144.625381495966
0.7604,-310.536623317185,68.8056955095076,241.67011190093,4466.89356663978,144.625376567418
0.7605,-307.340424826543,58.8039411580012,248.530999219004,4465.65485353817,144.60580973776
0.7606,-303.63397731854,48.695764507221,254.977115213019,4464.48903905988,144.684546150105
0.7607,-299.858507662698,38.5484685099247,261.224591460112,4463.28904175067,144.615594243628
0.7608,-295.626332245496,28.3250283106308,267.304225708989,4462.12813018894,144.626784299875
0.7609,-291.087424328611,18.0560153812948,272.99238562308,4460.88657046124,144.642075511959
0.761,-286.365945810757,7.82831457445593,278.501282973162,4459.72130289542,144.679124310764
0.7611,-281.327544536863,-2.3587202702075,283.661397944406,4458.52373375639,144.638073292821
0.7612,-275.974950883098,-12.5933243000178,288.551034155507,4457.40904324173,144.623700046018
0.7613,-270.454727521639,-22.796022244396,293.303738992274,4456.23022998639,144.616524536381
0.7614,-264.656526748377,-32.9813388324386,297.62250322867,4455.04963349048,144.603555733375
0.7615,-258.428084208922,-43.154823159893,301.614529071733,4453.89650998267,144.645191634422
0.7616,-252.055005834565,-53.3003840413047,305.41676010957,4452.77267611651,144.635739262935
0.7617,-245.464981419809,-63.4655330151916,308.907329893897,4451.59999516277,144.617089882813
0.7618,-238.67200127999,-73.469342285258,311.989606464242,4450.4435206101,144.583799219469
0.7619,-231.426499478866,-83.3723272475227,314.894613923601,4449.33336861022,144.627435888689
0.762,-224.101214963602,-93.1714504355365,317.419925738901,4448.23666900217,144.630643221124
0.7621,-216.535162217982,-102.998251284802,319.58276984128,4447.05919709262,144.614411614883
0.7622,-208.802196215017,-112.768316532696,321.560191351293,4445.96517274746,144.61111207345
0.7623,-200.872294202334,-122.300241072969,323.184178659775,4444.82823571953,144.618001623262
0.7624,-192.843020858278,-131.751764095585,324.472264197087,4443.76742597827,144.604557937315
0.7625,-184.34424648582,-141.027641930044,325.393496877066,4442.61628526738,144.62855126694
0.7626,-175.856541624131,-150.251602072892,326.034921644349,4441.5410640713,144.584117444479
0.7627,-167.041819000214,-159.331795914282,326.357272037011,4440.42667362391,144.659303755935
0.7628,-158.304311821165,-168.162107689004,326.387682446383,4439.37136251297,144.604555253765
0.7629,-149.169397735465,-176.88473677447,326.068581284768,4438.24064732876,144.595743893252
0.763,-140.061725963628,-185.348677907114,325.305196358297,4437.15220134171,144.595534251917
0.7631,-130.666309376998,-193.758978613592,324.367998311475,4436.08254181889,144.599609995258
0.7632,-121.341246223242,-201.839851587437,323.123286821997,4434.99120299912,144.583419565583
0.7633,-111.679962036768,-209.922372038336,321.545621432937,4433.93491582464,144.594491281824
0.7634,-102.066758149655,-217.654957646357,319.679397689512,4432.81249658865,144.597424096606
0.7635,-92.2486301802266,-225.165364495694,317.412641221884,4431.73301768897,144.596148066446
0.7636,-82.3731730220478,-232.48814008237,314.87999983742,4430.66910127472,144.627155547001
0.7637,-72.417170787984,-239.597248565723,311.92521347655,4429.59023713526,144.588086064805
0.7638,-62.4132235670591,-246.45382857807,308.856079618365,4428.53878667433,144.57496424208
0.7639,-52.2691659202764,-253.081162689041,305.393392575365,4427.46171960944,144.605462285646
0.764,-42.1488710936865,-259.464928235841,301.549901356797,4426.40183993287,144.57077134008
0.7641,-32.0416278815994,-265.492922268436,297.526471880886,4425.35474247038,144.573744124652
0.7642,-21.7361874879708,-271.292309630395,293.168668879167,4424.25688035769,144.597148266067
0.7643,-11.5314566828605,-276.959648028599,288.481156392434,4423.216499819,144.616783993495
0.7644,-1.318891690426,-282.239172346261,283.569282560289,4422.10328019864,144.568149856175
0.7645,8.96876506790263,-287.3510452335,278.280865035802,4421.06395064274,144.568456149589
0.7646,19.2697185365309,-292.11305641596,272.851573409893,4420.01397072204,144.586904739398
0.7647,29.4969180547897,-296.657132237684,267.114141129742,4418.94637305885,144.590512748849
0.7648,39.6568638334407,-300.754986665333,261.078282751379,4417.88844346014,144.630531555415
0.7649,49.8657370592334,-304.713908451824,254.774838501735,4416.85261537959,144.556097191237
0.765,59.9016148512685,-308.204536978246,248.298711740042,4415.75785845143,144.594689228411
0.7651,69.8694078536922,-311.464981384792,241.511343327015,4414.7020051426,144.565863269044
0.7652,79.9340821194237,-314.511160264839,234.5754102999,4413.69526799416,144.577055708179
0.7653,89.8647026266951,-317.021793820256,227.274063616454,4412.57750735529,144.56120461862
0.7654,99.5855383185601,-319.516964170295,219.764797355366,4411.50834001679,144.590037544375
0.7655,109.320965725951,-321.514138171331,212.095759700164,4410.43458962022,144.5764107486
0.7656,119.026237183448,-323.238707585235,204.199356621552,4409.36704346185,144.539804058038
0.7657,128.435034570625,-324.563927191911,196.143422936552,4408.31427201252,144.555318104355
0.7658,137.921377619719,-325.697065714118,187.92546702001,4407.19467486217,144.542271900306
0.7659,147.107043733545,-326.582511530721,179.2908219092,4406.19026460258,144.586213695551
0.766,156.211589164241,-326.91055778246,170.77601323774,4405.04821068912,144.543896160794
0.7661,165.061046425889,-327.080602374861,161.913805176705,4404.03323508736,144.546220349944
0.7662,173.871998711632,-326.88184131395,152.95238414331,4402.93809314872,144.560260262468
0.7663,182.520875001,-326.328133563252,143.857605275993,4401.86123515184,144.547596717088
0.7664,190.951070485551,-325.352552073954,134.588265533519,4400.76132466031,144.545187213935
0.7665,199.140331133605,-324.232976349493,125.110229910347,4399.70698928684,144.581017547826
0.7666,207.270603797035,-322.855719201602,115.592278773972,4398.58995351668,144.515764975532
0.7667,215.003901091081,-321.026750659386,105.987245392535,4397.47341068211,144.532207433191
0.7668,222.71099693222,-318.957560128249,96.2681661672569,4396.38455397898,144.542693912627
0.7669,230.049530373606,-316.555768087031,86.3787234747401,4395.28762686529,144.517071383001
0.767,237.380328151066,-313.705700266101,76.3651961420687,4394.18576237696,144.542345988867
0.7671,244.21585170949,-310.630123902718,66.4639409784361,4393.07424908701,144.505345614014
0.7672,250.973986657527,-307.26000925784,56.4568396257581,4391.94418755666,144.497101692161
0.7673,257.420991654859,-303.648430242336,46.25885916434,4390.8241741595,144.54990874986
0.7674,263.573942428671,-299.712070247507,36.1036407561789,4389.71893823927,144.539833048314
0.7675,269.509078488795,-295.437890617007,25.8753789941315,4388.57869972216,144.537568666189
0.7676,275.319617579785,-290.870943042577,15.7031285091779,4387.46124936585,144.49948573139
0.7677,280.66071737025,-286.180266034361,5.47918662566243,4386.33587527714,144.555426519175
0.7678,285.863453376298,-281.020511587784,-4.76533817903646,4385.20516051838,144.53929850639
0.7679,290.774955353239,-275.50772715153,-15.1517189627014,4384.04450944317,144.551198760252
0.768,295.219995749842,-269.856787865184,-25.3425159595354,4382.84127210696,144.527425339571
0.7681,299.584598351142,-264.083306840446,-35.4698305478482,4381.74273345369,144.498679599666
0.7682,303.597480543241,-257.835236774768,-45.6969729161133,4380.57060700076,144.513420790366
0.7683,307.169428479499,-251.38218728879,-55.9384052096154,4379.37943369054,144.527908755696
0.7684,310.711177457449,-244.619017461605,-65.86091476596,4378.18575366497,144.515662906988
0.7685,313.712363868351,-237.766944697039,-75.8473737075963,4377.06627323845,144.499886655588
0.7686,316.479004971438,-230.62204527153,-85.8513450091748,4375.86743126857,144.540825687885
0.7687,318.970748235625,-223.173462091415,-95.7704940886069,4374.66927072201,144.483431347421
0.7688,321.059150404325,-215.557368703165,-105.529461575407,4373.47279215669,144.524450308521
0.7689,322.988141858645,-207.865349382644,-115.139175356548,4372.24259974514,144.481055677833
0.769,324.48881160361,-199.815577631177,-124.663864656566,4371.05555968564,144.498826497603
0.7691,325.626538760517,-191.548555004562,-134.075182362199,4369.85101037977,144.478560074699
0.7692,326.651859753918,-183.177437748127,-143.314167726314,4368.64257342782,144.47061715396
0.7693,327.157573583459,-174.692052293663,-152.602468989856,4367.38069794759,144.488019693318
0.7694,327.399453995526,-165.901022056482,-161.513834916462,4366.18540534467,144.484891027584
0.7695,327.281381921867,-156.964532911499,-170.347001806593,4364.96498333459,144.50350869307
0.7696,326.943877313358,-147.784352669581,-179.068592487074,4363.7285840264,144.542197679033
0.7697,326.169054263921,-138.588154482093,-187.548696098441,4362.46622395859,144.478433746916
0.7698,325.082604055184,-129.326337444191,-195.921456797022,4361.22287188631,144.472420194698
0.7699,323.80827213547,-119.77847127506,-204.021404971062,4359.94265022254,144.461330330648
0.77,322.03906803743,-110.242988440089,-211.934214896987,4358.68131258131,144.490960493603
0.7701,320.127872721579,-100.519618310642,-219.69932749922,4357.455945642,144.516598168397
0.7702,317.75344541463,-90.6614149796718,-227.090198362498,4356.18866401971,144.49863154499
0.7703,315.157973200015,-80.792388991459,-234.375975280449,4354.88392955582,144.488068987132
0.7704,312.270168769711,-70.8755921477297,-241.377616613546,4353.57226215186,144.469072421459
0.7705,308.98778631005,-60.7501572696906,-248.310871508409,4352.27163020093,144.52581312479
0.7706,305.395948002138,-50.6735063821125,-254.865051011869,4350.9872276642,144.459902402175
0.7707,301.649179020391,-40.5142946412032,-261.177916568527,4349.70422343753,144.459034042927
0.7708,297.491430517654,-30.2603411253404,-267.243292106587,4348.39324405836,144.465474007764
0.7709,293.024536330029,-20.1213502882376,-272.952078124115,4347.07713166545,144.459582367809
0.771,288.334402561148,-9.72791210755176,-278.502100361677,4345.73845642806,144.498952329653
0.7711,283.306638296646,0.477557672609727,-283.756244343454,4344.44909490777,144.465207140801
0.7712,277.907907850699,10.6597168549974,-288.780822308409,4343.09818202722,144.473852401194
0.7713,272.460148263622,20.9088411512198,-293.41070787753,4341.76776517382,144.476079442735
0.7714,266.627004514023,31.1755059633519,-297.792252327249,4340.45562596408,144.475972373187
0.7715,260.522198051255,41.3148172137798,-301.839405801548,4339.09694689959,144.508267059994
0.7716,254.223827724807,51.6177850538944,-305.744141712291,4337.75447945825,144.476873472854
0.7717,247.643233542014,61.6388480496976,-309.21187692886,4336.40060812485,144.494412142657
0.7718,240.826327611177,71.7068095120742,-312.441598595224,4335.07470889238,144.445340315813
0.7719,233.789016944833,81.7090860460448,-315.376663312635,4333.68718366698,144.466717518979
0.772,226.41797238977,91.464803543992,-317.984100748828,4332.30520699089,144.452472335797
0.7721,218.838186913714,101.290066571655,-320.181417843121,4330.97289377794,144.440883295942
0.7722,211.082815465431,111.034974717264,-322.244869334973,4329.6097721481,144.442114456751
0.7723,203.164041246544,120.633374248551,-323.813402676245,4328.21066908877,144.445618837212
0.7724,195.07437119235,130.079780956388,-325.1853506441,4326.81652243948,144.458722444733
0.7725,186.63450331751,139.337933762733,-326.160675535989,4325.46682340601,144.448773635901
0.7726,178.30796657751,148.580144100611,-326.833747963164,4324.06364830601,144.448300484995
0.7727,169.425110759292,157.584155448487,-327.215016448459,4322.66419192187,144.464686981503
0.7728,160.695062687826,166.550219689695,-327.236622925046,4321.27086967941,144.468331924172
0.7729,151.567780581231,175.408438343635,-326.961528794035,4319.88567056563,144.421171951849
0.773,142.554922633677,183.893068544161,-326.377319070895,4318.47920996136,144.43423872349
0.7731,133.15169834662,192.281258447779,-325.366372516168,4317.07640345489,144.455763772165
0.7732,123.786456847087,200.521079123403,-324.209831241416,4315.63956029148,144.442357660735
0.7733,114.218209709497,208.431482506177,-322.719789657161,4314.28180107384,144.449138069639
0.7734,104.488062481495,216.155513749279,-320.68013277506,4312.8226313886,144.460085114213
0.7735,94.6619431642894,223.840675307904,-318.556225962041,4311.47482929146,144.43307051151
0.7736,84.8788132348199,231.26187215122,-316.160603853479,4310.06116404594,144.452157296372
0.7737,74.9561331455201,238.321810306342,-313.231514759572,4308.63762408371,144.44532591723
0.7738,64.8395077337595,245.307345733348,-310.126014967105,4307.19403242468,144.414013398472
0.7739,54.8697352208845,251.883540340567,-306.691909962546,4305.79618563178,144.458606174247
0.774,44.6774884807706,258.386875465396,-303.021469613852,4304.32807041624,144.442622273017
0.7741,34.4500542308436,264.442063134248,-298.971348915021,4302.94696233167,144.453093398929
0.7742,24.1978448420162,270.291890960268,-294.631254746003,4301.51329892892,144.441646803666
0.7743,14.1236336885016,275.873142578723,-289.949366580427,4300.12366655926,144.390264271614
0.7744,3.79650092382002,281.305749274949,-285.126951314742,4298.70265241823,144.434294782676
0.7745,-6.52648384470741,286.438544097036,-279.951068850537,4297.22123721636,144.412533365769
0.7746,-16.8124842459091,291.237083005786,-274.538163503623,4295.84033874163,144.409239709163
0.7747,-26.9950751741247,295.724022778021,-268.748406743038,4294.41791956996,144.431745698404
0.7748,-37.106959511831,299.927755084064,-262.793578688473,4292.96079837191,144.392877792377
0.7749,-47.344783011664,303.889002663016,-256.549620295219,4291.55459397077,144.406363010177
0.775,-57.3751657808349,307.459311485512,-249.934455002203,4290.12844348373,144.404634474539
0.7751,-67.528812428045,310.814165031597,-243.275053558318,4288.71258311062,144.452181819041
0.7752,-77.6146523822448,313.728357018591,-236.386728427105,4287.29933162416,144.438670704535
0.7753,-87.3372740519395,316.609956444714,-229.094799873762,4285.89719724926,144.431633173413
0.7754,-97.3226098912979,318.813490036314,-221.637025352469,4284.45414706386,144.441406229556
0.7755,-106.995645482883,320.967735857209,-214.057977013034,4283.02562295737,144.403363760648
0.7756,-116.6822456789,322.802114371287,-206.068337064439,4281.58669154016,144.395850658821
0.7757,-126.154343502947,324.231066684272,-198.040703773575,4280.22043415542,144.429983177978
0.7758,-135.673447043107,325.359003218143,-189.794628149608,4278.7920253894,144.413302224008
0.7759,-144.81638911957,326.22777302311,-181.37822052098,4277.3906288366,144.351246386521
0.776,-153.978896413836,326.662917741455,-172.776379279267,4276.00742185832,144.370030000347
0.7761,-162.999985602156,326.826457220046,-163.884258575875,4274.5843815685,144.394110951427
0.7762,-171.744097304759,326.6867716596,-154.98194667559,4273.20609271046,144.388860101882
0.7763,-180.386037341503,326.192548838011,-145.817895240065,4271.75546775694,144.382064488329
0.7764,-188.830263299124,325.444459805395,-136.634755006333,4270.4455762147,144.383656307926
0.7765,-197.145043091253,324.256034501216,-127.169011596544,4269.03366747973,144.392073637962
0.7766,-205.17727026489,322.80681444632,-117.70827396986,4267.58527515889,144.400023430686
0.7767,-212.998967602492,321.025698615482,-108.142447172852,4266.23804226525,144.406795138496
0.7768,-220.640317910951,319.024845349811,-98.3274516570314,4264.84432813367,144.384569670045
0.7769,-228.215840352729,316.58070013885,-88.4711190952551,4263.50847363848,144.390188959027
0.777,-235.385520240365,313.921472147769,-78.5860101807187,4262.09934238933,144.364254689965
0.7771,-242.396148520961,310.867948956437,-68.6464057956103,4260.72535727171,144.404196669841
0.7772,-249.104174463975,307.626189044983,-58.4876096789112,4259.36748322438,144.395765361491
0.7773,-255.608566099286,304.008777152688,-48.2997442144653,4258.03290020406,144.382206088314
0.7774,-261.938885032469,300.121659302004,-38.3399644079779,4256.67990524447,144.369123773931
0.7775,-267.719874214945,295.868029347987,-27.9972606125119,4255.31157697632,144.354169533689
0.7776,-273.571006695395,291.33714571686,-17.6364463502325,4253.96752429092,144.35584765452
0.7777,-279.001779755346,286.597618839487,-7.54293215835748,4252.60764264459,144.39051438209
0.7778,-284.268160770371,281.503865802362,2.67053234207061,4251.29603401075,144.352725120482
0.7779,-289.18793865166,276.124675155278,12.9715212447083,4249.93679682361,144.361282857377
0.778,-293.755726927225,270.507282660579,23.2645452244411,4248.62498157148,144.337676917453
0.7781,-298.110332139347,264.664830566522,33.4522038910088,4247.28375930364,144.353052876157
0.7782,-302.199785134329,258.504941762591,43.7496057982542,4245.95750699445,144.371339454389
0.7783,-305.911626305714,252.047199282123,53.7624608509152,4244.65534104433,144.382283856067
0.7784,-309.289721507307,245.4486796089,63.8271684976016,4243.33853267146,144.380445034483
0.7785,-312.493452011167,238.537240375171,73.8747595898753,4242.06722939783,144.346743507285
0.7786,-315.316314265208,231.336785071561,83.8045900053855,4240.74350111342,144.346375711337
0.7787,-317.760728050789,224.135170850299,93.8013986375873,4239.44926685182,144.383686588744
0.7788,-320.069464076138,216.456582955943,103.461412542838,4238.16902966903,144.33460785228
0.7789,-321.942610477623,208.680571544328,113.179018377773,4236.90226151678,144.366854173293
0.779,-323.327931850972,200.694037749465,122.735214878706,4235.6234555964,144.344977800089
0.7791,-324.601111073386,192.541324995615,132.141648302074,4234.29296051547,144.375281546315
0.7792,-325.642843136695,184.098606430397,141.526627318853,4233.07606868367,144.325524805711
0.7793,-326.314823697268,175.606065059023,150.754030722837,4231.81586832235,144.307527032029
0.7794,-326.50442851858,166.838265276078,159.653962672641,4230.55080127065,144.356045119096
0.7795,-326.443297804941,157.943986487985,168.654093534116,4229.30336767404,144.367019703069
0.7796,-326.148453364803,148.927154109571,177.206380724975,4228.09900129559,144.369197381197
0.7797,-325.531779338433,139.714066701807,185.8405754904,4226.80027322949,144.339701326733
0.7798,-324.467000652687,130.295854390743,194.162819449059,4225.60238000191,144.353652955381
0.7799,-323.128946231569,120.86490085974,202.344419103015,4224.38892717735,144.3605934425
0.78,-321.548488427917,111.253667046881,210.265592692925,4223.1756823781,144.311680745691
0.7801,-319.643818799945,101.604421289323,218.027047425873,4221.98688233023,144.333509817326
0.7802,-317.269130530737,91.6719252558808,225.596439657585,4220.72982701759,144.306422282526
0.7803,-314.72359908374,81.88935714296,232.872771307637,4219.53862034964,144.338465795572
0.7804,-311.72192917787,71.824958936222,239.870120868927,4218.39168158323,144.328250446764
0.7805,-308.565520189385,61.9361654343069,246.65605115908,4217.13951857024,144.318723425833
0.7806,-305.117369693963,51.8620887149999,253.338368599115,4216.00598758395,144.335941025219
0.7807,-301.311885050322,41.6343418444487,259.64427327232,4214.85400814676,144.308906626986
0.7808,-297.224019296052,31.3474494040912,265.716748899051,4213.6458273377,144.329567456095
0.7809,-292.835760066256,21.1933317661528,271.585124287593,4212.45507979269,144.32736357768
0.781,-288.123425183271,10.9617195270461,277.138485690875,4211.3418678055,144.305676353648
0.7811,-283.15627303282,0.676887281165317,282.512153026295,4210.17166978773,144.299313361605
0.7812,-277.952984127029,-9.58569417411076,287.456842798998,4209.01011831469,144.319515822112
0.7813,-272.404409948737,-19.7605353648177,292.18180985403,4207.86842628246,144.377844388387
0.7814,-266.649255542088,-29.9022931002631,296.555600560672,4206.7327179936,144.318648838061
0.7815,-260.581471169247,-40.2090873979178,300.848259307177,4205.58166313665,144.295530289483
0.7816,-254.259447916421,-50.3946601673865,304.696713661829,4204.43384171592,144.288335318597
0.7817,-247.727965559211,-60.4755713098127,308.256958933384,4203.30976124292,144.32636222738
0.7818,-240.928834864779,-70.562506994945,311.39251781026,4202.22040059238,144.29464586626
0.7819,-233.883764860008,-80.5020769021233,314.496940448042,4201.10503561471,144.333443768727
0.782,-226.596004541828,-90.479860185561,317.086288651445,4199.9829219535,144.324350331448
0.7821,-219.138764017145,-100.250855019444,319.327101510373,4198.88323857085,144.296494329922
0.7822,-211.388981804826,-110.012610050908,321.3852308403,4197.78687015281,144.279885750462
0.7823,-203.511288207273,-119.562622933856,323.035166181541,4196.69883801007,144.289874798905
0.7824,-195.351801050357,-129.047926509439,324.421194175444,4195.60634187277,144.306064705106
0.7825,-187.094761938464,-138.418500069018,325.423892914653,4194.48291345035,144.302906651261
0.7826,-178.521675816887,-147.624878443262,326.171547139018,4193.39422216175,144.28131468337
0.7827,-169.790921554831,-156.782419149249,326.573315472628,4192.38764253306,144.331753831665
0.7828,-160.995664427357,-165.675163107627,326.682319269675,4191.29763801405,144.304910776605
0.7829,-152.069037614217,-174.417139298812,326.451066459932,4190.18828149077,144.302055077153
0.783,-142.80125475433,-183.12442043355,325.889909632466,4189.08834041829,144.308754283405
0.7831,-133.645460043135,-191.464053445523,325.050551276215,4188.06176128023,144.292087990778
0.7832,-124.172202720908,-199.63369682795,323.871907081814,4186.98069462872,144.311295645904
0.7833,-114.629797846408,-207.674586525047,322.307548238976,4185.94078023818,144.300627288338
0.7834,-104.993130252245,-215.449936210945,320.512991676838,4184.88844722215,144.291574301608
0.7835,-95.327391436497,-223.166819876178,318.372022201492,4183.85039511033,144.297175808375
0.7836,-85.4266537236122,-230.481134618553,315.889415344843,4182.7871433283,144.281681250534
0.7837,-75.4457787505055,-237.716226765819,313.004709780285,4181.78440908514,144.227086019818
0.7838,-65.4167822491612,-244.659161362173,309.982174922121,4180.69710161887,144.285846830383
0.7839,-55.3247397600353,-251.297916265772,306.505818723711,4179.63987729294,144.311636095798
0.784,-45.2058543912479,-257.750933298424,302.906009935498,4178.58559282453,144.267999263316
0.7841,-35.0828254813792,-263.936419924708,298.999700097889,4177.55955716609,144.259706265233
0.7842,-24.8197742841488,-269.846940731003,294.679727732473,4176.51273789006,144.259652276241
0.7843,-14.6410006845201,-275.468429814515,290.106160039982,4175.48664605149,144.313076246154
0.7844,-4.28967484573261,-280.893928346644,285.307043734537,4174.4513539159,144.284156836996
0.7845,5.94714143313327,-286.111125118588,280.098409967414,4173.42481216198,144.2963240705
0.7846,16.1821346055564,-290.868174185773,274.733651621195,4172.37546601486,144.270943497016
0.7847,26.3704801253981,-295.480842729941,268.974968770687,4171.41200387205,144.286509169792
0.7848,36.585145710749,-299.621492556804,263.052740640092,4170.29132160176,144.257306397785
0.7849,46.7554608151713,-303.666694866069,256.871099413515,4169.29237917461,144.295868285296
0.785,56.9317617726821,-307.275806016115,250.376091433508,4168.23892968079,144.295876549614
0.7851,67.1022432535581,-310.67538906997,243.568281251094,4167.23133898687,144.259657418944
0.7852,76.9398658627054,-313.708080333798,236.789707705255,4166.25114934766,144.278288547702
0.7853,86.9521488796508,-316.457187144228,229.519092431578,4165.15931944925,144.224715132238
0.7854,96.7485588943284,-318.950705728069,222.147508499624,4164.17736027351,144.257126151243
0.7855,106.591155996494,-321.067245465625,214.491948411579,4163.14638224056,144.257317698986
0.7856,116.145245378866,-322.934380404163,206.611840209314,4162.11637477596,144.2244267194
0.7857,125.681620215258,-324.302149744231,198.671640324981,4161.10291232136,144.266143865185
0.7858,135.056725968819,-325.430151263206,190.33836826342,4160.03638414612,144.275543568016
0.7859,144.377155011828,-326.288230695359,181.916200900268,4159.03103247251,144.268198511182
0.786,153.546218395403,-326.964812834038,173.287654519807,4158.01389239694,144.267556295528
0.7861,162.474716753589,-327.140820336528,164.672194826443,4156.94755060013,144.29986149055
0.7862,171.371251832219,-326.989219264306,155.672454680678,4155.90783762501,144.223356689434
0.7863,180.017751828666,-326.520281163555,146.505480200112,4154.91161444926,144.234502395501
0.7864,188.474049098332,-325.822862895568,137.273074130606,4153.85175776744,144.224393440644
0.7865,196.784381093456,-324.658999197442,128.006881893579,4152.83692539389,144.232590084053
0.7866,204.940430013999,-323.288857713183,118.410642333162,4151.78243833691,144.242661496277
0.7867,212.833424211811,-321.487538868348,108.807950528095,4150.73142471041,144.247578256714
0.7868,220.450649406648,-319.579589609416,98.9978013434696,4149.71877456476,144.21730821092
0.7869,227.964457091166,-317.205852734217,89.2764959536254,4148.68734536785,144.237029376987
0.787,235.195291463263,-314.561930359687,79.3882138727744,4147.65838659689,144.257816180521
0.7871,242.161407928253,-311.725325761001,69.3671176317731,4146.56852161236,144.240539218113
0.7872,249.04344907442,-308.249898693797,59.2791599091421,4145.47524173697,144.238119866093
0.7873,255.492522772724,-304.765639387418,49.1687439150626,4144.45042323732,144.269543806475
0.7874,261.794124059138,-300.829008013614,39.0602829267879,4143.3989124002,144.213929902331
0.7875,267.901061830642,-296.635865831985,28.8835319206253,4142.3686821451,144.265227652652
0.7876,273.543354483922,-292.263171978654,18.639971069495,4141.31041998253,144.287513284513
0.7877,279.186424533329,-287.54621365777,8.34275864865263,4140.22914506309,144.237239251386
0.7878,284.335369307916,-282.411145712854,-1.87918521371202,4139.1560656674,144.194733429068
0.7879,289.298044443538,-277.127280965783,-12.0546507490029,4138.05702499525,144.222233771643
0.788,293.95394932461,-271.519563491633,-22.3791457340327,4136.98750737895,144.250924614133
0.7881,298.194272208622,-265.680714961244,-32.5351392444923,4135.93625659528,144.213033373949
0.7882,302.294009416771,-259.599135207233,-42.8037668668704,4134.8697517861,144.229135360644
0.7883,306.091488772603,-253.25037315897,-52.8148274675837,4133.77896352188,144.223507331578
0.7884,309.650031190821,-246.623280138996,-62.9825293164972,4132.68656420947,144.204911128857
0.7885,312.824761938683,-239.682588101922,-72.9566066069999,4131.56342946732,144.224284053699
0.7886,315.586863359075,-232.611799553271,-82.9021528283354,4130.52275284634,144.214325924947
0.7887,318.221702679316,-225.324194072325,-92.9713626638678,4129.3976048471,144.216312459884
0.7888,320.44572199231,-217.805032460294,-102.674090413158,4128.35067902258,144.219597120068
0.7889,322.303315237967,-210.039135589383,-112.438158722609,4127.20243388428,144.20809920537
0.789,323.985124015264,-202.105563992833,-121.953216820962,4126.09399209399,144.186932040069
0.7891,325.261021976395,-193.944889395367,-131.416287371704,4124.96289661446,144.225060127891
0.7892,326.271701624673,-185.554735084424,-140.726687066575,4123.90993884425,144.206606385436
0.7893,326.83133364568,-176.972829077626,-149.884389724851,4122.74575047318,144.192942551431
0.7894,327.315530560548,-168.223808685933,-158.857059439219,4121.634557065,144.205124376159
0.7895,327.217383821835,-159.382812830436,-167.844579066256,4120.51272015943,144.215515649805
0.7896,326.907637113328,-150.356083256605,-176.580830403515,4119.37798327072,144.210396580901
0.7897,326.273354515279,-141.144580783008,-185.141581122712,4118.22844076168,144.175328870418
0.7898,325.239695535461,-131.85429754426,-193.457368561856,4117.14356964269,144.214915718261
0.7899,324.079090812251,-122.460480394239,-201.697308601013,4115.97640206371,144.201572892233
0.79,322.463708802208,-112.910429715914,-209.83998403633,4114.84909417745,144.192730002285
0.7901,320.564836121111,-103.152868272407,-217.258335795603,4113.67437471173,144.17961094462
0.7902,318.298538157443,-93.4078223051715,-224.941498229105,4112.53375721984,144.207483213021
0.7903,315.748893466196,-83.5099361389594,-232.261334796347,4111.37009470124,144.208339581027
0.7904,312.914778978394,-73.6036420391493,-239.373369309315,4110.19419754332,144.128321400068
0.7905,309.880390486149,-63.5253360776382,-246.220619998179,4109.07879834748,144.186503536312
0.7906,306.32766173481,-53.4417658201871,-252.915364766653,4107.92329581201,144.171890319803
0.7907,302.508035459787,-43.3473995802951,-259.178033567107,4106.70464810127,144.181284824668
0.7908,298.473743560068,-33.0238596182813,-265.335402088425,4105.53811821541,144.173833059596
0.7909,294.050039927977,-22.8915764435271,-271.202683753424,4104.40780811663,144.179204026302
0.791,289.523403825977,-12.563170124745,-276.830949242935,4103.2276620782,144.176224028801
0.7911,284.572347651536,-2.34980808834163,-282.054811895261,4102.06479837087,144.200038160466
0.7912,279.280923656396,7.88741670745507,-287.1573292247,4100.85835965022,144.198847226512
0.7913,273.866114122613,18.1063097484787,-292.049070455017,4099.65687208004,144.151497805023
0.7914,268.138556336836,28.3025243085997,-296.467645152721,4098.48941589323,144.166153899537
0.7915,262.053957815985,38.5373844705152,-300.55523085259,4097.28026150691,144.175193009501
0.7916,255.857549172378,48.7077007897795,-304.474953881417,4096.10809109278,144.163844138293
0.7917,249.316254407342,58.7790810457673,-308.087789241261,4094.94341527319,144.153814439721
0.7918,242.539455850095,68.8532714975104,-311.42340321438,4093.69793662721,144.18630826422
0.7919,235.56023599437,78.9540822213603,-314.40616345445,4092.46352050519,144.156834802305
0.792,228.291584981323,88.7436622624321,-317.009788822904,4091.28657139012,144.154563499721
0.7921,220.770242352763,98.6072353736621,-319.349114525206,4090.07503705683,144.179281024587
0.7922,213.121298911867,108.27171541641,-321.449186609922,4088.90803966331,144.155783507779
0.7923,205.167533298648,117.890611853343,-323.1656129565,4087.64217255793,144.164450382524
0.7924,197.140696614183,127.423090657203,-324.598136372511,4086.45629612531,144.173308439472
0.7925,188.894096961146,136.828319137604,-325.71148443618,4085.21059775808,144.134219115972
0.7926,180.43680892764,146.021529189708,-326.523178041102,4084.02817362048,144.193321389085
0.7927,171.725263531316,155.072199294946,-326.808933026496,4082.81980054293,144.145146736091
0.7928,163.00079216741,164.008835598965,-327.052855482352,4081.54314935024,144.150371059271
0.7929,154.02640302176,172.727348986192,-326.79720085562,4080.36679966595,144.152794294459
0.793,144.783530541323,181.427440159694,-326.324554990833,4079.12157528363,144.186963020036
0.7931,135.585701891426,190.003624224083,-325.487594187808,4077.88471703068,144.155133504687
0.7932,126.222893152209,198.048790863546,-324.221612085948,4076.69205604385,144.153634315415
0.7933,116.679606111988,206.149306239661,-322.819397770169,4075.45001375947,144.119928576534
0.7934,107.05415906367,214.1691581928,-321.096339888798,4074.21069406003,144.180797472167
0.7935,97.3300594345671,221.709522970543,-318.91055288921,4072.99052926549,144.178242470921
0.7936,87.5507562941246,229.028645602371,-316.507153858648,4071.77564218261,144.146933516191
0.7937,77.4819873986441,236.343217370519,-313.863203993685,4070.51403711161,144.147384975325
0.7938,67.5659898759355,243.132835132863,-310.786170574729,4069.30260544572,144.137395490672
0.7939,57.5000706803253,249.920232411834,-307.366453978585,4068.06700541313,144.144967142545
0.794,47.3183536769639,256.451190508868,-303.722129802805,4066.83181492886,144.125198842384
0.7941,37.111537929209,262.592818683063,-299.793726915181,4065.61809302492,144.158164773423
0.7942,26.9368012872106,268.534782292267,-295.4905494468,4064.34704123739,144.151240193572
0.7943,16.7802103731531,274.239109639076,-290.920192373007,4063.1666626696,144.147931496378
0.7944,6.53605470095695,279.755709546921,-286.262398724208,4061.89179817581,144.152651698639
0.7945,-3.82143117983007,284.861336175875,-281.072253524596,4060.661835929,144.126987124374
0.7946,-14.0709675342936,289.795369516261,-275.689753374157,4059.45514042884,144.148275356188
0.7947,-24.2349796602173,294.233982762739,-270.098968491127,4058.20744262663,144.130834310708
0.7948,-34.5060628862281,298.668508356297,-264.082980374372,4057.02272147435,144.146490675776
0.7949,-44.5634138371977,302.573768111578,-258.036074436069,4055.74519652258,144.15119968893
0.795,-54.7977575432607,306.317114581059,-251.590391268821,4054.5562891693,144.104497978262
0.7951,-64.9870097103831,309.693493076037,-244.856544108695,4053.36413814853,144.114877046814
0.7952,-74.8262916969603,312.840652163686,-237.972061757263,4052.13700138338,144.136243806885
0.7953,-84.7606724084917,315.605175093488,-230.72320083779,4050.87503326072,144.128192738289
0.7954,-94.6818750869909,318.022001707318,-223.435255913648,4049.68566303838,144.090775203388
0.7955,-104.462583794946,320.229530927546,-215.866643649497,4048.48435111443,144.114618241851
0.7956,-114.03068763355,321.996102634146,-208.030560060057,4047.25354004722,144.096074940399
0.7957,-123.586256477448,323.553303694043,-200.037773560015,4046.05508705937,144.143607061429
0.7958,-133.026379899995,324.824450329346,-191.82312973783,4044.8193839217,144.145514842114
0.7959,-142.337623335566,325.714242445166,-183.37885985659,4043.64948805419,144.096128878435
0.796,-151.500206277163,326.285005323749,-174.823459351188,4042.452387218,144.080128982477
0.7961,-160.48384364306,326.473185506264,-166.06565639639,4041.23586621303,144.128254189945
0.7962,-169.286487231208,326.374404708962,-157.091248186902,4040.01665072567,144.110677397255
0.7963,-177.95147472703,326.023621935842,-148.175235732865,4038.83957548062,144.113318643211
0.7964,-186.410333344443,325.367421025841,-138.93141638372,4037.70176928396,144.085291861928
0.7965,-194.76363618159,324.258724126856,-129.496394776946,4036.46905929106,144.095801396557
0.7966,-202.912657018092,322.936671483702,-120.081086076354,4035.31894864654,144.133954222838
0.7967,-210.74793037962,321.199629753634,-110.422391190322,4034.11483940361,144.100829260198
0.7968,-218.547627701974,319.204137674603,-100.705106395293,4032.96795005975,144.111228120155
0.7969,-226.006063763561,316.896954409829,-90.9437489466295,4031.75579306031,144.080175962744
0.797,-233.313300809732,314.382238914951,-81.106760136532,4030.58579145194,144.085958407789
0.7971,-240.357758498705,311.534877179098,-71.099105464608,4029.42900792669,144.122300711268
0.7972,-247.131090920275,308.184321167687,-60.972249720777,4028.28957637937,144.079668894453
0.7973,-253.712061730505,304.635843206536,-51.0204180187438,4027.11252080306,144.075557562269
0.7974,-259.966753828566,300.740730166165,-40.8626750153294,4025.99526906918,144.112210423693
0.7975,-266.11101195282,296.67180347118,-30.6115398438443,4024.84242876972,144.096199167831
0.7976,-271.793004148797,292.333613761623,-20.3435844308027,4023.69491489756,144.066319784252
0.7977,-277.375783852601,287.514449128776,-10.1267726436827,4022.53810236605,144.096502795028
0.7978,-282.73277584769,282.505404752953,0.111466612285562,4021.40577443037,144.084127233944
0.7979,-287.624914953378,277.367025917187,10.3240891717753,4020.27539943857,144.116015510552
0.798,-292.233650115754,271.751984102152,20.5708541048835,4019.17577100113,144.071562608145
0.7981,-296.696684696729,265.929477557354,30.8586404507664,4018.0781854549,144.067038171115
0.7982,-300.822592446129,259.848850134373,40.9792670672148,4016.94017813774,144.061282782589
0.7983,-304.605120346222,253.515758721994,51.1014980869309,4015.8071870175,144.070247861222
0.7984,-308.172367938488,246.932187613328,61.1584734429517,4014.74047829442,144.085721402251
0.7985,-311.243302546355,240.089240457675,71.3577823368251,4013.64510342698,144.109093829248
0.7986,-314.211358895077,232.944298203822,81.1819016818483,4012.57808276091,144.084069605058
0.7987,-316.845419253752,225.860239479361,91.1278671287553,4011.45865286646,144.067124632708
0.7988,-319.091384969867,218.248279593389,100.889593554697,4010.40241642182,144.083433571345
0.7989,-321.029012699955,210.537906826907,110.58092140733,4009.36602234804,144.066193067011
0.799,-322.660324193845,202.488555668957,120.0913123357,4008.23840315256,144.094122671585
0.7991,-324.037798060991,194.424787324716,129.57195077277,4007.17060765105,144.118714655169
0.7992,-325.040543118097,186.090765844683,138.981013866234,4006.10285055442,144.05939326423
0.7993,-325.769155442213,177.591041559075,148.226076741656,4005.05665107932,144.066947082883
0.7994,-326.135412734905,168.852600687036,157.194760639198,4004.00643138598,144.068346403282
0.7995,-326.093895897205,160.110884909487,166.117130177343,4002.96067142701,144.086114604695
0.7996,-325.872848366656,151.019571601957,174.921811779536,4001.95902437957,144.093413164168
0.7997,-325.296766621867,141.77429113502,183.380651163792,4000.92023066364,144.056323084264
0.7998,-324.313987137609,132.607688759633,191.784247533748,3999.88962773212,144.045843404884
0.7999,-323.152415852607,123.228694279447,199.956667964858,3998.86616171301,144.073525909316
0.8,-321.615479407673,113.609649322303,207.992072227786,3997.85974276637,144.035443222801
0.8001,-319.71456436432,103.922028637452,215.690523619637,3996.80810800264,144.039182291123
0.8002,-317.484810692959,94.2653102924739,223.258871337207,3995.85260492929,144.071241428193
0.8003,-315.012932547106,84.3723327517501,230.694928823094,3994.83912108805,144.069304933179
0.8004,-312.174120984035,74.4360813170043,237.813199693502,3993.83561898768,144.056705614638
0.8005,-309.156586398516,64.3982632306624,244.699475988844,3992.84562309979,144.042551592752
0.8006,-305.561763215722,54.4292738489347,251.332536375127,3991.86430527276,144.078331665757
0.8007,-301.867090382175,44.1703660832254,257.739977037583,3990.89721667416,144.052237009368
0.8008,-297.883713898355,34.0224821116193,263.889808939551,3989.89993202532,144.034179899633
0.8009,-293.481714813145,23.7882334894033,269.622938086826,3988.9498674945,144.001437882245
0.801,-288.978613832897,13.6488620469472,275.391560370211,3988.00547511931,144.040314912422
0.8011,-284.135923188636,3.37120499013196,280.726239260885,3987.01039467142,144.007915451312
0.8012,-278.963000677666,-6.7984065754945,285.736241373155,3986.11866414514,144.027692655494
0.8013,-273.447454543135,-17.1374546897385,290.57585533643,3985.11934344565,144.02570714708
0.8014,-267.767966418062,-27.3573696709923,295.128062210377,3984.19735961323,144.058099196137
0.8015,-261.752292414119,-37.4503870007099,299.36861725032,3983.25387439072,144.012862732935
0.8016,-255.529351163773,-47.6609759815394,303.314923527421,3982.34505512247,144.070227824292
0.8017,-249.050752667441,-57.8033445117705,306.886282342622,3981.39890907272,144.048598664554
0.8018,-242.285154678717,-67.8598065336835,310.225011252098,3980.48999937121,143.996169689091
0.8019,-235.322698729874,-77.8446921351741,313.245406857032,3979.58528750328,144.003177299258
0.802,-228.240208519129,-87.7108444741016,315.896128148723,3978.65865153182,144.031998434557
0.8021,-220.698848461119,-97.6647640969226,318.325893999055,3977.80633587433,144.046195372585
0.8022,-213.031335498228,-107.307370443945,320.348179622751,3976.85906375274,144.072673856792
0.8023,-205.306083144271,-116.944040057012,322.218266062208,3975.97165629093,143.997008647469
0.8024,-197.182818803926,-126.469417414553,323.566607955968,3975.07831921006,144.015216917021
0.8025,-188.884597660938,-135.809529149597,324.810095154819,3974.18830807364,144.025339604094
0.8026,-180.530276771873,-145.11337023681,325.463684272095,3973.31464987957,144.035530512807
0.8027,-171.832671431396,-154.114912733048,326.006418286019,3972.41361351481,144.02526924612
0.8028,-163.13804524547,-163.209347235885,326.15460226232,3971.50215527996,144.007092414188
0.8029,-154.135338644194,-171.881893731827,326.062262838079,3970.62517542966,144.015260906573
0.803,-145.003599717293,-180.612597558822,325.46375546594,3969.79973863609,144.028486521272
0.8031,-135.778847178926,-189.003888774029,324.786247895507,3968.90034530324,144.009574387466
0.8032,-126.468783829714,-197.276325852816,323.536038552025,3968.06470924055,144.026733305894
0.8033,-116.87605900021,-205.321025314122,322.134157364328,3967.21360406746,144.015967160358
0.8034,-107.244908425008,-213.198356665918,320.431048360449,3966.33477382466,144.008433842964
0.8035,-97.5317847215846,-220.741638779523,318.251393599632,3965.49706975447,144.032683120611
0.8036,-87.7569117572672,-228.258848355279,315.899866575169,3964.66357190165,144.035816453301
0.8037,-77.8469141449763,-235.366405271117,313.289936204705,3963.79117364637,144.01486341756
0.8038,-67.9131091008939,-242.455072985995,310.174356324713,3962.9651084193,143.997085290694
0.8039,-57.8156470468283,-249.147072017907,306.957676020778,3962.09122266653,144.011726579134
0.804,-47.6411346506992,-255.699034603281,303.35690730783,3961.27074330473,144.022323457695
0.8041,-37.5956240683992,-261.907417424967,299.379011663841,3960.41394570436,144.003543871299
0.8042,-27.4974833850072,-267.915725059099,295.216643846384,3959.58393832426,143.986838708473
0.8043,-17.1345056015008,-273.62334934844,290.746426026007,3958.79074249363,143.976022684296
0.8044,-6.97828865787129,-279.002452515178,285.917656703468,3957.95747469128,144.017959778553
0.8045,3.35041038201009,-284.245507562902,280.852503335507,3957.11948936732,144.013103675521
0.8046,13.5401663686413,-289.080728801475,275.52293240706,3956.2339595028,143.996200785938
0.8047,23.7924172486335,-293.741470296299,269.966747943858,3955.46091963114,143.992121447562
0.8048,34.0160817699969,-298.005432313007,263.999169267138,3954.60098695584,143.985302580524
0.8049,44.1313330640994,-302.036141013762,257.882477904426,3953.78477852776,144.038355746404
0.805,54.3314879685502,-305.753645394343,251.399433903226,3952.96827685258,144.003761844065
0.8051,64.3530058898043,-309.25973355827,244.90806075657,3952.13558948443,143.991011710718
0.8052,74.3923631667951,-312.304737272781,237.983801485622,3951.34204975272,143.983149057185
0.8053,84.3667218024535,-315.179207602319,230.831743834264,3950.51670017468,143.948483527822
0.8054,94.1394263394411,-317.652567722565,223.554047738391,3949.6801011797,143.976450470977
0.8055,103.915763142813,-319.867550276701,215.947493440394,3948.9397088698,143.981975628866
0.8056,113.58761206136,-321.738119699146,208.192931980786,3948.07836356011,143.999426667794
0.8057,123.098007949853,-323.365468104432,200.135982188388,3947.25468952236,143.959720817662
0.8058,132.589811771625,-324.434574365782,192.035164511506,3946.47262699776,143.979673203419
0.8059,141.68567741259,-325.480530923193,183.610509975327,3945.63027722234,144.003736221835
0.806,151.036223433921,-326.021101856403,175.113631551145,3944.84279236375,143.958918862365
0.8061,160.004011852362,-326.404080512711,166.376592271334,3943.98136523126,143.979206599654
0.8062,168.940106118646,-326.298373703734,157.427199059364,3943.17970598868,143.984656623524
0.8063,177.517618628684,-325.909840791386,148.501504168001,3942.37892236737,143.954831458439
0.8064,185.955708339008,-325.237051081825,139.193988015098,3941.56725829602,143.987002191788
0.8065,194.357544129076,-324.375649004101,129.907284046202,3940.73766072654,143.904795991234
0.8066,202.385488267675,-322.776577555255,120.502939463795,3939.87704473382,143.940397093593
0.8067,210.395472368819,-321.299053419624,110.963255574725,3939.08767416165,143.982047369453
0.8068,218.110112519318,-319.360321214492,101.223531250305,3938.24488837082,143.981732423326
0.8069,225.574909160934,-317.004301126381,91.4385833862705,3937.45631306835,143.988119815321
0.807,232.902886691777,-314.492282779494,81.5576456155725,3936.61255448037,143.965821337935
0.8071,239.977067658112,-311.670999596112,71.6547874875618,3935.84439695993,143.939477199052
0.8072,246.856355334109,-308.391624729615,61.645724284568,3935.00434220739,143.984123762885
0.8073,253.310231436935,-304.876616129955,51.4808562707719,3934.16790722313,144.001386452499
0.8074,259.713695527493,-301.035034924768,41.377861200632,3933.35353366882,143.92454972213
0.8075,265.774904624338,-297.013461605588,31.2136647818113,3932.50396276273,143.947857756188
0.8076,271.553909203687,-292.589701410225,21.0046786770052,3931.71194634365,143.955026170971
0.8077,276.984413687479,-288.043851960698,10.7672042842409,3930.86886515741,143.968309812595
0.8078,282.392706588967,-283.046537447867,0.51920666612989,3930.04391843198,143.935514437513
0.8079,287.356183629261,-277.767568726188,-9.66010978419643,3929.19760938109,143.938509010826
0.808,292.157537918775,-272.260518176986,-19.8958930245022,3928.38521788771,143.962595407712
0.8081,296.518240086105,-266.382043629009,-30.1292372595665,3927.48854040946,143.901008640866
0.8082,300.555189095106,-260.38645810252,-40.2351578652098,3926.7201393617,143.959925976861
0.8083,304.499487733481,-254.138224236505,-50.4104171412746,3925.8635316657,143.944956122558
0.8084,308.10540758067,-247.563954325756,-60.4684125975727,3925.05906663135,143.940749395303
0.8085,311.296347478634,-240.729904133725,-70.5475295748675,3924.22163253643,143.960515090106
0.8086,314.2077431316,-233.810181729099,-80.4647677403871,3923.35625260582,143.956386631735
0.8087,316.837278688472,-226.538203576197,-90.3789186264124,3922.51091643101,143.913597080406
0.8088,319.155704371192,-218.924346949806,-100.200398894977,3921.64800279143,143.920649031298
0.8089,321.149443468916,-211.413164869918,-109.839499270863,3920.80301155478,143.947328581714
0.809,322.919564644342,-203.346625922119,-119.472259560812,3919.94500568998,143.952579778781
0.8091,324.16794756251,-195.262571820152,-128.917957253282,3919.09945013308,143.940851236147
0.8092,325.15120127291,-186.996687135386,-138.194467719749,3918.25496691315,143.983898026266
0.8093,325.932956766199,-178.426948913576,-147.392113607984,3917.42607778003,143.933851370473
0.8094,326.308813722987,-169.870827100299,-156.501976659749,3916.54578422587,143.954094761303
0.8095,326.408503052642,-160.973778692004,-165.353453918704,3915.65581213516,143.935256399396
0.8096,326.161612609806,-151.947298705554,-174.132706993231,3914.81797842282,143.952877403131
0.8097,325.618054288298,-142.875163223659,-182.624552768833,3913.9242914773,143.909122216302
0.8098,324.660172189147,-133.700005493446,-191.137149698842,3913.09300754803,143.945435697323
0.8099,323.535344743639,-124.248172636653,-199.318415995049,3912.20723264965,143.950790099832
0.81,321.999092164321,-114.749587490049,-207.249486055406,3911.31050284255,143.918238722242
0.8101,320.095624949957,-104.976035730491,-215.071624039572,3910.46969306879,143.932451956067
0.8102,317.999943309359,-95.3349124912242,-222.640483519731,3909.58873508464,143.941407203805
0.8103,315.421019069138,-85.5205482975017,-230.027216433541,3908.70639409157,143.975507143935
0.8104,312.713702122717,-75.5897992434961,-237.181228358686,3907.81766348288,143.914223231589
0.8105,309.671244251763,-65.5794203304513,-244.014868487279,3906.90729061679,143.922113308111
0.8106,306.24221413351,-55.5181623904654,-250.719747851007,3906.03697224707,143.896524955883
0.8107,302.628991254256,-45.3853685720086,-257.177389209038,3905.16051292409,143.911540832061
0.8108,298.575597178762,-35.2197950253593,-263.244456561856,3904.25550720654,143.922122148082
0.8109,294.298816802508,-25.0143752937826,-269.217717049518,3903.38799963978,143.892202677262
0.811,289.737300837093,-14.8976702246196,-274.929336834305,3902.49331739458,143.928506216241
0.8111,284.808353703947,-4.5940915652469,-280.222427428202,3901.60169442994,143.905191877781
0.8112,279.69701719725,5.52062165593608,-285.268061885023,3900.68134769916,143.89109210065
0.8113,274.267400266587,15.7901276760978,-290.161421631201,3899.82208242875,143.919185522882
0.8114,268.599400574901,25.9905760195684,-294.612381885604,3898.895453883,143.935692936036
0.8115,262.74090081409,36.0826888493027,-298.87030819065,3897.9898203166,143.922618216415
0.8116,256.486673562044,46.4929794310409,-302.893390026489,3897.09653692801,143.895761051553
0.8117,250.042609113585,56.3987271816081,-306.515266078264,3896.17523180799,143.915200262088
0.8118,243.292902631765,66.4028077947968,-309.805220332147,3895.32419186487,143.908161245695
0.8119,236.540801145763,76.4533581284228,-312.9584004935,3894.39842422831,143.914795723409
0.812,229.244165695846,86.3953581912616,-315.655626188308,3893.42933578109,143.895594795377
0.8121,221.781973213259,96.0972308242757,-318.032661477173,3892.55707776139,143.870210421582
0.8122,214.284656017451,105.834594938747,-320.092276884891,3891.62773371541,143.917383866287
0.8123,206.371250385377,115.53157111671,-321.874000923722,3890.73741001796,143.916058238186
0.8124,198.366742139793,125.035793949968,-323.413879851776,3889.82059914599,143.926974549993
0.8125,190.175938853675,134.441049333035,-324.57476790407,3888.92629097632,143.911390169584
0.8126,181.658084193782,143.59353928539,-325.322801753721,3888.01332561647,143.881565593593
0.8127,173.167466090999,152.752528039165,-325.895640903449,3887.05830952017,143.894435031566
0.8128,164.344782808383,161.741551918683,-326.11554398509,3886.161925578,143.885470075071
0.8129,155.450897752428,170.565974551239,-326.040464296444,3885.25838306076,143.92206313613
0.813,146.377053103012,179.153665512774,-325.518155781737,3884.31724740284,143.880992404152
0.8131,137.272077123899,187.636772718088,-324.724694320957,3883.450025196,143.866828656419
0.8132,127.79344420353,195.833149278246,-323.745278808779,3882.53100791113,143.84356570785
0.8133,118.364117363248,203.858364578368,-322.312422388215,3881.58999083332,143.895368416755
0.8134,108.745887881274,211.809015415218,-320.470942550771,3880.70378176764,143.918174407682
0.8135,99.0059682513943,219.509025242081,-318.437204854876,3879.76299152928,143.833910731895
0.8136,89.1365425755423,226.926653511193,-316.18379519616,3878.857653201,143.900573080883
0.8137,79.3490287655494,234.120792128464,-313.483960610421,3877.91897432543,143.917740437409
0.8138,69.522939320723,241.186484450194,-310.403986317366,3877.03240891701,143.847724205856
0.8139,59.444117786042,247.847664916357,-307.266686144591,3876.11653419623,143.865120057378
0.814,49.2832450153222,254.387056455071,-303.640639380616,3875.19182102933,143.894497286295
0.8141,39.0856625616779,260.558244587529,-299.690067431563,3874.32192310946,143.881153391572
0.8142,28.9590971340003,266.585507195496,-295.698334874161,3873.40431370498,143.885138227583
0.8143,18.790137968835,272.468509978303,-291.169576944186,3872.50445125208,143.870706323705
0.8144,8.53437096458099,277.837190708285,-286.44405771219,3871.56354950678,143.850351013299
0.8145,-1.59907894467292,283.092045944302,-281.341160936043,3870.67843864807,143.889400796928
0.8146,-11.8514502147011,287.87598240381,-275.993723858499,3869.80087016526,143.872771818707
0.8147,-22.1234391338197,292.629334300164,-270.403788844782,3868.85629336901,143.880019158257
0.8148,-32.3034767726795,296.981332956742,-264.644663493529,3868.01091907635,143.864008556302
0.8149,-42.3892829528556,300.954067413569,-258.470720216913,3867.06076467303,143.865582246832
0.815,-52.6152055700483,304.688414112478,-252.201302932247,3866.14493932996,143.848683014618
0.8151,-62.6568960258028,308.099857133801,-245.517679815368,3865.26334637969,143.876150302097
0.8152,-72.6429275397305,311.259602522237,-238.73166839163,3864.36229041134,143.815371441663
0.8153,-82.5592644275765,314.103708367695,-231.657079171136,3863.48712086282,143.882795695617
0.8154,-92.4371125760813,316.705995023638,-224.333909259857,3862.60193588951,143.85132684788
0.8155,-102.080685172809,318.838348639978,-216.660836584821,3861.70259899251,143.857681590543
0.8156,-111.828288564322,320.84925820074,-209.022374805109,3860.84865785356,143.856586128937
0.8157,-121.333764013045,322.328319373727,-200.970441043731,3859.93629871181,143.870046145675
0.8158,-130.802866107685,323.647058076315,-192.816644885443,3859.03261978351,143.874490536361
0.8159,-139.98403543429,324.493507295657,-184.544299586504,3858.21513929268,143.850955976676
0.816,-149.251961229473,325.258862376681,-176.002379716716,3857.29634487991,143.841134738372
0.8161,-158.199640470726,325.567333073482,-167.293049115081,3856.47027929127,143.859023960363
0.8162,-166.984637763283,325.581144668125,-158.435485111413,3855.59174015406,143.842612875129
0.8163,-175.744552908444,325.001358965283,-149.436819943509,3854.72428994125,143.851086004479
0.8164,-184.232363443288,324.553342383834,-140.293625152633,3853.86550984959,143.856269757051
0.8165,-192.59714520913,323.569448116048,-131.037658180348,3852.99165828207,143.861843547168
0.8166,-200.764390088783,322.294857020546,-121.576915773367,3852.14575117587,143.827151108356
0.8167,-208.664738749572,320.74976016539,-112.046227923844,3851.31236191478,143.816172759607
0.8168,-216.410294579506,318.696904435202,-102.335357872331,3850.47262169262,143.841763940335
0.8169,-223.906692211609,316.468780946034,-92.6019181197265,3849.63125916834,143.820885354561
0.817,-231.251127063418,314.01989698201,-82.8005074271379,3848.75533648663,143.807661458435
0.8171,-238.201436109763,311.081909259907,-72.7759439559452,3847.92168652846,143.811057509855
0.8172,-245.082233015226,307.901717091888,-62.8316500360058,3847.15217749935,143.841617324109
0.8173,-251.821184689147,304.539244005888,-52.865943965689,3846.28794331947,143.840695380934
0.8174,-258.039231799004,300.624973673565,-42.626179603732,3845.51401976248,143.802370634562
0.8175,-264.134349006306,296.714562517759,-32.4812482128055,3844.683635245,143.837451668084
0.8176,-269.986985568095,292.358984403019,-22.3502242020174,3843.83288057545,143.797569452953
0.8177,-275.538128990308,287.655029619086,-12.0008094390288,3843.07636649172,143.820656474923
0.8178,-280.857303261102,282.633403093834,-1.83475715025895,3842.23417836177,143.837606306426
0.8179,-285.843176307495,277.512887995321,8.31161468953945,3841.45285322959,143.792133103505
0.818,-290.536703943625,272.03126959471,18.451285784825,3840.66213685438,143.83151174951
0.8181,-295.010794430343,266.261163682523,28.7421525417099,3839.84064479199,143.799995809835
0.8182,-299.165077546076,260.337619001165,38.8880727034383,3839.07227263093,143.831393746983
0.8183,-303.013544770089,253.890577549095,48.8938167168518,3838.32155889706,143.819141319274
0.8184,-306.593795911956,247.502773094819,59.1818043480099,3837.53269235536,143.84122014515
0.8185,-309.781244762459,240.768071879072,69.1667398430556,3836.757606067,143.8038337796
0.8186,-312.833197128303,233.670603130772,79.0534410284399,3835.98493907627,143.826626733157
0.8187,-315.496229453201,226.567447044829,88.9319335486725,3835.22579188397,143.815239363577
0.8188,-317.755478841195,219.011515091133,98.6849991278449,3834.47697943995,143.829112670276
0.8189,-319.737609111103,211.298190290209,108.378115225927,3833.71739549778,143.803692069439
0.819,-321.41578634027,203.585845500239,117.987704567829,3832.9665996209,143.836195336065
0.8191,-322.776550855971,195.400338801243,127.481637142582,3832.24154430836,143.795380287444
0.8192,-323.983087455467,187.152036405726,136.831531853553,3831.52307135173,143.836020467658
0.8193,-324.63643004958,178.715316500964,145.977984507427,3830.78174976749,143.823288180355
0.8194,-325.112557779992,170.058403108971,155.005671233335,3830.05913631659,143.823912235773
0.8195,-325.119076023442,161.30412905709,163.90669574088,3829.32667523647,143.791931594972
0.8196,-325.034161399694,152.318793020869,172.650985889448,3828.63012690704,143.731782389384
0.8197,-324.287788742374,143.196365108706,181.203454799182,3827.92453570977,143.788876613449
0.8198,-323.574316527399,133.991990873291,189.646224304172,3827.17977890806,143.784036583525
0.8199,-322.386138486803,124.607087903326,197.832387213663,3826.50180451294,143.816326392749
0.82,-320.793611016789,115.213646085894,205.69528445627,3825.82268673238,143.787661280744
0.8201,-319.105379853874,105.496862216616,213.62065251476,3825.16494098138,143.754279460917
0.8202,-317.026870105511,95.7656637405585,221.316221163986,3824.43205301708,143.785046479299
0.8203,-314.494384034867,85.946728710645,228.542187617765,3823.80734094198,143.802274451697
0.8204,-311.775320394916,76.0143895971525,235.690176192418,3823.07033575306,143.800536526017
0.8205,-308.688349902252,66.0010464883304,242.580720032379,3822.45837987118,143.802919057941
0.8206,-305.342847769092,55.9872392831064,249.325817377421,3821.78807583259,143.79098443189
0.8207,-301.738709897729,46.0243303740338,255.667768375187,3821.10543684973,143.788854263838
0.8208,-297.741130543621,35.7898944473337,261.9493796818,3820.4766787093,143.791715393056
0.8209,-293.586911452613,25.5970804486776,267.843014180683,3819.81722658375,143.796550935678
0.821,-288.97806040429,15.5058841322704,273.425380260792,3819.14267685123,143.779802177196
0.8211,-284.106553283336,5.20891440166237,278.891447194154,3818.53370803575,143.754715524165
0.8212,-279.052919151844,-4.89284317125,283.954224875806,3817.89298612148,143.785313826673
0.8213,-273.647850241667,-15.1694365593141,288.826446925491,3817.25982020334,143.807365674395
0.8214,-267.974639242095,-25.280523661239,293.417389186178,3816.66695043599,143.790066267476
0.8215,-262.070402091016,-35.5476893382346,297.60435447037,3816.03379759043,143.774334533737
0.8216,-255.82607980045,-45.6818441821969,301.641291613426,3815.42578245395,143.793665022657
0.8217,-249.487623906475,-55.7491040093381,305.178109354123,3814.81407204779,143.75016511173
0.8218,-242.851525847062,-65.8116165525267,308.607557304945,3814.23559420376,143.776561019914
0.8219,-235.902016265369,-75.7835122869109,311.585221109637,3813.6165204789,143.765178623217
0.822,-228.793704464559,-85.674792989996,314.441836090737,3813.00691461816,143.782320389902
0.8221,-221.410671352515,-95.3257821842922,316.780759828291,3812.42353747195,143.738956634277
0.8222,-213.748383714951,-105.135113737643,318.938695567545,3811.84457486481,143.774766454196
0.8223,-206.02845567549,-114.78638169104,320.852434048738,3811.26477409463,143.764061404323
0.8224,-197.98180951389,-124.260569159452,322.250704405294,3810.6976053926,143.771827806343
0.8225,-189.73512354457,-133.613084101038,323.416684887252,3810.11509267057,143.758959128228
0.8226,-181.366268542747,-142.884203549751,324.341066111841,3809.53938436301,143.791119764466
0.8227,-172.822265322621,-152.044567357517,324.826422037768,3808.93622853954,143.772500699295
0.8228,-164.233181153555,-160.975355411022,325.045970797705,3808.39255464975,143.778636865384
0.8229,-155.202748627374,-169.669530914747,325.033007173668,3807.77817483385,143.753730890482
0.823,-146.233587725176,-178.341196062781,324.577916071262,3807.23051929515,143.742820571845
0.8231,-136.954777126425,-186.836167241543,323.718082489987,3806.68605415939,143.753680232706
0.8232,-127.658594196238,-195.105432943054,322.686928279397,3806.16589845863,143.783794282765
0.8233,-118.214440694663,-203.191766453766,321.372829902016,3805.57724443736,143.794866992621
0.8234,-108.624689507003,-211.044793449553,319.682546068068,3805.07608574518,143.768789463242
0.8235,-98.9207901807951,-218.694987533612,317.692239389087,3804.47395002933,143.792732870553
0.8236,-89.1917698452613,-226.184006351976,315.373035571371,3803.97799348525,143.773462767561
0.8237,-79.2603793702701,-233.374780443824,312.69975354047,3803.46894665311,143.748842538138
0.8238,-69.4228772352755,-240.395608901472,309.766551003126,3802.90541982876,143.750449870336
0.8239,-59.3997530503602,-247.174286661132,306.383495603635,3802.37459040461,143.743746983699
0.824,-49.2890607195637,-253.559411278179,302.976154569354,3801.87819214241,143.750774254706
0.8241,-39.2913185336937,-259.892175106972,299.07348752301,3801.35025182314,143.755690559803
0.8242,-29.0291190701481,-265.927524358162,295.043202537708,3800.78583977338,143.749415195935
0.8243,-18.9075007815505,-271.648487338742,290.470021999479,3800.27206188894,143.776478893113
0.8244,-8.63477103468794,-277.129889191728,285.869251937216,3799.78081912903,143.769300352785
0.8245,1.51994193629638,-282.282719251388,280.810423315458,3799.26999627634,143.709846743961
0.8246,11.8128951781541,-287.319327734926,275.441120505569,3798.78297895017,143.746340471981
0.8247,21.8861754460386,-291.96314897972,269.979706079985,3798.18918579367,143.727206121913
0.8248,32.2280678840542,-296.244812139083,264.11550021831,3797.72603202784,143.746953621709
0.8249,42.2086352365583,-300.326586027319,258.055413136861,3797.19575616788,143.732638616423
0.825,52.2671396724571,-304.056694787082,251.834724454679,3796.68808054438,143.77988944194
0.8251,62.4044742756583,-307.565484412239,245.215147484044,3796.18476969516,143.754208675153
0.8252,72.3208442136652,-310.734770966374,238.348943798908,3795.6909173104,143.727683843752
0.8253,82.2109887475798,-313.610382113136,231.301852922997,3795.17283012627,143.742941509901
0.8254,92.1239198759837,-316.128097130372,224.017189487047,3794.67044469554,143.673182980299
0.8255,101.884907014479,-318.389377708231,216.453916288242,3794.16572891022,143.729454439858
0.8256,111.421513664421,-320.27400339186,208.845196624629,3793.67546593906,143.764094944019
0.8257,120.956874310044,-321.787599149229,200.832687738299,3793.19036001104,143.761500635243
0.8258,130.483459532684,-323.166423074956,192.807517028533,3792.64880165329,143.714967585161
0.8259,139.621069525103,-324.233318782535,184.412243369729,3792.1523493173,143.756866691086
0.826,148.965745835552,-324.816270223029,175.960061555905,3791.69031901847,143.73058176661
0.8261,157.908231393957,-325.192072222417,167.287018584143,3791.16120112394,143.723738836604
0.8262,166.74070737175,-325.139390897148,158.450160563823,3790.68644200107,143.729877082812
0.8263,175.446208008111,-324.846659371037,149.427855415315,3790.1760489074,143.722768942833
0.8264,183.988575353236,-324.175357594903,140.375446720557,3789.71569636038,143.747543237627
0.8265,192.302733751065,-323.31443443713,131.046924598573,3789.19415845538,143.708602933781
0.8266,200.413151525967,-321.99734543269,121.655670497864,3788.7444874544,143.745761005625
0.8267,208.323902463027,-320.340349710113,112.133915984082,3788.21847038796,143.745013891644
0.8268,216.030369072699,-318.586078690384,102.490148281353,3787.72450863698,143.713688731176
0.8269,223.583035061155,-316.369296740483,92.8278596331964,3787.21604846105,143.660353672081
0.827,230.993260653505,-313.794515723433,82.9097715489419,3786.73020146671,143.702090371353
0.8271,237.962695137942,-311.009463960266,73.0568191257527,3786.19994842473,143.739374767217
0.8272,244.703425572492,-307.815953672545,63.0531811878097,3785.74282629571,143.681177292347
0.8273,251.487911085729,-304.350877263997,53.0188586794818,3785.2370436881,143.68502696836
0.8274,257.74620620813,-300.639883266182,42.8687880607455,3784.72310658892,143.698192105953
0.8275,263.82922427879,-296.581858363563,32.6968794896413,3784.22564241002,143.709552531108
0.8276,269.599017373039,-292.331978016058,22.5963479199052,3783.76640863427,143.71483549897
0.8277,275.158680890896,-287.676965737261,12.3514251985707,3783.24209224972,143.689995425673
0.8278,280.524258871359,-282.764623446857,2.25526340963463,3782.74979925871,143.709444680554
0.8279,285.597175079513,-277.578850615465,-8.02435342606703,3782.22475177083,143.693028005293
0.828,290.250825913589,-272.107157986159,-18.3159125643504,3781.72496010531,143.685833666723
0.8281,294.784746362007,-266.328481316248,-28.4113143005093,3781.17656086032,143.691896904731
0.8282,298.921943649635,-260.480759780061,-38.6364649276535,3780.70362241384,143.692149698713
0.8283,302.69582902662,-254.196943738556,-48.6081681528483,3780.19570194977,143.679010484687
0.8284,306.444911462916,-247.641767415625,-58.7392986640146,3779.67966431893,143.647722026554
0.8285,309.619147710539,-240.859873472529,-68.555662892779,3779.21109465971,143.694829591894
0.8286,312.613888241447,-233.937935353339,-78.5602657330114,3778.67991344079,143.698551606826
0.8287,315.288200907056,-226.676429364117,-88.5755418020683,3778.18014269581,143.666405218054
0.8288,317.664477202365,-219.29988291343,-98.2093398948066,3777.63177255116,143.700794207922
0.8289,319.582599989259,-211.612186675594,-107.858951969625,3777.14327546573,143.692560671852
0.829,321.288782456183,-203.88767220867,-117.47123241602,3776.65314879314,143.69543755465
0.8291,322.846961761745,-195.758300752417,-126.941410414893,3776.12464669134,143.688218064119
0.8292,323.801326832132,-187.496664633996,-136.222182669415,3775.58689521406,143.673684672039
0.8293,324.660187486421,-179.090094306421,-145.474329100723,3775.0898433543,143.663028853708
0.8294,325.108427357123,-170.464313361779,-154.525802789801,3774.56479095178,143.683194639187
0.8295,325.144085536206,-161.798134771692,-163.42689438216,3774.04992887114,143.69571743705
0.8296,324.95786752665,-152.877184598841,-172.161839165092,3773.52770777443,143.668697515705
0.8297,324.428380374259,-143.784998031583,-180.733898228911,3773.03400925657,143.699511865908
0.8298,323.623270661651,-134.64295090131,-189.039639603542,3772.48143291639,143.664677634487
0.8299,322.435984230818,-125.155664045212,-197.324031461028,3771.96167828238,143.660440465829
0.83,321.022666930646,-115.748231116922,-205.224412061563,3771.45218778326,143.730659531154
0.8301,319.272195823038,-106.093907021547,-213.057964865335,3770.90082779433,143.680600848515
0.8302,317.185202717528,-96.3610508249028,-220.587955694594,3770.37420348282,143.69813688013
0.8303,314.737216434985,-86.6331647362084,-228.0103998665,3769.81097580772,143.622021886363
0.8304,311.958851051068,-76.7063849104055,-235.208879547605,3769.29864106007,143.670791676583
0.8305,308.949702304831,-66.8797767758128,-242.140406962881,3768.7903618632,143.66379869174
0.8306,305.5034331902,-56.7876327693087,-248.81843353609,3768.2335456993,143.652918494288
0.8307,302.000144538035,-46.694368055327,-255.203758196783,3767.71881880096,143.673837975534
0.8308,298.055727640637,-36.5797646241139,-261.370113475563,3767.15386021847,143.637056323513
0.8309,293.847684677483,-26.4682100617066,-267.376249703292,3766.62040051235,143.675153320305
0.831,289.296402655384,-16.3061146539318,-273.058982420826,3766.10952893895,143.679869742662
0.8311,284.474890695599,-6.12722418774831,-278.395384690583,3765.56235566138,143.66657258916
0.8312,279.369521080336,4.10063640079843,-283.479314904959,3765.05328565938,143.66420698391
0.8313,274.040167849228,14.4117143684308,-288.443202105786,3764.46505277483,143.655346797068
0.8314,268.442872821065,24.4001886306701,-292.916821058538,3763.96591642899,143.659932022047
0.8315,262.528261519495,34.5966762839731,-297.230325817714,3763.39924835144,143.68770363115
0.8316,256.341640795846,44.6725445490265,-301.125964800811,3762.85056360865,143.643788580483
0.8317,250.067071580471,54.7998828535934,-304.884224459121,3762.32089863687,143.651876513005
0.8318,243.351745216006,64.7786590534512,-308.325761334048,3761.75239254775,143.660296146151
0.8319,236.409258405834,74.7894699758257,-311.282370886235,3761.24552781884,143.673452991193
0.832,229.354131239462,84.6428724591877,-314.083066513397,3760.67707234819,143.647452124485
0.8321,221.931706986377,94.4853210766204,-316.489166172407,3760.11015835631,143.646469386871
0.8322,214.461140710781,104.153852275174,-318.579187516618,3759.57070914089,143.635195100104
0.8323,206.684762344054,113.809130889546,-320.418216880074,3759.05750238004,143.691861508391
0.8324,198.693786229642,123.303797681583,-322.006780716191,3758.49084824306,143.630636918377
0.8325,190.531361520327,132.600378273917,-323.146173700772,3757.96753456887,143.66731545993
0.8326,182.204935338358,141.991958353523,-324.032269258024,3757.39458173016,143.6407076462
0.8327,173.738314034669,150.964616399447,-324.633545747577,3756.86664785457,143.665445202422
0.8328,164.891159808974,159.947878006877,-324.793226147754,3756.30133812701,143.657226232652
0.8329,156.008752443971,168.74748368082,-324.720675948371,3755.75296227667,143.6224624886
0.833,147.042771496911,177.317415230985,-324.317260362227,3755.21253793448,143.659580300012
0.8331,137.892731914869,185.805504639876,-323.623966754414,3754.65727567269,143.620708950389
0.8332,128.598252595431,193.98555418986,-322.553958212926,3754.1264308818,143.591164033421
0.8333,119.12968353703,202.027712184152,-321.230716203425,3753.55715668416,143.666844492748
0.8334,109.646597622721,209.897038377831,-319.600015314681,3753.05018542219,143.609064719514
0.8335,99.9635155986118,217.647938426724,-317.567358144175,3752.51800967304,143.616552551102
0.8336,90.1616530339047,225.111645139131,-315.258600380749,3751.96101827534,143.584541945781
0.8337,80.2625299204995,232.306033232452,-312.589176772247,3751.36522262557,143.642669654416
0.8338,70.3636646911378,239.295123315138,-309.68012907844,3750.85849128492,143.630490657313
0.8339,60.3578611231119,246.051675584311,-306.404269345486,3750.33765375702,143.628642851776
0.834,50.382100609077,252.534774617788,-302.944488949815,3749.80968733943,143.637152857099
0.8341,40.2425569286282,258.860986433818,-299.114350977125,3749.24966997311,143.645934618978
0.8342,30.1390806038242,264.813446142877,-295.081573276452,3748.71153085935,143.639924003671
0.8343,20.0094878762732,270.572732897923,-290.553286218755,3748.20866862495,143.640646460329
0.8344,9.85798420020256,276.126036504991,-285.894104582013,3747.67447965088,143.638746413674
0.8345,-0.375176266933937,281.461303447594,-280.889990923695,3747.09818827939,143.62763388453
0.8346,-10.6520707986038,286.227608500361,-275.653873400141,3746.59600175441,143.635015873896
0.8347,-20.7432504859518,290.857410494478,-270.127283144499,3746.07419224689,143.632105814643
0.8348,-30.8432905320915,295.171720896158,-264.239528325508,3745.5115473154,143.601038049005
0.8349,-41.0159396387637,299.313398730766,-258.309902111863,3744.99861491933,143.643990597453
0.835,-51.1548076971639,303.060623948878,-251.926945958425,3744.43733402363,143.599783649273
0.8351,-61.1973902361519,306.505937804717,-245.415832903327,3743.91899472946,143.63318465631
0.8352,-71.1581082351985,309.769117137989,-238.727484593671,3743.39700746339,143.635939510041
0.8353,-80.9352320447299,312.64409110397,-231.634946895726,3742.90759650856,143.59987011639
0.8354,-90.798714431168,315.209899353966,-224.449767619203,3742.41667148558,143.651090901685
0.8355,-100.534700833922,317.475140367909,-216.803788936365,3741.87009677066,143.606950504517
0.8356,-110.146365523869,319.445927965257,-209.168065970967,3741.38582449613,143.63811522028
0.8357,-119.759169590749,320.905580472554,-201.185157480343,3740.82558441223,143.594474776739
0.8358,-129.126261313646,322.223831590008,-193.227869546117,3740.37063918109,143.627784454081
0.8359,-138.44297942627,323.23496819643,-184.946876333469,3739.85747190779,143.60931133657
0.836,-147.541703858743,323.969635197047,-176.423591996561,3739.34012957848,143.602102147609
0.8361,-156.439961423072,324.346206109375,-167.739865715855,3738.8634040915,143.636131400496
0.8362,-165.405896762505,324.377570780947,-159.002218268923,3738.38920001897,143.613082194033
0.8363,-173.978093037734,324.053903255963,-149.986086436439,3737.91767611636,143.609717255539
0.8364,-182.617036380907,323.402240759172,-140.812152757762,3737.40990624973,143.596413743693
0.8365,-190.900032733897,322.469641211015,-131.592995800316,3736.88772840256,143.595721958512
0.8366,-198.980493556842,321.30017733855,-122.18455040396,3736.41761470574,143.620158068266
0.8367,-206.940445832187,319.696813517024,-112.735747697018,3735.95250911486,143.622015492079
0.8368,-214.562199783669,317.828860276214,-103.199538864763,3735.5095647013,143.577211457877
0.8369,-222.184115852451,315.62429714623,-93.3057191938141,3735.03127060687,143.60924967409
0.837,-229.560639321842,313.056533244944,-83.5561575118226,3734.5371749387,143.621157817214
0.8371,-236.562650638861,310.314469168169,-73.6490797273445,3734.11098338687,143.613086601
0.8372,-243.38116758282,307.129497041556,-63.8819609512418,3733.64411563807,143.587084747365
0.8373,-249.926918091645,303.766995220997,-53.707357875662,3733.16490396445,143.558605289703
0.8374,-256.288490791041,299.99406156376,-43.749189748127,3732.72045301755,143.607191778814
0.8375,-262.556950154271,295.883070176618,-33.5873385893123,3732.27422711271,143.586276997687
0.8376,-268.323849145175,291.685437199228,-23.4629681766729,3731.82108805007,143.568629381487
0.8377,-273.820088500945,287.119826926925,-13.2161216549392,3731.45067217656,143.566257616898
0.8378,-279.104642823081,282.241974778275,-3.04993692201562,3730.94011922165,143.599257552822
0.8379,-284.172547025167,276.973918752477,7.17710879352825,3730.53929854514,143.595531118425
0.838,-288.899303462794,271.696735895047,17.3186806176472,3730.0886638387,143.578940505784
0.8381,-293.384919390187,265.899700638872,27.4552063903187,3729.67967680616,143.604734488027
0.8382,-297.642022185692,259.97123976581,37.5724146834725,3729.2460438114,143.591888041484
0.8383,-301.441968103834,253.783446520617,47.6863866338147,3728.82150317458,143.623177484972
0.8384,-305.024614105804,247.309682025876,57.7833382133256,3728.43848675284,143.568215488871
0.8385,-308.300698503449,240.546438683224,67.7156872084291,3728.02888610231,143.602346423136
0.8386,-311.283405128986,233.617937678257,77.6325745558632,3727.63494844137,143.592603335523
0.8387,-313.98292443503,226.495685411454,87.408892205513,3727.19879661579,143.561221625743
0.8388,-316.171884733895,218.984698737647,97.2380645297468,3726.84325985795,143.578329983162
0.8389,-318.366512558549,211.466619192977,106.890892217779,3726.48518864195,143.563275519375
0.839,-319.987511965558,203.684792917776,116.469815995552,3726.06408227734,143.564239777753
0.8391,-321.484944614326,195.600387853867,125.899705662146,3725.7022781117,143.563837739291
0.8392,-322.660053987737,187.330899995161,135.241761275442,3725.34444420492,143.545922810478
0.8393,-323.392910947854,179.067802194419,144.384890851514,3724.93419222369,143.542576809674
0.8394,-323.7951794726,170.318181755417,153.429760492153,3724.59201994942,143.580526929399
0.8395,-324.109650950666,161.595297889047,162.301050913312,3724.23483904713,143.584308179274
0.8396,-323.76714620618,152.638033731435,171.131729701373,3723.87600133195,143.587633082515
0.8397,-323.327589757393,143.60203250185,179.680197556816,3723.53533403261,143.554447689404
0.8398,-322.442275529163,134.480240802832,187.997580192427,3723.18164008356,143.585014024683
0.8399,-321.247800576768,125.231587838783,196.255746839708,3722.84870751019,143.558748986881
0.84,-319.880960960084,115.662609499199,204.199857209813,3722.47853951113,143.574681498163
0.8401,-318.068980021244,106.129144217258,211.944252725172,3722.10171520202,143.561214029545
0.8402,-316.066446171357,96.4598662938739,219.596523488196,3721.87969308167,143.578977305913
0.8403,-313.643143129348,86.698747701332,226.986341792441,3721.48349336109,143.573618880266
0.8404,-310.751242929202,76.8065617166879,234.045884905433,3721.18893653701,143.556097681282
0.8405,-307.830949658502,66.9842865136917,241.049811497869,3720.92312889856,143.594606533859
0.8406,-304.65198685818,56.9134099095422,247.737728581085,3720.5573140086,143.567295279282
0.8407,-300.96657078239,46.8805035450642,254.142575833294,3720.20831918239,143.573858972742
0.8408,-297.016463869344,36.8590648853441,260.339838469139,3719.94324873315,143.583958791044
0.8409,-292.820137049902,26.6788361713207,266.205515456844,3719.64719263786,143.573808132911
0.841,-288.375146130305,16.5572358284371,271.92750887993,3719.35695355306,143.531614604249
0.8411,-283.533950201173,6.31164893569715,277.287299247052,3719.09574621543,143.554839904036
0.8412,-278.553707283883,-3.84748671916749,282.305416905461,3718.78997429853,143.545550089526
0.8413,-273.273756547569,-14.0867280116344,287.228441652857,3718.48658360222,143.553978376627
0.8414,-267.603661563762,-24.1553823379537,291.838421873189,3718.24000943695,143.504222484607
0.8415,-261.589187564898,-34.3470482693577,296.126351649977,3717.91220051034,143.520507040782
0.8416,-255.620948508828,-44.3961475212479,300.091474157202,3717.64477367885,143.508843188199
0.8417,-249.25576096147,-54.5711384886746,303.804000398601,3717.39616833216,143.542090007749
0.8418,-242.773272705816,-64.495894673604,307.104702302429,3717.11282748145,143.54758876654
0.8419,-235.745694193466,-74.5410509174711,310.184080715395,3716.86790769586,143.545056951278
0.842,-228.61757619238,-84.2744676505638,312.920993433971,3716.66311308868,143.564230558425
0.8421,-221.384187654619,-94.136927904395,315.5041463717,3716.35810310863,143.512250521898
0.8422,-213.696733714693,-103.776510113622,317.53647914465,3716.15707432411,143.524099512628
0.8423,-206.054564646369,-113.364987675035,319.39549337291,3715.88416133176,143.561308997191
0.8424,-198.02244109201,-122.83557895,320.953880932587,3715.61632303785,143.55307968797
0.8425,-189.897091494207,-132.216995113002,322.082296438499,3715.39515102229,143.552204405258
0.8426,-181.585498756303,-141.429445162103,323.066532628019,3715.14722816716,143.534547726161
0.8427,-173.146860255342,-150.54893539369,323.623544746558,3714.95087093609,143.507423015969
0.8428,-164.415242386345,-159.404500888136,323.868252528242,3714.68104398988,143.546913520064
0.8429,-155.525111116537,-168.226010263781,323.765125454958,3714.48165256503,143.56608553717
0.843,-146.540725556779,-176.983260131608,323.417289783135,3714.30472167738,143.520430653451
0.8431,-137.465795710895,-185.289308189449,322.720352772448,3714.05197649104,143.498364102812
0.8432,-128.107608584977,-193.486438382035,321.60917719894,3713.82965199039,143.538611489995
0.8433,-118.759466491507,-201.545558543617,320.336923478645,3713.65383234145,143.539964262005
0.8434,-109.205308595032,-209.383307473123,318.719940298902,3713.38582405297,143.54038197712
0.8435,-99.5524245194924,-217.074756061203,316.701719234219,3713.19405193838,143.564241468729
0.8436,-89.7784698446752,-224.558529496764,314.361170901709,3713.0046198707,143.529541197875
0.8437,-79.96171540219,-231.791543244267,311.775890310831,3712.79038414058,143.535591904497
0.8438,-70.1411464144,-238.855551355635,308.862733918747,3712.61079534776,143.525020503968
0.8439,-60.1889661238214,-245.422544213609,305.74019119015,3712.38460446498,143.52045117271
0.844,-50.0621942945177,-251.984297306962,302.165742980802,3712.20450439243,143.544922466399
0.8441,-40.10976743012,-258.291934523089,298.430843770395,3712.03552259297,143.509156994787
0.8442,-29.9180027162824,-264.343153876478,294.369824007942,3711.80434157691,143.496391328507
0.8443,-19.7376107415748,-270.090444034037,289.860448180906,3711.63678874982,143.50241623181
0.8444,-9.61675331693592,-275.53431656585,285.186156144445,3711.43164820861,143.517606182679
0.8445,0.452974697727458,-280.828529287206,280.162804851803,3711.26624948598,143.484968131777
0.8446,10.7097627472693,-285.658698061028,275.015368741608,3711.06479394418,143.506739203002
0.8447,20.8640025362299,-290.283723565359,269.577881207041,3710.8310381127,143.496053940516
0.8448,30.9827778786466,-294.701461508389,263.642498837693,3710.68441469235,143.507388864662
0.8449,41.1284389099215,-298.723740013147,257.708996947404,3710.54838808383,143.5361310505
0.845,51.2165494008109,-302.574836102054,251.320411765306,3710.37182890726,143.507752344291
0.8451,61.2880139882641,-306.054169218096,244.905770661028,3710.16858800864,143.486407488836
0.8452,71.178817048698,-309.232018677348,238.061296505139,3709.98088760298,143.560609797244
0.8453,81.0538493429814,-312.094807384365,231.179618623488,3709.79436195491,143.520990835539
0.8454,90.8930211969653,-314.810357080393,223.889256838461,3709.64243989767,143.482801244558
0.8455,100.52149456693,-316.980902145852,216.330068782655,3709.45807386554,143.48614335158
0.8456,110.229709750596,-318.915316569829,208.653884293581,3709.28859122977,143.470424313931
0.8457,119.76382231205,-320.500375076566,200.740490179786,3709.10438094257,143.514873790189
0.8458,129.091282691079,-321.842659585928,192.697365054749,3708.95594560517,143.504012552783
0.8459,138.302182426998,-322.757987445748,184.461188766062,3708.79709845104,143.495216814399
0.846,147.495067661517,-323.499848728383,176.0490798591,3708.60595826493,143.488793238876
0.8461,156.529963523139,-323.892277211516,167.371417689444,3708.46545039717,143.514220913818
0.8462,165.349379687822,-323.909301448057,158.555893832571,3708.26310769436,143.507612356487
0.8463,173.996246839089,-323.570871770524,149.660007194944,3708.09512240124,143.468964030211
0.8464,182.446414641326,-322.976738548166,140.587600581733,3707.93045726233,143.488425311708
0.8465,190.793618789315,-322.102682080426,131.304924203924,3707.78304452487,143.493078236601
0.8466,198.94445980332,-320.922367926865,122.028468038278,3707.59824785844,143.499385620772
0.8467,206.843103147545,-319.312692262927,112.525264759767,3707.40500048277,143.471425916519
0.8468,214.641098404131,-317.461252519331,102.86216142211,3707.28204414036,143.490498891898
0.8469,222.057534561833,-315.260436328276,93.1938217948936,3707.10239954287,143.503250960437
0.847,229.321739841749,-312.763450999305,83.4096229478527,3706.95621960326,143.483019658989
0.8471,236.374671470042,-309.945623897786,73.4748098163763,3706.73621047162,143.505583438203
0.8472,243.270207516117,-306.803218073006,63.6809862376262,3706.60548540658,143.45190873505
0.8473,249.898963098014,-303.468882178564,53.6392634818018,3706.40035892941,143.477312184731
0.8474,256.257182370275,-299.797157587245,43.5904869895688,3706.23444571015,143.481661569895
0.8475,262.253448476938,-295.778241856601,33.4670196583517,3706.07133641881,143.511569434788
0.8476,268.100389949682,-291.500613895911,23.3576533436452,3705.9178056155,143.480785334913
0.8477,273.748479558824,-286.864264014523,13.160170283233,3705.76890414676,143.467183795082
0.8478,279.014844648036,-282.001964686911,3.04714005443418,3705.56779544407,143.495188213385
0.8479,284.092591798588,-276.877114710008,-7.13963161004922,3705.390442326,143.488707479502
0.848,288.827827819518,-271.470950742122,-17.2734757900477,3705.21804098185,143.487782885748
0.8481,293.22910135317,-265.867290372757,-27.3706783545667,3705.02461840622,143.472854069536
0.8482,297.376489618951,-259.882796797072,-37.6841927666615,3704.90184181619,143.473390914322
0.8483,301.311304713762,-253.609971078144,-47.5574429710217,3704.67476708013,143.461979779817
0.8484,304.798174240897,-247.171840281955,-57.5735806683266,3704.50123182617,143.456789617109
0.8485,308.157128196446,-240.496586492346,-67.641393903487,3704.35393709659,143.449809842249
0.8486,311.115302429848,-233.604159649512,-77.6122825635597,3704.16822949289,143.457069733687
0.8487,313.717987504937,-226.499944483164,-87.3984227522646,3703.99947708292,143.485563294914
0.8488,316.219316413584,-219.016013465304,-97.1029770115783,3703.82339251433,143.443929546573
0.8489,318.229743565062,-211.421724351837,-106.691578846037,3703.61069135947,143.449908667015
0.849,319.983163524954,-203.669758918564,-116.360731331409,3703.4581703194,143.433416812046
0.8491,321.422822707544,-195.673705505168,-125.798604175791,3703.27878494615,143.44576130167
0.8492,322.459033860826,-187.414289791241,-135.040701588279,3703.07668641115,143.480999098559
0.8493,323.350334184811,-179.059668147292,-144.218171139098,3702.91709809894,143.455180431302
0.8494,323.822433706306,-170.435753800676,-153.272118110562,3702.70581619127,143.462851752412
0.8495,323.826228060781,-161.773631981379,-162.09780993704,3702.52562441623,143.458765351224
0.8496,323.786992448373,-152.930890253443,-170.911698541536,3702.34945961087,143.423946258644
0.8497,323.224453624235,-143.861026482831,-179.419480332576,3702.17617107675,143.466833672429
0.8498,322.445257143188,-134.687275999209,-187.767410985285,3701.97344498645,143.457538079066
0.8499,321.385921123797,-125.3617307774,-196.032335320858,3701.78312861989,143.431265545878
0.85,319.872725541867,-115.930717873612,-203.982482080343,3701.52799524528,143.447660348521
0.8501,318.086338904585,-106.345146638566,-211.791741282313,3701.38555834876,143.462633167813
0.8502,315.971722150723,-96.7186462412879,-219.317872516344,3701.19169697207,143.459152958841
0.8503,313.701966292463,-86.9809822124324,-226.66537743807,3700.98118148596,143.417437068317
0.8504,310.898053171887,-77.2843733800357,-233.815679563675,3700.77521601729,143.450331776732
0.8505,308.024684291409,-67.2842538854148,-240.741487306979,3700.59755116523,143.431506920398
0.8506,304.718688920813,-57.2212284838319,-247.479945681082,3700.40398288287,143.472922024797
0.8507,300.983599038873,-47.1675382493213,-253.794309894395,3700.23199119643,143.452805119528
0.8508,297.18469870338,-37.0567111666171,-260.091535141198,3700.03968300343,143.41324230743
0.8509,292.91272428832,-27.0151483731003,-265.921525372946,3699.86100554262,143.452400812168
0.851,288.490603173487,-16.8116930122218,-271.635261215884,3699.59341798694,143.441879683366
0.8511,283.583610547947,-6.8028942625417,-276.922461966026,3699.39403839837,143.436950346858
0.8512,278.577345537361,3.51394736127867,-282.219122221408,3699.16455703916,143.401774183968
0.8513,273.363924185259,13.6369575749604,-287.037968972441,3699.00124306955,143.46028317517
0.8514,267.88007767186,23.705904074336,-291.549335752443,3698.78262014127,143.373459024587
0.8515,261.829586615409,33.8002761194805,-295.75462801668,3698.58792552632,143.446655774246
0.8516,255.745936603529,43.9757168677727,-299.776780660084,3698.40766869318,143.448789277602
0.8517,249.390251689163,53.9794266962252,-303.402173240206,3698.17539131509,143.443124809305
0.8518,242.892474383855,63.912791435375,-306.88130534253,3698.01134432164,143.416996394294
0.8519,236.013949584376,73.8942125453072,-309.908705326968,3697.73803347174,143.41890336817
0.852,228.801108034328,83.6878298451579,-312.715348329746,3697.59790366453,143.414306362399
0.8521,221.610008518376,93.6357546493504,-315.150543687052,3697.35614661384,143.448135953775
0.8522,214.101372504665,103.125189329239,-317.237784208801,3697.17644742208,143.39973529789
0.8523,206.286996967936,112.887856377139,-319.197524421422,3696.94544970114,143.408359295177
0.8524,198.399840536361,122.181443821889,-320.706714609362,3696.73796061583,143.430208352201
0.8525,190.272100085012,131.54453696481,-321.878537496974,3696.50956006385,143.457122622213
0.8526,181.906565397213,140.725727830432,-322.840282270329,3696.31505264056,143.440268528267
0.8527,173.550921376709,149.8314687022,-323.33976851566,3696.10320871094,143.405405088824
0.8528,164.767770823937,158.740058395705,-323.583135630093,3695.87955194712,143.409215694539
0.8529,155.973585838185,167.550003532684,-323.537960254593,3695.68551293798,143.434750818186
0.853,146.961043836796,176.138755132772,-323.159380673695,3695.46059173452,143.406168720374
0.8531,137.89088228988,184.748190095635,-322.483647604246,3695.26487884776,143.387299835964
0.8532,128.610615994149,192.846097603022,-321.479138779221,3695.07319788077,143.403350813203
0.8533,119.189747906347,200.91881034231,-320.055382654005,3694.84489693,143.394724045327
0.8534,109.695540448143,208.756137042579,-318.412953512649,3694.65776186487,143.452584777548
0.8535,100.080878338575,216.511606545949,-316.468806233462,3694.45495457008,143.416859860927
0.8536,90.3197189590888,223.867004320284,-314.225156960293,3694.22290145645,143.403324041778
0.8537,80.5970833307986,231.161497446979,-311.687158871706,3694.05641749794,143.365976457506
0.8538,70.7642158047952,238.015846819737,-308.789448243043,3693.76842778562,143.415636322587
0.8539,60.7910452202757,244.804803561483,-305.552805028437,3693.64516492721,143.414197667401
0.854,50.763491078175,251.324154732431,-302.001660644149,3693.45692719246,143.398849664135
0.8541,40.6169892317997,257.578958443913,-298.293750878683,3693.22017179545,143.405111776979
0.8542,30.5451777676408,263.582463187895,-294.197311124254,3693.01743169805,143.392455339297
0.8543,20.4828959249803,269.377159694101,-289.70816734885,3692.83033946916,143.392503503641
0.8544,10.2010879403794,274.728698566909,-285.122231878263,3692.65586204915,143.401996851176
0.8545,0.0959523682275075,279.956726838712,-280.157600940158,3692.43947062624,143.400272550905
0.8546,-10.0872983900325,285.046942877883,-274.908035006444,3692.25513257959,143.396193374959
0.8547,-20.1567671407272,289.662286186452,-269.432530199012,3691.9860222102,143.400017157312
0.8548,-30.3299364299479,293.975337362327,-263.622028892142,3691.87519061583,143.399278712737
0.8549,-40.4200247658933,298.07432389702,-257.732023478074,3691.66728187052,143.412803297846
0.855,-50.4835474700844,301.883825096762,-251.341965990512,3691.4935297765,143.389756834162
0.8551,-60.532689139496,305.351576837649,-244.770034688052,3691.26522182703,143.383853106796
0.8552,-70.3706618906668,308.44173924562,-238.109800486438,3691.10012196752,143.375843593117
0.8553,-80.2839792627257,311.337278569594,-231.058712080244,3690.90485083878,143.358528389014
0.8554,-89.9865309937523,314.078717280829,-223.865030002627,3690.74328444104,143.373745555982
0.8555,-99.7898584702196,316.140973122985,-216.455629914915,3690.56283549793,143.378861706262
0.8556,-109.373619810192,318.146955513434,-208.743763935366,3690.34207003252,143.412831322525
0.8557,-118.921003988063,319.788630942342,-200.935729393211,3690.1799543147,143.425690684504
0.8558,-128.322715788151,321.009655992742,-192.901237919337,3690.04269113202,143.415476316762
0.8559,-137.45106661336,322.209598218725,-184.590886268682,3689.8345594513,143.399388561605
0.856,-146.685782139328,322.727224736804,-176.176436323115,3689.71838790788,143.35595912444
0.8561,-155.647465840167,323.175750138891,-167.596674437464,3689.52789708359,143.384833770278
0.8562,-164.368715396,323.082385654118,-158.745577034241,3689.3478666517,143.374784903362
0.8563,-173.070187554356,322.942086959998,-149.780843528462,3689.21155467651,143.392625190837
0.8564,-181.52394898738,322.361242659413,-140.825352295144,3689.0337682211,143.355436051347
0.8565,-189.812698857048,321.465797906672,-131.636621250771,3688.89417676737,143.390092748125
0.8566,-198.025359371644,320.264334973741,-122.14463726048,3688.73738890929,143.354969448848
0.8567,-205.907850334921,318.684915742519,-112.779442266157,3688.58890542997,143.408030874589
0.8568,-213.734635812636,316.743708028514,-103.158451639289,3688.43322304549,143.383849200056
0.8569,-221.139773414091,314.614316110343,-93.5340755736155,3688.27392468078,143.350440470627
0.857,-228.480619032613,312.120399871905,-83.7691633861218,3688.16023670033,143.399722787189
0.8571,-235.493489403919,309.305870233507,-73.9014528336278,3688.0210144841,143.37487081604
0.8572,-242.25192258246,306.270736196986,-63.8651391036146,3687.85548962829,143.376941308477
0.8573,-248.913230448678,302.884506775502,-53.9519429471898,3687.72657377402,143.343208539904
0.8574,-255.275544922581,299.23773397795,-43.9642669405349,3687.59459525666,143.404995941616
0.8575,-261.326214919385,295.165691011213,-33.9776296120506,3687.46115647033,143.349012476957
0.8576,-267.210532868439,290.868254488453,-23.7454922047414,3687.33319261925,143.3741885709
0.8577,-272.784345553932,286.406096382014,-13.6253876173823,3687.21871276581,143.347012571191
0.8578,-278.106817793036,281.437658711036,-3.3725818914715,3687.11015906233,143.369914915101
0.8579,-282.994721444874,276.381364493041,6.72371241180934,3686.99521867481,143.356658470852
0.858,-287.937474982351,270.998735879287,16.7409326557191,3686.90578017813,143.363411026834
0.8581,-292.258298085002,265.279045895591,27.0337157867222,3686.785698451,143.356899639103
0.8582,-296.395439051837,259.39634583841,37.0859123913566,3686.67687541548,143.350791990953
0.8583,-300.40840025821,253.180704583453,47.1327856804756,3686.60902294597,143.349562795604
0.8584,-303.932388587037,246.645630913711,57.1650488052026,3686.48913988493,143.377032427574
0.8585,-307.18354665461,240.039569462651,67.077740108602,3686.39336076732,143.364947052023
0.8586,-310.182167400348,233.103197022965,77.0185579362434,3686.30826438182,143.367574039877
0.8587,-312.844727644686,225.993201636408,86.8216066234792,3686.19321604518,143.332812771165
0.8588,-315.188927189187,218.608807023646,96.6643555134848,3686.14340799192,143.366116417993
0.8589,-317.203779158066,211.010342014535,106.308596439333,3686.07139343485,143.370783148582
0.859,-319.020128322382,203.25263896538,115.790169323979,3685.97926563349,143.34896704273
0.8591,-320.317274145999,195.190281437494,125.147377715102,3685.88745493376,143.348006329092
0.8592,-321.700762035878,187.154958468539,134.377985917671,3685.87518674157,143.303784341019
0.8593,-322.337856368003,178.612334545004,143.609852916392,3685.75980346367,143.297329958468
0.8594,-322.798532047041,170.118663436817,152.630630430964,3685.73065885703,143.343733309676
0.8595,-322.956865586462,161.440756219513,161.46538208318,3685.66050809951,143.324958390726
0.8596,-322.766316311334,152.560585717484,170.20386328928,3685.64549450634,143.337901431562
0.8597,-322.355255440011,143.428193587292,178.813450906611,3685.49629461435,143.367350963134
0.8598,-321.508333831816,134.403463363379,187.088621683108,3685.53127435518,143.325743672893
0.8599,-320.441563991148,125.020067436364,195.342237100275,3685.43719743331,143.368973108209
0.86,-318.971077174574,115.715836669573,203.288634161087,3685.40979910211,143.309670854815
0.8601,-317.267228067628,106.136826205001,211.164371939599,3685.38179133149,143.348391217014
0.8602,-315.135733352601,96.4038564351641,218.621567480011,3685.36844316667,143.337849979938
0.8603,-312.673707344244,86.6650564018394,225.980841571524,3685.33546555453,143.351791272605
0.8604,-309.971421395023,76.9560797694039,233.116123792031,3685.30741347,143.313547536972
0.8605,-307.039270636181,67.0504831904434,240.030244743161,3685.28155068703,143.309566820049
0.8606,-303.726633053624,56.9529078339708,246.756612314265,3685.25455440426,143.332984057212
0.8607,-300.19689113132,47.098023613182,253.109165055532,3685.23313268054,143.351891029772
0.8608,-296.410289786845,36.9440989178978,259.314541963296,3685.25301154604,143.318471947774
0.8609,-292.104549868796,26.9344909849968,265.256758239374,3685.21210548276,143.283528543678
0.861,-287.586327497417,16.7659820606024,270.845787549226,3685.18352432095,143.302789202263
0.8611,-282.888451251397,6.63216286983678,276.359337751377,3685.15865068246,143.303338131314
0.8612,-277.741098583133,-3.57922119824794,281.352737022343,3685.19550039479,143.323843634531
0.8613,-272.537445082797,-13.6681933277395,286.207109019898,3685.19778651328,143.358877034474
0.8614,-267.045105176316,-23.8413215819287,290.748651557117,3685.19818654205,143.346302308934
0.8615,-261.092356678168,-33.9398756218299,295.078440398681,3685.23256306898,143.329434185262
0.8616,-255.03993029041,-44.0544637719618,298.983435010492,3685.23300027009,143.342292653753
0.8617,-248.686160844623,-54.0545150711421,302.705266965657,3685.27209046704,143.333196567953
0.8618,-242.006572644616,-64.0346628495375,306.050150741199,3685.30577705917,143.31460760556
0.8619,-235.243980602307,-73.9160224432869,309.22978470682,3685.30464084714,143.282135608019
0.862,-228.15583827223,-83.7576633210977,311.928311476086,3685.3492013726,143.335912201878
0.8621,-220.812638643126,-93.4194015323359,314.362223092659,3685.34981575063,143.334957813135
0.8622,-213.350716505124,-103.246261088802,316.566420160419,3685.41132522005,143.307055715524
0.8623,-205.630861830507,-112.81600847146,318.347423166429,3685.38342409772,143.274239451422
0.8624,-197.722286424713,-122.245734702578,319.920011249883,3685.47179262526,143.314751002934
0.8625,-189.524836783096,-131.5365993233,321.073096479761,3685.45629930318,143.316566633827
0.8626,-181.302388505499,-140.84620112765,322.008001739748,3685.50854487901,143.303243494847
0.8627,-172.763918526854,-149.819145347374,322.601764150959,3685.54794002285,143.319390789722
0.8628,-164.084752231352,-158.679798138286,322.786518128622,3685.63923827009,143.310998220273
0.8629,-155.311689282657,-167.513737857839,322.843160061092,3685.6936658013,143.293782142457
0.863,-146.298549062269,-176.089332396515,322.38517065716,3685.73439070033,143.299407344675
0.8631,-137.229362408893,-184.566077668083,321.651836593435,3685.78886765909,143.328694836771
0.8632,-127.945486842177,-192.825886919337,320.727966863084,3685.83480755082,143.284754395275
0.8633,-118.647780295667,-200.757529481015,319.393433451109,3685.87021387364,143.30644952761
0.8634,-109.001695911892,-208.569201516384,317.68873889004,3685.97857883369,143.307318796469
0.8635,-99.5101096335498,-216.27098729807,315.73554160064,3685.98434138837,143.301475007505
0.8636,-89.7497952092336,-223.71129081573,313.410628110919,3686.0830345069,143.280091491676
0.8637,-79.9940577253509,-230.962959048579,310.898867291626,3686.12756422673,143.262300082012
0.8638,-70.1699826798267,-237.804793412271,307.997453704901,3686.16202194021,143.301420942702
0.8639,-60.1942857960764,-244.676735188643,304.938723846948,3686.26005384275,143.286598597481
0.864,-50.1850768762694,-251.125207607599,301.327248022667,3686.33626829933,143.277504313546
0.8641,-40.1840421260357,-257.430195693557,297.595056001358,3686.39965696497,143.289207100847
0.8642,-29.9925377787187,-263.327114647587,293.443772742505,3686.45132719842,143.280362628446
0.8643,-19.976752775194,-269.174400822343,289.014401002443,3686.57063068157,143.27841251794
0.8644,-9.87227254756938,-274.500464108618,284.488460619795,3686.60867487,143.310719507569
0.8645,0.269651851788288,-279.803036299875,279.431335047887,3686.70112877768,143.253610929089
0.8646,10.4341306137569,-284.796272134593,274.317048321202,3686.74950715611,143.295976778257
0.8647,20.5753231887856,-289.409931419169,268.858516974759,3686.84564215939,143.300542032672
0.8648,30.6358683238982,-293.760622137902,263.05672316561,3686.9482114576,143.28822871775
0.8649,40.8500117716475,-297.82194838023,257.098230851552,3687.03344154147,143.295364684157
0.865,50.8342560611296,-301.6134398411,250.696345037299,3687.1176712569,143.275549396647
0.8651,60.7840891282241,-305.081359591501,244.258153651331,3687.13219520324,143.294124825571
0.8652,70.7655467314142,-308.261654966921,237.573260777858,3687.23163785187,143.255260345085
0.8653,80.5854668963392,-311.0440764975,230.514097955374,3687.31195632898,143.293027651773
0.8654,90.4738793372707,-313.72305590523,223.382206041895,3687.40706366496,143.242515373424
0.8655,100.086083171019,-315.859926941187,215.827504917014,3687.51718141832,143.285856198917
0.8656,109.669161669505,-317.911846015719,208.217553111045,3687.55837016001,143.322648656136
0.8657,119.164085589998,-319.567126515745,200.400597409593,3687.6545061666,143.29524463586
0.8658,128.525280236432,-320.94081916419,192.257671636741,3687.75996181603,143.250859339691
0.8659,137.862764458169,-321.900700544882,184.142691644248,3687.83452138425,143.285592659034
0.866,146.880259767352,-322.498294530971,175.615764567513,3687.97025479463,143.243322644799
0.8661,155.760477399088,-322.888640629132,167.09107959287,3688.02102343357,143.282775658721
0.8662,164.609857461132,-322.953858470072,158.214679861492,3688.1137495747,143.254010431316
0.8663,173.327162172556,-322.639876653832,149.403368492891,3688.17464987223,143.254254318526
0.8664,181.732369706771,-322.099328480741,140.293816554497,3688.2506123666,143.277061402027
0.8665,190.116442430351,-321.136607675999,131.064249600592,3688.35306719855,143.231101552328
0.8666,198.150231857598,-319.875757401252,121.905255326465,3688.43585510053,143.254254811005
0.8667,206.025937148479,-318.366686178724,112.301043628594,3688.5079256861,143.23951658958
0.8668,213.787429309194,-316.544343725537,102.672162639703,3688.60000168088,143.233984091812
0.8669,221.32091934294,-314.434521574783,93.0402535557643,3688.6850411443,143.244669064806
0.867,228.633393576057,-311.970424184269,83.3820601528164,3688.76444843036,143.229428488975
0.8671,235.659335935292,-309.102119589686,73.519290422583,3688.85471311732,143.280988601987
0.8672,242.44380362448,-306.063706338392,63.5697676956501,3688.92190268331,143.260636956274
0.8673,249.035977429389,-302.703617395661,53.577907770217,3689.00949321371,143.209048622301
0.8674,255.35554242359,-298.922906443665,43.6186507497998,3689.07442105969,143.249609461046
0.8675,261.495235133604,-295.033879118411,33.459961422638,3689.18747915379,143.235978357962
0.8676,267.333628949254,-290.625460424426,23.4718753162176,3689.28185470002,143.240629182437
0.8677,272.885608661414,-286.134187239548,13.1654693614135,3689.32781477353,143.264191960531
0.8678,278.128401380084,-281.254125196262,3.21215066720995,3689.39269619877,143.243423463649
0.8679,283.121163905112,-276.124164707625,-6.93696303487251,3689.45627606932,143.269203337261
0.868,287.861246015896,-270.76844611574,-17.1792469567666,3689.5569754257,143.275208117979
0.8681,292.35867297897,-265.061493430995,-27.239390944371,3689.62387662206,143.244196335474
0.8682,296.532329358507,-259.173149500952,-37.4297333901544,3689.66011082031,143.225472893819
0.8683,300.454422546573,-252.952330304735,-47.4212157689974,3689.7922619162,143.271235687237
0.8684,303.948990323208,-246.525175863056,-57.450048993835,3689.85027653099,143.205635091995
0.8685,307.269837807505,-239.861942899259,-67.3171099187908,3689.92852941545,143.213082078624
0.8686,310.216250218468,-232.982176116255,-77.2761042573587,3690.02044914011,143.224340359423
0.8687,312.820086051144,-225.867903123372,-86.9891578956406,3690.03570677653,143.241514756408
0.8688,315.223308363585,-218.412513362669,-96.852634998076,3690.14292793704,143.251373864646
0.8689,317.280724916966,-210.945751140405,-106.450454228485,3690.19065837604,143.225253682714
0.869,318.990748459782,-203.068723698515,-115.831539850559,3690.24088719495,143.235017127546
0.8691,320.418119923629,-195.120334744009,-125.41270564816,3690.29635747182,143.248814875369
0.8692,321.445311485063,-187.045201163309,-134.628098215509,3690.33803355793,143.234188748519
0.8693,322.313116139759,-178.637384018358,-143.618973991091,3690.40871728774,143.211185221111
0.8694,322.850402857832,-170.081791144836,-152.718035557553,3690.47219024335,143.263853061885
0.8695,322.935218619671,-161.421858167383,-161.606843385356,3690.51879407609,143.251974378025
0.8696,322.818948466444,-152.400962469089,-170.289478498333,3690.57344935225,143.259283882946
0.8697,322.302664878744,-143.479263147174,-178.92572446334,3690.66196771349,143.229004210916
0.8698,321.57527498744,-134.352669340655,-187.193927716781,3690.73964805045,143.184545937523
0.8699,320.397922297351,-125.02378342903,-195.361713813535,3690.78820594037,143.20429157118
0.87,319.080773970174,-115.670519818472,-203.332503189615,3690.80474233264,143.229989939924
0.8701,317.260921167831,-106.093637251429,-211.119576999481,3690.88137309865,143.224991574794
0.8702,315.120193599012,-96.507925893514,-218.807866699718,3690.87833731754,143.205673420457
0.8703,312.840049675832,-86.8614045646362,-226.06057352943,3691.01598196732,143.211367445051
0.8704,310.105192006018,-76.9708821883456,-233.171255615059,3691.05979586099,143.260628693688
0.8705,307.106458343537,-67.0045322714374,-239.993358326637,3691.06300881714,143.177553883099
0.8706,303.821059005403,-57.1760672280774,-246.742667747519,3691.0833862269,143.22071215383
0.8707,300.183141434248,-47.1333262287672,-253.1620102911,3691.19950935377,143.254179787541
0.8708,296.396299438926,-36.9990934007108,-259.278481588475,3691.21097867483,143.221020072509
0.8709,292.201420956237,-26.9120354985687,-265.155073393979,3691.22045027307,143.216342041068
0.871,287.682460456603,-16.8389909314281,-270.871090055778,3691.25848135053,143.218365730011
0.8711,282.946073403365,-6.67011666268884,-276.249203650253,3691.32491611785,143.202491626108
0.8712,277.88896445792,3.50717279838547,-281.249378293158,3691.34203892857,143.207667776432
0.8713,272.602888112729,13.6481699829609,-286.207172714164,3691.36490797422,143.211590903968
0.8714,267.003479302611,23.6720491977205,-290.696523451881,3691.39579333427,143.220730321828
0.8715,261.19427821264,33.8494730683967,-294.985384984416,3691.48595218516,143.196604452451
0.8716,255.061284711483,43.8502573557637,-299.03197100041,3691.47564006106,143.206582318418
0.8717,248.74906412512,53.9531288496429,-302.620730667532,3691.52734986702,143.212978098226
0.8718,242.117004313965,63.8319161281978,-305.987021536246,3691.58402959959,143.196958867597
0.8719,235.406414205037,73.6891012226705,-309.048702040704,3691.60988405559,143.224436753115
0.872,228.339244302316,83.5277417996446,-311.850310722439,3691.6220447191,143.181769473472
0.8721,221.018175246934,93.2958887169576,-314.333406645822,3691.64836769767,143.217560879065
0.8722,213.434409176847,102.897658207681,-316.465615205546,3691.62084613666,143.18688871139
0.8723,205.822288726844,112.399044497489,-318.355187196128,3691.68354719195,143.183911490679
0.8724,197.814496401647,121.96180295293,-319.841986570202,3691.73546598488,143.198391832494
0.8725,189.716165178594,131.271400044936,-321.078630217523,3691.75855463334,143.2098075566
0.8726,181.429427602109,140.451934844767,-322.000719086047,3691.77516518021,143.210268888085
0.8727,172.983260321852,149.605834435176,-322.591191194032,3691.82717091582,143.15761241082
0.8728,164.301969902045,158.416425361785,-322.725360656795,3691.86011270019,143.160993361601
0.8729,155.47194642714,167.225685191507,-322.742494081729,3691.90186042467,143.1932081358
0.873,146.592338400198,175.763458933598,-322.327045011575,3691.90129342748,143.17969099167
0.8731,137.448829497295,184.255236338699,-321.610006983158,3691.89739866479,143.196919801087
0.8732,128.209943316449,192.479891582637,-320.62887641683,3691.96900023609,143.186301794529
0.8733,118.817685432086,200.483958608933,-319.429034009368,3691.9934120073,143.202227964226
0.8734,109.324629360447,208.340796984033,-317.663167797112,3691.99869753571,143.166300973154
0.8735,99.7723300059592,215.967096261954,-315.692753332024,3692.02935077789,143.17735407398
0.8736,90.0592009996787,223.303121686914,-313.37440373377,3692.07570049316,143.1834645474
0.8737,80.3477421254528,230.565972006483,-310.880705786049,3692.11146851895,143.189130848446
0.8738,70.397544467477,237.588472119908,-307.95270553143,3692.08887536993,143.200086323511
0.8739,60.5003275773491,244.286777920721,-304.883255880337,3692.14624126284,143.205644132165
0.874,50.4753900375451,250.789038677505,-301.193403742533,3692.17623416855,143.139826991727
0.8741,40.5198525738003,256.974809507759,-297.465751126771,3692.19159666739,143.194992748118
0.8742,30.4132895487139,263.029144403882,-293.443216279144,3692.21707293716,143.180854998799
0.8743,20.2534970427241,268.727014091857,-289.021745917797,3692.21764051273,143.184332946515
0.8744,10.2142984524243,274.229456202511,-284.303723077282,3692.28548225946,143.151540084575
0.8745,0.0542803561239018,279.451900271646,-279.430979030673,3692.27551521128,143.123481118237
0.8746,-10.0919135873912,284.395767280031,-274.305847137726,3692.35655318985,143.15356795421
0.8747,-20.3364979712448,288.963423485245,-268.818206966588,3692.38642698553,143.178467718405
0.8748,-30.257735383028,293.458594904544,-262.932752820139,3692.38794874882,143.147323406949
0.8749,-40.4155810701825,297.347482565162,-256.97854766515,3692.39794185781,143.18151630094
0.875,-50.39383656891,301.162392229484,-250.639393118905,3692.46450606567,143.149854333032
0.8751,-60.5340478371219,304.664072984871,-244.339613345046,3692.51217464866,143.181101003715
0.8752,-70.393906548796,307.931134836542,-237.516187168128,3692.54053801299,143.178465015211
0.8753,-80.1801062875909,310.718985286694,-230.488641525582,3692.59337164775,143.213398020214
0.8754,-90.0129675610801,313.307295727249,-223.176727865856,3692.603229045,143.148707603467
0.8755,-99.6644310913726,315.504362058959,-215.813473019444,3692.6975181079,143.162408249216
0.8756,-109.316701261674,317.485820154727,-208.215737082291,3692.72693031188,143.170207021262
0.8757,-118.780757597509,319.147714156842,-200.379511054673,3692.76884915873,143.153910979909
0.8758,-128.134474049693,320.43906051774,-192.284132356982,3692.81522794611,143.172504969426
0.8759,-137.392922548,321.502583728546,-184.081592639148,3692.86583095674,143.144656407156
0.876,-146.410441193645,322.147794336858,-175.736942268191,3692.84496849956,143.146286474599
0.8761,-155.431171626962,322.38727616722,-167.047768167066,3692.91870083512,143.152117794757
0.8762,-164.137851035883,322.503620239525,-158.263679016306,3692.9568578096,143.189079466065
0.8763,-172.753124765266,322.274271025974,-149.387097604823,3693.01623810866,143.173289903925
0.8764,-181.290692664916,321.618327791004,-140.405985979333,3693.08191069653,143.143687510077
0.8765,-189.499428893255,320.69291774067,-130.997905920573,3693.13640754731,143.142380154391
0.8766,-197.569797688445,319.613252996216,-121.801112565399,3693.15819483191,143.15555637445
0.8767,-205.607868255643,317.989755641203,-112.357263747596,3693.26004684258,143.143798016815
0.8768,-213.297917200219,316.189574679866,-102.813710548189,3693.29021921404,143.145110898199
0.8769,-220.801431145015,313.953497531011,-93.1834385999118,3693.3815346918,143.185377624572
0.877,-228.036199581497,311.42976633248,-83.4787654986069,3693.44842086929,143.132194543916
0.8771,-235.080073571986,308.635511025084,-73.6493643812527,3693.4739263317,143.144346324089
0.8772,-241.887726608869,305.614659696285,-63.6039728009724,3693.59634105274,143.138917719705
0.8773,-248.36703650366,302.158349937585,-53.7041780187636,3693.62598203514,143.137236928013
0.8774,-254.831964804352,298.539135254112,-43.7311854557931,3693.72273822329,143.133278618481
0.8775,-261.028828537269,294.562866567806,-33.610634441332,3693.79729860282,143.141011925762
0.8776,-266.689867467212,290.289534345403,-23.5092552326769,3693.88588458454,143.16316650578
0.8777,-272.376001155341,285.671150291608,-13.4064649688602,3694.00202223843,143.090659153762
0.8778,-277.522334318656,280.828641166095,-3.30285924802784,3694.01483335917,143.121309217842
0.8779,-282.636349488078,275.788429337741,6.89030387246655,3694.14062687378,143.13227589994
0.878,-287.28360001375,270.230367037087,16.9113661861046,3694.17581556753,143.158666448761
0.8781,-291.715513643756,264.684690354438,27.0184725963191,3694.35217641824,143.133060703385
0.8782,-295.932805741564,258.735147092699,37.0969147129231,3694.4100460202,143.152033648912
0.8783,-299.875501264938,252.558647047016,47.2409868811938,3694.51147749705,143.136922675749
0.8784,-303.264734934325,246.092935735311,57.1265963407272,3694.60606182735,143.106892866553
0.8785,-306.566438079459,239.542440537122,67.2226604290652,3694.66092670969,143.110031737581
0.8786,-309.607012260392,232.547646449439,76.9270119572396,3694.76981807834,143.129127611745
0.8787,-312.383966708136,225.410194604411,86.7409377079094,3694.88672533373,143.111044179116
0.8788,-314.61935379354,218.166068487295,96.6254012292635,3694.99487599277,143.106675989658
0.8789,-316.62107433673,210.58995863174,106.168052070322,3695.14046892734,143.13673317434
0.879,-318.465352736491,202.713783044846,115.781192236609,3695.21496048351,143.141268616563
0.8791,-319.764328900389,194.733690878759,125.124898949335,3695.32836877275,143.146573345532
0.8792,-320.966524100411,186.529877084578,134.408651456855,3695.46251774922,143.123413696463
0.8793,-321.743182161059,178.234222596277,143.500299312438,3695.59329999802,143.136368072726
0.8794,-322.142590973077,169.754867916223,152.57120562411,3695.69713452446,143.132148919181
0.8795,-322.275592923751,160.968844707643,161.312650510408,3695.7947257542,143.170628525712
0.8796,-322.223247729318,152.099467057341,170.02548555581,3695.91977053165,143.151166674586
0.8797,-321.656471533962,143.064517776869,178.567719616494,3696.05106382714,143.097245752962
0.8798,-320.851952478895,133.92738910557,186.869616830346,3696.2010649822,143.158865587395
0.8799,-319.687169345433,124.742682159514,195.029925564273,3696.33647237684,143.100874477118
0.88,-318.306444088255,115.186720633475,203.079073301532,3696.48052166241,143.122163287194
0.8801,-316.614272185886,105.756047134714,210.924190477334,3696.60510649115,143.09006279933
0.8802,-314.449506913354,96.0947920406493,218.404264575957,3696.72658503889,143.127653393127
0.8803,-312.081907685063,86.459961773591,225.817237122382,3696.89566064883,143.132751706327
0.8804,-309.374165570184,76.5236680980374,232.843914086744,3696.99765564442,143.137505086701
0.8805,-306.416477803098,66.7567028416448,239.75166301092,3697.20686346984,143.072881565404
0.8806,-303.228754976568,56.692552060093,246.355280906583,3697.36139358986,143.082191854616
0.8807,-299.533051378194,46.7294974375475,252.870206797069,3697.49380714359,143.12402820896
0.8808,-295.766320804379,36.7078339614495,258.908385832038,3697.66400588235,143.126952438692
0.8809,-291.592979524748,26.6888243679572,264.885762126587,3697.80737977208,143.095884914681
0.881,-287.086640814175,16.5877237740212,270.555011698495,3697.94283663146,143.129426240747
0.8811,-282.241592914014,6.47719940657006,275.929004182309,3698.11837931828,143.11903553032
0.8812,-277.209703033435,-3.70363817590932,281.049103022891,3698.26541857704,143.101227896497
0.8813,-271.951426212585,-13.9039158044019,285.866569539364,3698.44408907578,143.138496030087
0.8814,-266.519852510594,-23.9958047875258,290.303117834122,3698.58728931207,143.061772038622
0.8815,-260.483329379203,-34.0249001749161,294.563247460653,3698.84371876701,143.079408091221
0.8816,-254.399966978632,-44.1289757280348,298.59965810688,3698.9241772746,143.1008917497
0.8817,-248.062600758027,-54.1411803393004,302.179516280576,3699.17391567075,143.100245009436
0.8818,-241.608576017494,-64.0356035900348,305.669832545909,3699.3476397347,143.104234694729
0.8819,-234.761458700608,-73.9983302422255,308.659165322796,3699.52246186809,143.108684697144
0.882,-227.620971707549,-83.8250436969483,311.467131206995,3699.70419664317,143.106619861824
0.8821,-220.272351469251,-93.5035460889734,313.851540146777,3699.8587744289,143.121807772419
0.8822,-212.860930235196,-103.173273965771,316.089285708108,3700.0555387696,143.120548084803
0.8823,-205.139650893478,-112.749734517982,317.85742620272,3700.2114105329,143.085788697909
0.8824,-197.236550756021,-122.200010388753,319.509113661241,3700.42421939043,143.071366804682
0.8825,-189.123529307089,-131.477554013564,320.620693508634,3700.58350505828,143.064868040814
0.8826,-180.753454480406,-140.719949149883,321.519135067144,3700.80870578892,143.125351289387
0.8827,-172.337114469691,-149.759297289941,322.089021681537,3700.99999123997,143.094093686943
0.8828,-163.706686114788,-158.591278844071,322.463303456552,3701.19103197026,143.095020185896
0.8829,-154.915819083842,-167.368807136528,322.252688955214,3701.35297047294,143.112378036693
0.883,-145.810308292047,-175.911595919794,321.866205407279,3701.60934906654,143.085920826541
0.8831,-136.86391585646,-184.405215500327,321.224492777201,3701.75316806315,143.074635372476
0.8832,-127.514201156898,-192.653733944294,320.144583836628,3701.98239877664,143.088151840561
0.8833,-118.161692911549,-200.571605660059,319.024324687368,3702.1713331381,143.078330444512
0.8834,-108.774184845625,-208.495358249771,317.276955414367,3702.38204469701,143.07680783367
0.8835,-99.2511470034137,-216.117612253687,315.351949739781,3702.54378081662,143.076556696545
0.8836,-89.4706045885293,-223.497105523033,313.064757629671,3702.77669516218,143.083008823014
0.8837,-79.6824517257086,-230.619991105845,310.445075950754,3703.00733996995,143.092921384062
0.8838,-69.7933231472382,-237.642971537286,307.53999459149,3703.20782764442,143.077093048453
0.8839,-59.9434845693726,-244.384701831215,304.351571792668,3703.39400978253,143.077193529141
0.884,-50.0958944429203,-250.878471955723,300.894452299793,3703.57482649743,143.058831497232
0.8841,-39.8629267113647,-257.061997537241,297.031492154848,3703.77320378062,143.06865608063
0.8842,-29.8941930904899,-263.172237279506,292.938261121065,3704.02699273686,143.052369703994
0.8843,-19.7486614544847,-268.776448070421,288.602205482365,3704.21331141646,143.07827219453
0.8844,-9.55641273095569,-274.33476436567,283.962952829972,3704.45392149066,143.059965040377
0.8845,0.610214328662994,-279.462069436687,278.918210448672,3704.66354259658,143.061841339911
0.8846,10.5726277905394,-284.439264316912,273.767724030986,3704.86802764131,143.097744010823
0.8847,20.7315223989545,-289.03706906576,268.308922621242,3705.05066650257,143.090217361452
0.8848,30.8243037345515,-293.413305470102,262.524196574137,3705.28321257929,143.060286313162
0.8849,40.9374417837973,-297.473072711291,256.543068849957,3705.49880995523,143.064152463464
0.885,50.9223619585421,-301.290249933873,250.235619924016,3705.67032113862,143.094276442567
0.8851,61.0169265379118,-304.62921790756,243.765020293773,3705.91655065783,143.071246725883
0.8852,70.8251200025448,-307.911189065775,237.071670668688,3706.12578837509,143.078193221563
0.8853,80.6864828287847,-310.834779415964,230.032199405747,3706.28998262755,143.091860357491
0.8854,90.5399236330911,-313.283258532603,222.864100531708,3706.55955575452,143.052200476667
0.8855,100.168388506447,-315.6134240931,215.465488900005,3706.79153459461,143.043049816026
0.8856,109.828216781279,-317.53037282004,207.746005588495,3706.96235122925,143.058905216106
0.8857,119.17567230799,-319.101977991744,199.943069879379,3707.21387080602,143.059461742179
0.8858,128.551008905649,-320.375044214785,191.819905564036,3707.38122047389,143.039850126732
0.8859,137.859090942547,-321.334793866645,183.591703206001,3707.59431325205,143.076369777791
0.886,146.990901174289,-322.12558693729,175.135954615789,3707.78025977892,143.041146839825
0.8861,155.823495576333,-322.418090227369,166.685279830273,3708.01790903963,143.009548060109
0.8862,164.577440585578,-322.464426223843,157.888598486428,3708.22442931584,143.056158295566
0.8863,173.359902709779,-322.234590656476,149.012471180697,3708.39805141274,143.06727058212
0.8864,181.718381932088,-321.707527710014,139.983303040849,3708.61743106414,143.034851762866
0.8865,189.967099379181,-320.71199516618,130.741908194039,3708.80572719741,143.003841712904
0.8866,198.134359526737,-319.511822529767,121.410806252242,3709.01140142837,143.041154962513
0.8867,206.077400632276,-317.916806059502,111.898228133388,3709.24804329272,142.993941059034
0.8868,213.715049634322,-316.064352237779,102.458218823406,3709.42735111968,143.031333043713
0.8869,221.165659660301,-313.991544214182,92.701790390619,3709.65624559101,143.059123813836
0.887,228.448269010465,-311.497725481254,83.0766042869825,3709.85121935775,143.039815402612
0.8871,235.504852817682,-308.638172980915,73.1499793892529,3710.02818867931,143.013715751514
0.8872,242.33713011077,-305.482621735522,63.2145341574209,3710.24208475377,143.045613515827
0.8873,248.820890413957,-302.149389896779,53.328386160676,3710.46643173159,143.035240159103
0.8874,255.240869438398,-298.49793103025,43.3208638744222,3710.62941017829,143.042746031857
0.8875,261.289218579643,-294.514777523183,33.2205093902367,3710.82682717333,143.022723889874
0.8876,267.124482916555,-290.182593794722,23.1273053580574,3711.00141569408,143.05609507235
0.8877,272.644656371651,-285.68413058554,12.9913705834201,3711.21219092147,143.02084138615
0.8878,277.838992198491,-280.858434836537,2.91342753296393,3711.41689798825,143.030821161468
0.8879,282.97422071292,-275.721582348628,-7.310756456779,3711.57976066705,143.023672593835
0.888,287.670886319261,-270.244819778585,-17.3230355131061,3711.78269910238,142.999782177747
0.8881,292.025141505308,-264.539566971426,-27.5272355668791,3711.93261271514,143.048311338337
0.8882,296.144800146275,-258.702514359031,-37.5656017290772,3712.18725126705,143.032386186705
0.8883,300.112851779977,-252.56028548084,-47.5943630544523,3712.32751453502,143.011069278741
0.8884,303.621149310351,-246.094678636147,-57.6328116629606,3712.55387656255,143.023754324805
0.8885,306.942680485434,-239.468245693826,-67.629983389362,3712.70361848745,143.005519275929
0.8886,309.990896304362,-232.485029849788,-77.3722086914641,3712.8763776695,143.031160666338
0.8887,312.587046424321,-225.304363561319,-87.2461632582728,3713.03375656823,143.017406412886
0.8888,314.926596868329,-218.066078148854,-96.9639984088505,3713.24226518342,142.998263502219
0.8889,317.083430693725,-210.416238577978,-106.52025059754,3713.42501619242,143.015506233818
0.889,318.691116860729,-202.552962077169,-116.107518161179,3713.56974845019,143.015417425866
0.8891,320.148352115574,-194.706843477692,-125.438481997832,3713.73521331889,143.031076934826
0.8892,321.316024862111,-186.536579655173,-134.763530618942,3713.91462698593,142.988850198338
0.8893,321.953347833472,-178.148712468091,-143.790717166095,3714.07401492204,143.021133628042
0.8894,322.382102168765,-169.619008252448,-152.766658863526,3714.26964450726,143.016245668431
0.8895,322.634533255184,-160.913482090775,-161.752335631052,3714.41969530354,142.992859195648
0.8896,322.438928375499,-152.090863448605,-170.475874383244,3714.60464641757,143.000698226232
0.8897,321.957270190473,-143.079231192872,-178.934416630794,3714.71731830204,143.042826027488
0.8898,321.16324354031,-133.895964122354,-187.229179643212,3714.90521428299,143.008456138268
0.8899,320.050201154733,-124.721503686307,-195.373603786085,3715.03594219426,143.008123471894
0.89,318.531239968549,-115.180082975045,-203.307478131867,3715.20147771308,142.980318379063
0.8901,316.757546937167,-105.68671499347,-211.178701241074,3715.36542703823,142.980500501696
0.8902,314.788349070273,-96.157925428651,-218.717871728425,3715.4903101854,142.99679918035
0.8903,312.478401952001,-86.3903377176431,-225.949513667373,3715.68511932982,142.97208773569
0.8904,309.54318072862,-76.5293861548113,-233.108020195257,3715.79840040095,142.995082414381
0.8905,306.785504126371,-66.6740674335223,-240.074260113049,3715.94129007087,142.99484278118
0.8906,303.383642648588,-56.6759437882662,-246.591593281851,3716.14080916912,142.99730966616
0.8907,299.770080287435,-46.7476019420451,-253.040950231215,3716.2654717342,142.970728431562
0.8908,295.914399033334,-36.6515803236079,-259.204963657571,3716.3847867097,142.990833146325
0.8909,291.845191352997,-26.535585838016,-265.250594275312,3716.55952121142,142.977375666205
0.891,287.239253710371,-16.4865110932186,-270.7853656301,3716.67882741108,143.003310802886
0.8911,282.501896415674,-6.43585061425464,-276.29716374502,3716.81611567277,142.97681234859
0.8912,277.467525213693,3.78334508931734,-281.237255945702,3716.93401696545,142.987850508032
0.8913,272.224348773811,13.8203604142876,-286.130278032135,3717.1145903811,142.971819462933
0.8914,266.544336392998,23.9600891446641,-290.667670034399,3717.21586791833,143.005055698388
0.8915,260.767593584094,34.1945041944371,-294.82494567427,3717.33702031489,142.979016742447
0.8916,254.696811005343,44.2071776297424,-298.769693153156,3717.51482286918,142.93692419995
0.8917,248.381548986901,54.1692523164277,-302.519210028755,3717.63415836709,142.990261347802
0.8918,241.704995336127,64.1471697909191,-305.87983129717,3717.77328847553,142.98537583395
0.8919,234.839840206724,73.9795057617492,-308.948936498862,3717.85422178779,142.958310116584
0.892,227.850243482542,83.8152428497445,-311.713581179465,3717.98436255458,142.945760993128
0.8921,220.542031763809,93.6862608146739,-314.288587453693,3718.11782106969,142.93781606382
0.8922,213.063968519032,103.154520762037,-316.247620161745,3718.26339184912,142.936739716612
0.8923,205.302182964039,112.76738863556,-318.172521638315,3718.38223960243,142.966971719965
0.8924,197.409969668716,122.118314833277,-319.610148638871,3718.46587944158,142.966391613492
0.8925,189.340878397273,131.485362485705,-320.801956685915,3718.61922199373,142.954715673458
0.8926,181.073474085672,140.694352514882,-321.752633314182,3718.71017400343,142.929330134331
0.8927,172.593938796815,149.753460018404,-322.377356890165,3718.83342044094,142.990216662376
0.8928,163.855729075616,158.701288738938,-322.484819798091,3718.99039179563,143.004950199522
0.8929,155.092514835499,167.324963578255,-322.532812998742,3719.0811343245,143.009451679853
0.893,146.194838265022,175.995128810007,-322.131381687199,3719.1851445145,142.961640904126
0.8931,136.978726708035,184.273149466174,-321.418066278461,3719.29851174546,142.927364914704
0.8932,127.75506362341,192.611341930643,-320.378347128729,3719.42408675315,142.943613663455
0.8933,118.401687315169,200.6138433695,-318.995704638221,3719.58183053022,142.968275723575
0.8934,108.931310642006,208.474207635613,-317.299331592526,3719.66495084529,142.968957120672
0.8935,99.3486220660345,216.071850016363,-315.434813840936,3719.78718417575,142.935060333395
0.8936,89.6590440725426,223.447142831449,-313.100314362594,3719.89198596245,142.982238940757
0.8937,79.8627352241947,230.758197488393,-310.549749845209,3720.0098497495,142.931210997887
0.8938,70.0111706615368,237.613727975595,-307.638517798134,3720.04706077055,142.977451087496
0.8939,60.1709493149614,244.374268600485,-304.461672156956,3720.23521687372,142.925853608098
0.894,50.0452209286905,250.830367806951,-301.032854673536,3720.33367712347,142.933004420859
0.8941,40.0630786972306,257.069349912218,-297.24777009228,3720.46532728157,142.935897825405
0.8942,30.0596092810806,263.063706951601,-293.103362908629,3720.55527948962,142.948764045149
0.8943,19.8837692027822,268.7469176858,-288.680270788412,3720.67157444237,142.962325471601
0.8944,9.77360957640505,274.274942692795,-284.023083301515,3720.79488445443,142.954583703221
0.8945,-0.343657652287032,279.450079088891,-279.100844973339,3720.86974498126,142.934288353
0.8946,-10.4744617435244,284.434528614527,-273.927158876977,3720.9803833292,142.949919874227
0.8947,-20.5999337971201,288.994654714002,-268.363757285179,3721.13339195532,142.963249591722
0.8948,-30.8044552500512,293.325196368777,-262.691014615672,3721.20874866691,142.933342825669
0.8949,-40.7908996368141,297.392006993527,-256.758015915912,3721.28797139737,142.92419898298
0.895,-50.8616701724337,301.120592249007,-250.405671452507,3721.40970906559,142.941567640285
0.8951,-60.7361495888597,304.68621157792,-243.849525175936,3721.54843584644,142.942062104864
0.8952,-70.6215904486317,307.908482579172,-237.08458071024,3721.62730224957,142.97148375364
0.8953,-80.5751266466576,310.702390986675,-230.106377577856,3721.75617725772,142.949987679674
0.8954,-90.2824285220406,313.223640058406,-222.93376117558,3721.88507808592,142.943204575355
0.8955,-99.9168164811992,315.495222095181,-215.439122483671,3721.92437524279,142.922654311852
0.8956,-109.595867304953,317.420643357475,-207.913378802918,3722.06629817142,142.939708675018
0.8957,-119.000792383773,319.142898644776,-200.034128963242,3722.19441613103,142.966174344198
0.8958,-128.39532925639,320.254805490719,-192.033687495634,3722.32275334316,142.924898629924
0.8959,-137.600407074439,321.334541547497,-183.711708341501,3722.41531694648,142.917000006715
0.896,-146.804293408546,322.08696612663,-175.329665463024,3722.55587895643,142.937714173853
0.8961,-155.664628398462,322.375229614065,-166.697746522781,3722.66452078406,142.957040008826
0.8962,-164.423554010118,322.451296539261,-157.875765890712,3722.73149069466,142.928817005607
0.8963,-173.094151050662,322.138125696272,-149.040226261521,3722.89483575044,142.933485289092
0.8964,-181.55844540133,321.431743106004,-140.007576709026,3722.99548584899,142.932723907051
0.8965,-189.944290442136,320.597640834674,-130.757134953987,3723.1276189257,142.932866629851
0.8966,-198.01549935524,319.377717130151,-121.418637950494,3723.26761578351,142.93085675355
0.8967,-205.797073729034,317.903769430917,-111.99301184271,3723.38234141759,142.926078336371
0.8968,-213.551071863028,315.976550445785,-102.498353612781,3723.47603498754,142.94595119037
0.8969,-220.975646104799,313.894327025964,-92.7639148736574,3723.59522694869,142.933435482988
0.897,-228.339315468071,311.243828939035,-83.1269767287771,3723.72330137719,142.94050544329
0.8971,-235.306500345167,308.532625308153,-73.2388072567477,3723.84842506781,142.945368120107
0.8972,-242.069648284933,305.407041348523,-63.265789235192,3723.94967110768,142.880888362508
0.8973,-248.76357489745,302.034886937659,-53.2996463817167,3724.0825209006,142.955281408798
0.8974,-255.03924660361,298.338323470217,-43.251375658719,3724.2307843712,142.902765595228
0.8975,-261.068964326429,294.278487742763,-33.1930417197188,3724.33581330767,142.908842147013
0.8976,-266.945600913364,290.003059111737,-23.1958531579536,3724.50124160465,142.895818917609
0.8977,-272.556275003625,285.484639436431,-12.9991873883232,3724.61611047931,142.908593625463
0.8978,-277.613464917019,280.635457138246,-3.00262588752167,3724.72156614813,142.887496325435
0.8979,-282.677654444592,275.448303710905,7.21525392875176,3724.8980950956,142.913643166601
0.898,-287.395593110253,270.069009667915,17.2726534186089,3725.04664122157,142.917166180386
0.8981,-291.980845123242,264.490995775187,27.4827448405384,3725.14001075911,142.927541936155
0.8982,-296.041414492181,258.5207580473,37.60253957651,3725.29937213888,142.884218737434
0.8983,-299.94232487497,252.392664707453,47.5205749110506,3725.43412369956,142.892456951304
0.8984,-303.522695296342,245.856342062415,57.5786530551921,3725.55849727543,142.919285963078
0.8985,-306.697401269848,239.220286146634,67.5478846951287,3725.71401936705,142.904424631424
0.8986,-309.684803943429,232.26703930414,77.2995229458492,3725.85105047985,142.89193529798
0.8987,-312.395293060915,225.250752039791,87.1432213951938,3726.0232243348,142.892514740785
0.8988,-314.743886628329,217.867584593367,96.8054658563866,3726.11803984829,142.893525621935
0.8989,-316.770562557444,210.189328803605,106.48619949236,3726.26648681123,142.916061592304
0.899,-318.410430053962,202.494691172354,116.013375903674,3726.40736874751,142.874898160216
0.8991,-319.960824788888,194.465161757484,125.478749939192,3726.59017918024,142.899970901421
0.8992,-320.972599387676,186.309293113296,134.69074743699,3726.73681749208,142.872873747767
0.8993,-321.812010579799,177.866387246352,143.869435835826,3726.91036117682,142.852585816039
0.8994,-322.182912158804,169.365497724559,152.77430708635,3727.04383651835,142.921584532695
0.8995,-322.317463647908,160.739965429825,161.706469531031,3727.21185632984,142.884813610561
0.8996,-322.184770052363,151.790924589158,170.341102957983,3727.36160623223,142.875493963266
0.8997,-321.600633988169,142.75966301266,178.892168360225,3727.52072275858,142.908266440696
0.8998,-320.881151431159,133.59105383932,187.236416885347,3727.64581882614,142.884587794058
0.8999,-319.713799400084,124.311958691239,195.423726894394,3727.84039952121,142.899585287578
0.9,-318.300772973531,114.914504033779,203.340808896765,3728.02599708506,142.858210979861
0.9001,-316.604568025406,105.432910749859,211.106388877405,3728.16611896512,142.845637394593
0.9002,-314.402376968503,95.7694869064011,218.644665650515,3728.34280040672,142.886200851657
0.9003,-312.122189069611,86.0728706448025,226.012677965819,3728.46223724407,142.878894179887
0.9004,-309.507478827564,76.2977376484242,233.154026920552,3728.66565297037,142.839729137493
0.9005,-306.402018178918,66.3924641002849,240.109514795808,3728.82832253868,142.884328756881
0.9006,-303.157710077708,56.3970985127379,246.651430388853,3729.01963621918,142.892709936645
0.9007,-299.526629783167,46.4174513424036,252.995195302051,3729.21217083076,142.844290382906
0.9008,-295.590735557087,36.3822640183904,259.244278350749,3729.39430017391,142.905703835235
0.9009,-291.491724902603,26.2534458591261,265.156730441914,3729.51459314079,142.893452296069
0.901,-286.842353555176,16.1691506556524,270.743832941081,3729.70721963267,142.865887197912
0.9011,-282.24045855243,6.08840676579123,276.135060564783,3729.89214467527,142.880054811668
0.9012,-277.110162893756,-4.11952341201165,281.247462864604,3730.08423071814,142.876636630463
0.9013,-271.950773937047,-14.1304280251067,286.066670508261,3730.23590626707,142.883214978508
0.9014,-266.257878447017,-24.3219890158407,290.544895513082,3730.42713439053,142.806707625506
0.9015,-260.442549352746,-34.3542369471334,294.894115732448,3730.60560283033,142.883916941121
0.9016,-254.321978920133,-44.4099348437968,298.782015263595,3730.75839650567,142.857890045575
0.9017,-247.917559342313,-54.4912686332017,302.43512801927,3730.99674052883,142.818864826169
0.9018,-241.447313976476,-64.4299080948002,305.791999473697,3731.14161233628,142.857373883954
0.9019,-234.608648445817,-74.3763850815313,308.87964489093,3731.35653556921,142.855143675671
0.902,-227.606971059295,-84.1566312852249,311.599521518079,3731.5223722088,142.845751663999
0.9021,-220.195572886734,-93.8426318857476,314.174808005507,3731.72908442774,142.832890129485
0.9022,-212.718668723522,-103.602460698477,316.317460604684,3731.95248865679,142.837057391295
0.9023,-204.962416593436,-113.148520103888,318.0340431293,3732.12136531926,142.874390818145
0.9024,-197.081748219406,-122.512645388045,319.638895305977,3732.28029834735,142.838039319375
0.9025,-188.90662646718,-131.800777860252,320.769312563118,3732.47512065052,142.865585722145
0.9026,-180.594365923375,-140.920602700573,321.702435358613,3732.70187306189,142.839039573534
0.9027,-172.158727912505,-149.957369534631,322.191027667685,3732.90414130565,142.858269403244
0.9028,-163.557360493663,-159.009433708732,322.47954919252,3733.05249707378,142.870802031751
0.9029,-154.741915865013,-167.747226199328,322.370430261574,3733.25222396035,142.844079469538
0.903,-145.708930418601,-176.285156647217,322.014673788155,3733.48129241849,142.840729168096
0.9031,-136.560346506814,-184.745761493929,321.304738893653,3733.6831588008,142.862623356403
0.9032,-127.356341581881,-193.02255853649,320.265432888749,3733.83925557086,142.87681819496
0.9033,-118.052251821274,-200.914528117256,318.994756356172,3734.04785373304,142.814699985673
0.9034,-108.483550011623,-208.747734205222,317.345833048943,3734.25520795084,142.844224009203
0.9035,-98.8737167442153,-216.462501181819,315.236011527745,3734.4437050521,142.848308920304
0.9036,-89.192143953766,-223.824944295846,313.10732419993,3734.60761043477,142.842294813512
0.9037,-79.3973491404665,-230.977810682691,310.374907989388,3734.86921205293,142.803095670521
0.9038,-69.523413173776,-238.008330117861,307.556698731379,3735.00494042405,142.869286525569
0.9039,-59.6182284245017,-244.582671987374,304.386088003463,3735.22200964952,142.873281902935
0.904,-49.5855480999196,-251.203979809661,300.83658159567,3735.42901491365,142.859412826052
0.9041,-39.5832581039905,-257.327202677656,297.039775065444,3735.61728202207,142.881482340077
0.9042,-29.5537267476502,-263.448358575416,292.956108106615,3735.79903198438,142.818936625502
0.9043,-19.4199410152689,-269.268804009264,288.54617629497,3735.98232742709,142.818754111876
0.9044,-9.32796128298264,-274.64324528415,283.915188739761,3736.19811239059,142.838435695389
0.9045,0.740977370994696,-279.831858692575,278.958324612705,3736.38954413161,142.834904481155
0.9046,10.917078315252,-284.717071487629,273.738544298673,3736.55473192071,142.846501749457
0.9047,21.1086460930569,-289.276512653384,268.32150696553,3736.77331684997,142.855928205254
0.9048,31.1942907964612,-293.644639004517,262.525491658871,3736.99268842542,142.83314640726
0.9049,41.2746575532596,-297.763092842839,256.523508279324,3737.14694923529,142.821515781969
0.905,51.3316398393631,-301.474779656247,250.222126651334,3737.3433329666,142.779478277406
0.9051,61.2919552137261,-304.960610801345,243.667261945597,3737.53370487711,142.848187455302
0.9052,71.3159547944145,-308.188867694057,236.874071700226,3737.74321035414,142.844082592734
0.9053,80.9384459079568,-310.9571253143,229.942668647257,3737.93648049102,142.829192474543
0.9054,90.8244632281793,-313.599355474801,222.62688156226,3738.1510540359,142.851851257598
0.9055,100.473566263951,-315.871262113025,215.271555767088,3738.34546725175,142.824993270668
0.9056,110.087073728501,-317.709212070682,207.621388430251,3738.53531145885,142.813771437443
0.9057,119.565961842275,-319.312858077732,199.787086052523,3738.6971680236,142.839720044934
0.9058,128.934716402719,-320.750110918357,191.719147527382,3738.88587215718,142.794907371917
0.9059,138.187661749714,-321.627596319178,183.454423753223,3739.04077573625,142.815757155756
0.906,147.380605211406,-322.341426210498,174.975364255021,3739.25749513581,142.811984066877
0.9061,156.28243085037,-322.659860514959,166.437024290779,3739.45131271681,142.819704182374
0.9062,165.000428253824,-322.635018396671,157.693661605759,3739.61383121988,142.80926932479
0.9063,173.587586400906,-322.401960255992,148.734672086723,3739.78599762612,142.802508374114
0.9064,182.06833034169,-321.765508093057,139.625173740561,3739.96883580936,142.774186711558
0.9065,190.389641992438,-320.929506591153,130.532599777167,3740.12163747787,142.817554992292
0.9066,198.496682101124,-319.675869250146,121.06863659897,3740.32005584177,142.79140168927
0.9067,206.375443300174,-318.080537299477,111.752920739466,3740.52606532694,142.799960384809
0.9068,214.041541339139,-316.244043575811,102.163120751829,3740.69292347045,142.799110700061
0.9069,221.542661294703,-313.999761795015,92.4220496288983,3740.83130523065,142.802072612931
0.907,228.843146523937,-311.532401964801,82.7257744590197,3741.05313034511,142.767694525893
0.9071,235.876560428023,-308.773299954469,72.898724739881,3741.22907656421,142.799417506032
0.9072,242.55581396553,-305.593823763939,62.9515489223527,3741.383589475,142.788714679704
0.9073,249.250801130856,-302.223685001203,53.0492565693923,3741.53434055855,142.792758022705
0.9074,255.452661614668,-298.529662293703,43.0326602618718,3741.69508828001,142.795971833079
0.9075,261.553975376297,-294.54149667261,32.8950311801689,3741.86607019521,142.770600601369
0.9076,267.498571353411,-290.283104513018,22.828449994471,3742.01444669508,142.832377431189
0.9077,273.020488198623,-285.674298780689,12.669187445442,3742.16646156526,142.812333677992
0.9078,278.342373389367,-280.862371859837,2.54916977652895,3742.35319416835,142.763719564748
0.9079,283.293663393171,-275.658513772651,-7.63088407807762,3742.50993985617,142.787861470582
0.908,288.066917616104,-270.330473595688,-17.7145536154548,3742.62896853459,142.809310194095
0.9081,292.417303222717,-264.619962833946,-27.8051099290903,3742.81710878015,142.820288356217
0.9082,296.624971775975,-258.62260377378,-37.9240332752267,3742.95017362647,142.77075068842
0.9083,300.413492160639,-252.489182898721,-47.9199492550871,3743.1210775255,142.774165523102
0.9084,304.011912476618,-246.08225211764,-57.953916878142,3743.2222531774,142.787893764248
0.9085,307.231154107056,-239.394232228524,-67.9869030334418,3743.34760246957,142.775753755064
0.9086,310.128934298565,-232.452181426034,-77.8521388447095,3743.5463748065,142.801512725924
0.9087,312.903756589607,-225.365828321525,-87.5577881954491,3743.68540484738,142.758060800062
0.9088,315.28348152193,-217.929972530389,-97.2840629374677,3743.81389846133,142.789622926893
0.9089,317.366807620423,-210.420722438967,-106.962231933996,3743.94450340023,142.760346007381
0.909,318.948817103011,-202.604210056419,-116.512340051292,3744.06944768682,142.752651986092
0.9091,320.470250912345,-194.642378733388,-125.850169015446,3744.22784066938,142.760386450772
0.9092,321.52894651725,-186.30355124787,-135.028085221598,3744.33140785018,142.780836075328
0.9093,322.238707059296,-177.999433815686,-144.289338273597,3744.46363775353,142.754045801206
0.9094,322.814598862272,-169.504781549926,-153.214115841418,3744.58098091675,142.763508049977
0.9095,322.838597988926,-160.883528047779,-162.190458862546,3744.69035989895,142.759285331167
0.9096,322.7413786566,-152.014282394106,-170.810370431317,3744.82043512132,142.761720275553
0.9097,322.214139137693,-143.000189966358,-179.337652449231,3744.92071183206,142.75492984459
0.9098,321.368929444881,-133.674066110007,-187.63019418837,3745.08814242861,142.777872675119
0.9099,320.286114218768,-124.484601517867,-195.816549986932,3745.19497499469,142.739410991135
0.91,318.774078101188,-115.117996492263,-203.747846033922,3745.33535740788,142.763074856995
0.9101,317.031529714506,-105.52877678435,-211.543649324465,3745.38092500805,142.739837511049
0.9102,314.985581686329,-95.846342974793,-219.053413056382,3745.54314234101,142.746893948772
0.9103,312.558156819491,-86.0348493528081,-226.404459497207,3745.62422384358,142.746961528491
0.9104,309.977002192882,-76.2838769688356,-233.580570462902,3745.75731435176,142.738412812414
0.9105,306.921666312525,-66.4262448214061,-240.408478395595,3745.86381901082,142.741911147115
0.9106,303.598730761182,-56.5252477952211,-247.178147791392,3745.98611343967,142.763726146751
0.9107,300.016057164706,-46.56757170499,-253.55548618661,3746.04122080991,142.737302689535
0.9108,296.09611859593,-36.4751602870185,-259.707839008237,3746.1344126926,142.726894530837
0.9109,291.866167440268,-26.3215610584977,-265.552816858244,3746.2646557302,142.743094471769
0.911,287.506316076981,-16.2515789160045,-271.212919305352,3746.34675548662,142.770356336628
0.9111,282.63755246974,-6.14772535253873,-276.696601392542,3746.42767637575,142.763028155206
0.9112,277.622894181112,4.07057971675624,-281.652036713704,3746.54915030904,142.780752557859
0.9113,272.251210877007,14.1635917343153,-286.550250704602,3746.63031767826,142.756840308757
0.9114,266.715079585043,24.2706459836634,-290.949786116763,3746.67655537123,142.737130768646
0.9115,260.871519364717,34.4120124793244,-295.26407679478,3746.75709772732,142.753292940073
0.9116,254.817693120678,44.542163363674,-299.26297344288,3746.88982025309,142.764873589518
0.9117,248.452956249949,54.5235950068062,-303.040086891535,3746.92495540988,142.747840094655
0.9118,241.772438893753,64.5730037009032,-306.26417432118,3747.0225187018,142.744779474427
0.9119,234.918051734518,74.4116470276293,-309.372448788155,3747.09004047404,142.731676605086
0.912,227.780622875349,84.2667434313523,-312.102439442481,3747.16616802424,142.737639595009
0.9121,220.564837933531,94.019002942466,-314.53580655971,3747.22362652707,142.718799457233
0.9122,213.067770872436,103.614605186228,-316.583450696251,3747.2956024152,142.737955632193
0.9123,205.303167057788,113.208827612321,-318.537453700559,3747.39794368358,142.722453330249
0.9124,197.278393075019,122.693517105661,-320.03003892749,3747.47000953372,142.709149528416
0.9125,189.221614842289,131.934819020712,-321.28225812198,3747.53616504212,142.731998654491
0.9126,180.995888713196,141.177775890563,-322.061294330742,3747.62036853987,142.72530006397
0.9127,172.49863541947,150.212367469993,-322.667505351688,3747.65172040952,142.730261012642
0.9128,163.753834099644,159.10835818734,-322.88317945028,3747.67650616731,142.749682208126
0.9129,154.997081234338,167.836694907606,-322.912608529717,3747.76445272995,142.736366893558
0.913,146.038998920579,176.470079374098,-322.493632597362,3747.80984311482,142.728881046794
0.9131,136.991393366333,184.86402525625,-321.785727216522,3747.93840883002,142.725567259616
0.9132,127.640827574805,193.12071872776,-320.777835672157,3747.96956817847,142.702196946933
0.9133,118.376369838591,201.08389475941,-319.333653299613,3748.03613209968,142.712612029756
0.9134,108.786660177787,208.892747528411,-317.708802947142,3748.09626621168,142.696696488824
0.9135,99.1824813400711,216.482578229907,-315.742986083241,3748.10089272497,142.730428048974
0.9136,89.4901339065515,223.96756816775,-313.521161491176,3748.16856419857,142.748495355812
0.9137,79.7051680906811,231.134289005454,-310.739299305753,3748.24061369581,142.698753507089
0.9138,69.7594159736961,238.14974367801,-307.998273191724,3748.30104793746,142.758832513356
0.9139,59.9875794284926,244.920549384576,-304.700757180153,3748.3173060955,142.71134151357
0.914,49.8588642962233,251.364325481386,-301.264655626529,3748.36546757686,142.681810516845
0.9141,39.7747844198109,257.583071074465,-297.486753862371,3748.43591582094,142.699082121926
0.9142,29.7781337418933,263.662789187639,-293.293083550557,3748.45739330011,142.742223745218
0.9143,19.6985678687172,269.298459064257,-288.973729229873,3748.49899892518,142.708277113271
0.9144,9.45973391591846,274.755769091468,-284.321524699322,3748.56946491781,142.711737165282
0.9145,-0.591209594361724,279.945230562765,-279.315740682019,3748.60861006763,142.721680642773
0.9146,-10.7979514225088,284.892872424913,-274.118064287359,3748.63770032175,142.710012116519
0.9147,-20.9780829693918,289.61854821903,-268.576696373726,3748.72077779998,142.697201023078
0.9148,-31.0530255245362,293.856802981441,-262.887878093346,3748.68783876278,142.707891005346
0.9149,-41.080874306544,297.96128217649,-256.88270091686,3748.77511446393,142.727269310588
0.915,-51.1021966569662,301.659653518165,-250.54074944301,3748.83028897741,142.706453167499
0.9151,-61.1271642671651,305.244849838942,-244.020582362468,3748.90100194975,142.723231995768
0.9152,-71.1339305218308,308.317146986642,-237.20559187267,3748.86284753117,142.714260264386
0.9153,-80.9232462505094,311.179120576585,-230.252929813014,3748.92856206464,142.67841917554
0.9154,-90.7242174756209,313.81166614092,-223.027485362536,3748.96741114099,142.633553314042
0.9155,-100.409115119682,315.959346335231,-215.592768407383,3748.97827265765,142.706294831894
0.9156,-109.971390942151,317.934322845411,-207.958748482908,3749.03356828593,142.658669976915
0.9157,-119.518737703267,319.539258973774,-200.080370868451,3749.0803549599,142.716314574282
0.9158,-128.88910132181,320.861389530006,-192.023439327078,3749.13179779477,142.668953182487
0.9159,-138.042888352085,321.8648261816,-183.683190510371,3749.1695841743,142.730559665498
0.916,-147.195742792861,322.48583548689,-175.303376573425,3749.21917568172,142.680056490262
0.9161,-156.06193959513,322.87148691357,-166.694119734564,3749.22907391356,142.6953966807
0.9162,-164.94212014519,322.894758036778,-157.98817541991,3749.28524418494,142.70875979208
0.9163,-173.539559782264,322.527058785864,-149.054556436753,3749.31968329248,142.663822759355
0.9164,-181.984758495399,321.960082556159,-139.873749737474,3749.36325045134,142.692889103365
0.9165,-190.349758181045,321.194938723212,-130.723728117556,3749.39781732078,142.699801756726
0.9166,-198.469449263027,319.711925064731,-121.44135358982,3749.45163634602,142.706920953601
0.9167,-206.453418952176,318.290171268033,-111.870101307542,3749.46632938367,142.665129544252
0.9168,-214.064646431169,316.473714581588,-102.367917009384,3749.53385106243,142.69209067035
0.9169,-221.5392173915,314.264975183197,-92.6093524917274,3749.55756704691,142.686990401597
0.917,-228.691900236179,311.75722179109,-82.9061280775444,3749.6164537202,142.678441922258
0.9171,-235.823158098454,308.94504131046,-72.99670125526,3749.61087126073,142.686757189394
0.9172,-242.734005521651,305.826401380701,-63.1479742096364,3749.67353480345,142.682958580071
0.9173,-249.290556396134,302.335445727073,-53.3021752607626,3749.73188353973,142.69065661098
0.9174,-255.513076377511,298.729976283374,-43.1114009485973,3749.76291823528,142.678904903858
0.9175,-261.616585210435,294.730405271264,-33.0572441193596,3749.75824047035,142.679852548607
0.9176,-267.394993001654,290.413873209147,-22.9926667726702,3749.80573491999,142.707491522401
0.9177,-272.991365538052,285.826810675307,-12.8140120369468,3749.88870237276,142.636326883931
0.9178,-278.292451046703,280.984992682679,-2.61631839796838,3749.94076826667,142.676669487609
0.9179,-283.282108410773,275.929793730963,7.47339829395005,3750.00568186452,142.656906322918
0.918,-288.099366450114,270.445379766573,17.64369079862,3749.99300719366,142.679091761419
0.9181,-292.486941801861,264.728432774083,27.772649080679,3750.06346107315,142.686574341905
0.9182,-296.663095329302,258.819772882368,37.7647377850782,3750.08977505609,142.648615462726
0.9183,-300.574899293804,252.585698596835,47.9283311683768,3750.15113596352,142.654734004138
0.9184,-304.160975685281,246.169437282756,57.9793591269621,3750.17180634841,142.655423475213
0.9185,-307.370581591798,239.522830528472,67.9344095152992,3750.22723776649,142.626133316342
0.9186,-310.2555351861,232.621951475197,77.7659086685307,3750.25549899018,142.655743568187
0.9187,-313.039966999389,225.412011651967,87.4386519027953,3750.31043474358,142.623465840011
0.9188,-315.313338939514,218.115816063965,97.2860479150392,3750.37649338751,142.693568199625
0.9189,-317.408073682438,210.479592118105,106.927055921807,3750.44635689254,142.653928772682
0.919,-319.073852227909,202.659953154239,116.40354879056,3750.47772142473,142.649865716049
0.9191,-320.52658025047,194.609411395538,125.902491745208,3750.50892661596,142.667609978235
0.9192,-321.506901248008,186.425182440141,135.239847566028,3750.55891043634,142.671658740448
0.9193,-322.380898084191,178.060974510059,144.297158147777,3750.61368436339,142.67526190606
0.9194,-322.770934735931,169.48842255228,153.403910240285,3750.66547917564,142.65890274034
0.9195,-323.013331512375,160.870060589672,162.159548901769,3750.72067211277,142.628688975595
0.9196,-322.834683275491,151.887828966427,170.865263328794,3750.77492723995,142.623026009099
0.9197,-322.282659205342,142.88846697541,179.379797880048,3750.8112013619,142.654866384544
0.9198,-321.482842799272,133.621276085095,187.785688282789,3750.83992820275,142.638271099524
0.9199,-320.302454049177,124.298457972141,195.910980198533,3750.95408748093,142.645360001983
0.92,-318.905713291183,114.988852192925,203.942681062289,3750.95818466246,142.6638583032
0.9201,-317.087063880007,105.506404289143,211.650495597397,3751.01577023049,142.652801491258
0.9202,-315.160985602827,95.8282631068967,219.215426491263,3751.109752743,142.634476271808
0.9203,-312.62711093913,85.9925206355592,226.5551289196,3751.18667762376,142.622371982076
0.9204,-309.919769846882,76.3250073499636,233.69973925137,3751.21280962217,142.625133480272
0.9205,-306.900549340431,66.3784275985047,240.546769300221,3751.2470702789,142.621439725856
0.9206,-303.662473680901,56.3614212011895,247.244498278537,3751.28705144089,142.618249216242
0.9207,-300.027250018306,46.3940392475808,253.526480396118,3751.40883272786,142.620621381959
0.9208,-296.184360695403,36.3644271442396,259.807564752164,3751.44789480599,142.631630314886
0.9209,-291.901054549894,26.2204876258353,265.753851878921,3751.49194397035,142.623800451306
0.921,-287.346294292067,16.0892837171695,271.396989173764,3751.54583668869,142.649558457764
0.9211,-282.632402495777,5.96631734671133,276.684665869556,3751.62184234226,142.617397948744
0.9212,-277.586499188522,-4.25749934380282,281.840267011459,3751.69087119531,142.642551842074
0.9213,-272.223817218652,-14.3768246418306,286.711050673254,3751.75776410271,142.61420877715
0.9214,-266.680597554809,-24.5494022832527,291.230156864488,3751.80640471654,142.608093718864
0.9215,-260.830883107155,-34.6847084822429,295.52669098392,3751.87777157268,142.610414984124
0.9216,-254.695131883663,-44.7540772640414,299.434350565814,3751.96337054841,142.593749911002
0.9217,-248.387830951369,-54.7466006282471,303.098102657586,3751.99169999795,142.582648725923
0.9218,-241.792405326559,-64.7569839919222,306.449858655368,3752.08260700915,142.607304379924
0.9219,-234.879678598541,-74.6619220257427,309.51037483192,3752.12665529745,142.586937788139
0.922,-227.853929291089,-84.5055159047482,312.407577219975,3752.18797274643,142.597195859166
0.9221,-220.52480060264,-94.2433513750639,314.759411573064,3752.24976883166,142.602417418023
0.9222,-213.046404411924,-103.907059336862,316.910806198138,3752.31389385632,142.62511967021
0.9223,-205.314834597265,-113.507930752107,318.796464717617,3752.41063347585,142.61419108731
0.9224,-197.311868786637,-122.903119520196,320.261790186823,3752.41463751805,142.624245809343
0.9225,-189.214530638298,-132.241331503175,321.395252789846,3752.48385460282,142.565135542186
0.9226,-180.874594855613,-141.431174787375,322.325275104987,3752.55778675469,142.569226768012
0.9227,-172.438418927886,-150.521031135252,322.912783815611,3752.65446395334,142.625922915166
0.9228,-163.750476744413,-159.349911461062,323.074599961458,3752.69144785293,142.564775086132
0.9229,-154.868982005737,-168.169980779407,323.02513978975,3752.76308040607,142.62353828178
0.923,-145.848484114119,-176.809330024547,322.649109556991,3752.81776183073,142.580904999725
0.9231,-136.754423299657,-185.256803380863,322.076189823691,3752.88761407623,142.604418858076
0.9232,-127.52156841863,-193.488036227491,320.937729216842,3752.96617987475,142.612783513241
0.9233,-118.097836175674,-201.460380106309,319.617473712913,3752.99528097112,142.60781407514
0.9234,-108.611672538504,-209.251103206378,317.930144614257,3753.07776033658,142.588925055714
0.9235,-99.0558695176295,-216.994034881272,315.935543875049,3753.1681479841,142.595365880521
0.9236,-89.3002562844607,-224.349681322049,313.666153712029,3753.19292031763,142.585737019367
0.9237,-79.5440578309707,-231.609364503657,311.009849735705,3753.26507376438,142.583070710528
0.9238,-69.6826205941602,-238.527164440222,308.153408891333,3753.29321294883,142.592862751721
0.9239,-59.6276784187815,-245.262623610973,305.003366254061,3753.40111217453,142.574064938367
0.924,-49.7166931051629,-251.69774243911,301.48936264156,3753.43276497838,142.574411703723
0.9241,-39.5937645318706,-258.008214040677,297.711152610629,3753.50236010963,142.593825741012
0.9242,-29.4365179099321,-264.046263065085,293.526020888298,3753.56449454468,142.532443767581
0.9243,-19.3721695916556,-269.750713998019,289.102583289452,3753.62434951614,142.62149435887
0.9244,-9.16440338446156,-275.340519495634,284.461683040493,3753.69245289953,142.578053408077
0.9245,0.890032765939321,-280.410291521977,279.406932409004,3753.72430870128,142.584712242835
0.9246,10.9650259339708,-285.420403974209,274.363953449618,3753.76686594992,142.580811852472
0.9247,21.1432638733975,-290.007674266487,268.843733090379,3753.82635292239,142.562445307831
0.9248,31.3618938751156,-294.330912046316,262.949796035531,3753.85086720148,142.577669946744
0.9249,41.4272620263146,-298.452315140037,256.924943755374,3753.89276281806,142.575799082123
0.925,51.4723403222375,-302.254986099891,250.619575118875,3753.98376247269,142.560569350614
0.9251,61.5693045368154,-305.69512770647,244.118517103401,3754.03245559532,142.571257615928
0.9252,71.3794543211902,-308.850156709764,237.4526626559,3754.07878591676,142.574085504864
0.9253,81.2721121197454,-311.565464016288,230.415385915803,3754.14372248026,142.588108664672
0.9254,91.0874068811362,-314.351569713412,223.123270271183,3754.1692130406,142.613067523939
0.9255,100.787639337374,-316.49874118351,215.657008908456,3754.20698874769,142.56011191078
0.9256,110.450775730543,-318.37428573656,207.989357688291,3754.29169436908,142.569142621206
0.9257,119.860616244444,-319.964046717241,200.115119776233,3754.28260147704,142.53795106099
0.9258,129.227854618269,-321.460031803292,192.082302062972,3754.35632205407,142.556308392198
0.9259,138.510955847693,-322.401712268062,183.797396476336,3754.3761992436,142.562411227682
0.926,147.615850296668,-323.072875185561,175.393314017362,3754.43814620988,142.564309411696
0.9261,156.605084566836,-323.416959728277,166.654449146068,3754.4546519008,142.572086350622
0.9262,165.391923342726,-323.42428997472,157.936998763912,3754.51728545916,142.555701492634
0.9263,174.025550438146,-323.097469412663,149.010468804241,3754.55583948384,142.538490829959
0.9264,182.496211155104,-322.461289995033,139.883992833717,3754.55427818563,142.576696179371
0.9265,190.831178062774,-321.624524644478,130.667746474882,3754.63002188107,142.570979564894
0.9266,198.983036840091,-320.345071276773,121.319532772723,3754.61673479568,142.533242059518
0.9267,206.812810048862,-318.740841226615,111.88137230033,3754.65168287837,142.553459202546
0.9268,214.584142043375,-316.933362103173,102.305960949336,3754.6654126183,142.55560019122
0.9269,222.077794404853,-314.778558673455,92.6619054891248,3754.73333532747,142.565354259795
0.927,229.306547539031,-312.216838217041,82.8427285316033,3754.70694465532,142.548560843305
0.9271,236.419272161988,-309.405206618521,72.979545786353,3754.74792484577,142.516647921557
0.9272,243.242215365085,-306.341650002341,63.1463755338412,3754.7377557457,142.540655424985
0.9273,249.807249170242,-302.91214287298,53.0739757019986,3754.76265257831,142.540466985979
0.9274,256.12553628111,-299.257561107891,42.9745549776902,3754.78835350842,142.534837583897
0.9275,262.239799391683,-295.145716799459,33.0070535127592,3754.74855299398,142.531069058907
0.9276,268.117902398489,-290.910499080953,22.7301625527942,3754.79042358702,142.524993776313
0.9277,273.665911811599,-286.262059636704,12.6608055137429,3754.80586284968,142.519707802229
0.9278,278.934918930503,-281.367486691077,2.52901489459079,3754.81452964137,142.549904070591
0.9279,283.988932232638,-276.275407306093,-7.58043948523777,3754.82485855001,142.495311272051
0.928,288.624073018709,-270.882970169817,-17.8110642545777,3754.81509819455,142.562875582562
0.9281,293.145826229783,-265.260048707315,-27.9166589465404,3754.81857359137,142.550237410306
0.9282,297.297842819251,-259.246495302029,-38.0179166593206,3754.81520038481,142.541021285777
0.9283,301.121027078509,-253.10371007223,-48.1222853689759,3754.81477711393,142.532356036697
0.9284,304.723251050132,-246.679354680085,-58.1142353626787,3754.78530131024,142.531191243651
0.9285,308.00921328351,-239.965398576141,-68.0415508735078,3754.78824298334,142.512778803261
0.9286,310.977078500566,-232.980554294769,-78.0240569656684,3754.79176614244,142.509695287509
0.9287,313.646694065969,-225.794107172716,-87.8470498704853,3754.75993014914,142.536616942379
0.9288,316.065264236612,-218.426536136815,-97.5081043127967,3754.76294010651,142.544737258449
0.9289,318.110082092169,-210.856906410745,-107.235325484253,3754.78448319667,142.496713229131
0.929,319.726135647482,-203.11203274874,-116.622757235569,3754.71233280892,142.493547886729
0.9291,321.14332572895,-194.967175846982,-126.122395634298,3754.69918473311,142.490335623447
0.9292,322.267231191256,-186.892878344301,-135.460651807571,3754.68599299046,142.483293862339
0.9293,323.077888256364,-178.419869366058,-144.57878674636,3754.65013503008,142.505137086564
0.9294,323.499725654969,-169.88096534191,-153.635696248338,3754.58839202814,142.49257003274
0.9295,323.615861574052,-161.177235012151,-162.512118298988,3754.59547930251,142.505098612874
0.9296,323.503248181767,-152.219666550425,-171.297061067369,3754.53918899581,142.5161505473
0.9297,322.903635769401,-143.321961176923,-179.706375483882,3754.50093219698,142.499340008971
0.9298,322.102520458141,-134.17336373068,-188.115784997696,3754.47401074213,142.479200318558
0.9299,321.011651710435,-124.799752874786,-196.379059582506,3754.4351165823,142.530827024819
0.93,319.586887595245,-115.375284661434,-204.378283311976,3754.38638298811,142.499114049747
0.9301,317.84564243664,-105.843363738185,-212.043189365442,3754.35225415092,142.515454934439
0.9302,315.709967102418,-96.0851555703495,-219.731504309039,3754.30159225359,142.508001930451
0.9303,313.351056669324,-86.3666273878627,-227.07487738063,3754.2408699458,142.540521158804
0.9304,310.615294684295,-76.5608900827892,-234.073752129559,3754.19445482284,142.519320190442
0.9305,307.726583332246,-66.5671162386634,-241.06604508256,3754.14989803282,142.493350758194
0.9306,304.323952873199,-56.5937347435648,-247.74304997524,3754.04504507278,142.516827774953
0.9307,300.8051706501,-46.5430306792898,-254.002549985639,3754.01895385783,142.479715897042
0.9308,296.735864228536,-36.5379827134622,-260.24737788766,3753.98974510589,142.527890654414
0.9309,292.609167452775,-26.4094865855801,-266.285608880191,3753.87803655808,142.481733314262
0.931,288.18663923107,-16.1653137170599,-271.906864389415,3753.81588560474,142.500967238233
0.9311,283.339955094684,-6.01353508191521,-277.317314102616,3753.81311137234,142.495960538718
0.9312,278.329297279278,4.0795888411145,-282.441881708396,3753.72122804914,142.514232902341
0.9313,272.960430112398,14.2597372519365,-287.115084074022,3753.61551662988,142.485641580463
0.9314,267.378397595309,24.3901237395434,-291.718306378226,3753.54305736674,142.461483865071
0.9315,261.549645681081,34.5399912695454,-296.030528719109,3753.47875159688,142.495087217017
0.9316,255.412262017053,44.7027410027868,-300.06806393653,3753.39985284428,142.463718170868
0.9317,249.004461326969,54.6012964251691,-303.696032508182,3753.3235493172,142.489766079314
0.9318,242.367343136525,64.7027039241839,-307.068150329138,3753.24401740016,142.477241107295
0.9319,235.585120239525,74.600497102941,-310.180373042534,3753.13918494047,142.440963232566
0.932,228.39644602793,84.4018565826087,-312.849808081635,3753.08214886644,142.482251908114
0.9321,221.177739230673,94.2127661572951,-315.344289686617,3752.99254233428,142.430709228947
0.9322,213.652689153529,103.826974328364,-317.453560040903,3752.88091016593,142.479758115662
0.9323,205.842933816482,113.385752516835,-319.357281160991,3752.82961972518,142.455561364942
0.9324,197.921686639373,122.908138276605,-320.776370927603,3752.68771992223,142.473031127406
0.9325,189.808832429897,132.26474609359,-321.99564676048,3752.62712173066,142.483744059263
0.9326,181.446259540748,141.455565435901,-322.910347139683,3752.49009391245,142.520125623864
0.9327,173.073064913392,150.488750769928,-323.386844735162,3752.38504993715,142.462874871314
0.9328,164.269902478487,159.476997059385,-323.739516890039,3752.35513488651,142.486461330755
0.9329,155.4910234971,168.21623585629,-323.644951575234,3752.22088046969,142.474990088101
0.933,146.436976869594,176.898385149978,-323.29394647818,3752.07929743497,142.442968109458
0.9331,137.277993715657,185.320768366996,-322.619312501906,3751.98419256119,142.442063459831
0.9332,128.01512879697,193.434017842032,-321.542076599293,3751.88061845075,142.442927473563
0.9333,118.625940870899,201.535254244857,-320.26428096556,3751.79934913882,142.460458797326
0.9334,109.110127968305,209.427436787475,-318.541446167421,3751.64705826492,142.462304258312
0.9335,99.5071650838564,217.099000195247,-316.640153761899,3751.56220009412,142.4835283069
0.9336,89.7102247504414,224.557103581571,-314.296909918363,3751.39152712606,142.458142202078
0.9337,79.9444472014932,231.697244675552,-311.69789568667,3751.30468528938,142.42692446905
0.9338,69.9503306868503,238.717452368215,-308.786043211117,3751.21284641293,142.453747750862
0.9339,60.0663120383665,245.556249972811,-305.499242450436,3751.04869674922,142.435841518927
0.934,50.0857138149028,252.025236877348,-302.067886396139,3751.01572429327,142.490755424098
0.9341,40.0582163318857,258.342702844429,-298.232985274897,3750.86313235539,142.480384533567
0.9342,29.8128717617854,264.152688844367,-294.189484573502,3750.69474899064,142.434430901372
0.9343,19.7778554115787,270.028672696328,-289.793679993453,3750.6339654464,142.443634567442
0.9344,9.54917992898205,275.466985799567,-285.080048594388,3750.47574816682,142.41260347055
0.9345,-0.606123805644376,280.692225693038,-280.175127584665,3750.38315703511,142.449907181836
0.9346,-10.8877245846237,285.655392295343,-274.909216177081,3750.21296400129,142.429052601017
0.9347,-20.8864602812076,290.285538041465,-269.43686356901,3750.08704922079,142.434047578482
0.9348,-31.090446672829,294.647594876713,-263.6477071747,3749.97901566419,142.413322852721
0.9349,-41.1716241361114,298.695339111766,-257.577707797875,3749.82094996102,142.432815660933
0.935,-51.2343905933253,302.490467856466,-251.286300289643,3749.73342659563,142.427120809941
0.9351,-61.1921754139668,305.994412842148,-244.748620466468,3749.61647390425,142.460369440129
0.9352,-71.1815324351433,309.133608266257,-237.96100942493,3749.4697374203,142.423321467448
0.9353,-81.0483223964852,311.936194573583,-230.904882790935,3749.35953539708,142.430863617798
0.9354,-90.9031606564582,314.571318155556,-223.729713518337,3749.14390182716,142.425139397219
0.9355,-100.594634207659,316.905566242828,-216.174982248358,3749.09254056443,142.45946508193
0.9356,-110.173658789677,318.847577411452,-208.502216784766,3748.95615896803,142.391593748476
0.9357,-119.759626906307,320.342486704394,-200.694767786349,3748.80071537664,142.398975226979
0.9358,-129.113107104416,321.783922539045,-192.667158766541,3748.66197773583,142.418678207241
0.9359,-138.446523051271,322.728036635128,-184.450340380284,3748.52396656339,142.429133802299
0.936,-147.630863882016,323.424523662024,-175.870811211432,3748.35266113957,142.427239572145
0.9361,-156.496412118512,323.770144501057,-167.214285222593,3748.25480744175,142.446114051027
0.9362,-165.363130849986,323.81204801954,-158.518129895587,3748.10304420677,142.418147675724
0.9363,-173.886129522704,323.590264843056,-149.552582569225,3747.96035095159,142.419841427336
0.9364,-182.456797293795,322.91019485409,-140.389671843743,3747.83078663071,142.419380926774
0.9365,-190.803292619932,321.998202194759,-131.190463081355,3747.67480317,142.419677047863
0.9366,-198.978151038294,320.824795446388,-121.869306740557,3747.53648823828,142.422058606697
0.9367,-206.849104302654,319.297984591039,-112.398012239002,3747.38870556777,142.414362888538
0.9368,-214.5802320721,317.307022463053,-102.751265779213,3747.2752964444,142.41375742941
0.9369,-222.069500298857,315.189070337431,-93.1157507796138,3747.11206474011,142.387192064032
0.937,-229.416210554834,312.61439923708,-83.2470940750651,3746.96965902505,142.412947307013
0.9371,-236.45271610978,309.846838291518,-73.386074369395,3746.8177978804,142.427660121991
0.9372,-243.301087049228,306.797699569279,-63.5123253070117,3746.71610250081,142.386501054681
0.9373,-249.909723485619,303.358386635241,-53.460714703031,3746.58225101339,142.439097077629
0.9374,-256.178573657733,299.642393360124,-43.3770599982706,3746.38526955055,142.43594696655
0.9375,-262.248696945753,295.517465813292,-33.3002048305596,3746.27428088973,142.372980543106
0.9376,-268.172418859809,291.320754379346,-23.2063770754439,3746.14136968187,142.418842586146
0.9377,-273.763422805784,286.71794346584,-12.988209079177,3745.97472223024,142.364106028574
0.9378,-279.093895701838,281.761368713846,-2.71218126707658,3745.85309563548,142.425376112385
0.9379,-284.021461386178,276.847636251668,7.34160710426535,3745.69899596303,142.364389008702
0.938,-288.805775721497,271.281252807518,17.6072289875424,3745.53832374824,142.393835745716
0.9381,-293.222383204891,265.791563289421,27.6338141151095,3745.4178236513,142.400339981316
0.9382,-297.448458722529,259.71601511224,37.7947622295691,3745.28661091691,142.370878818875
0.9383,-301.33397767532,253.416542504583,47.8293419899804,3745.13273202664,142.404211906268
0.9384,-304.855563049026,247.061547011531,58.0118923476056,3744.95050289721,142.36742775892
0.9385,-308.279130128485,240.296652613946,67.9847625432077,3744.84196988259,142.386783437619
0.9386,-311.184834437262,233.355584899336,77.8147446427483,3744.69375189009,142.381621974259
0.9387,-313.791307026806,226.202914657693,87.6116133463636,3744.5837346145,142.394024301326
0.9388,-316.223073827194,218.862188405203,97.3659495220971,3744.42387758185,142.362334739892
0.9389,-318.235643165788,211.264859114912,107.029299825184,3744.27037946657,142.394685270884
0.939,-320.053399882548,203.372490614264,116.559685623173,3744.13704268331,142.413480320112
0.9391,-321.395233367059,195.364532344265,126.048745255738,3743.9934795582,142.380948268292
0.9392,-322.518890499732,187.140057344707,135.376796967618,3743.83615412425,142.371030092438
0.9393,-323.319709052943,178.842823573613,144.556275028463,3743.71496680127,142.373062388075
0.9394,-323.838952532155,170.163846238553,153.560044662917,3743.56016962886,142.375090259031
0.9395,-323.911472336213,161.468177835995,162.385977094978,3743.41242187209,142.416953343641
0.9396,-323.700871054758,152.615358608745,171.172261562399,3743.2769831431,142.319289990186
0.9397,-323.272041336649,143.478311936061,179.729624276864,3743.12483498932,142.367183418193
0.9398,-322.357450488804,134.296212238865,188.150320325837,3742.98013870544,142.374819841818
0.9399,-321.236761752547,124.903560027777,196.35579477087,3742.86217599439,142.355691803493
0.94,-319.897377821857,115.581072573834,204.341637734349,3742.73187151409,142.335941634917
0.9401,-318.147212975007,106.000427719974,212.067640869593,3742.59995802534,142.381822363912
0.9402,-316.052412856046,96.3269373873159,219.712249864721,3742.42356446401,142.340007639726
0.9403,-313.640724445174,86.6430693273082,227.184170202683,3742.27887095519,142.393643834633
0.9404,-311.008922805987,76.6681791194841,234.233636100238,3742.16761112799,142.365670721073
0.9405,-307.859343924583,66.7441050950208,241.178888837821,3742.0138539876,142.354476927114
0.9406,-304.681482550517,56.7803688737874,247.853698354695,3741.84635660746,142.327615651381
0.9407,-300.958124480582,46.8293806846514,254.256320344477,3741.72237586066,142.373474963525
0.9408,-297.08197247594,36.6178897755984,260.406610835304,3741.56458009494,142.325482027977
0.9409,-292.911486126346,26.5157835245393,266.387931932773,3741.4246888694,142.341398332543
0.941,-288.466877659171,16.414519783504,272.151501645488,3741.28478238286,142.3409539715
0.9411,-283.623596326901,6.13510498559624,277.435492952976,3741.16895140055,142.341075563628
0.9412,-278.595317658747,-3.98454602354662,282.618613189125,3741.00564375225,142.344096873597
0.9413,-273.325423572227,-14.2536229147941,287.497951090322,3740.85393529073,142.351859648801
0.9414,-267.693030637203,-24.2878795997373,291.949466051604,3740.73903421415,142.325262189233
0.9415,-261.852679916595,-34.4966930851691,296.313472912996,3740.56742127516,142.334381522218
0.9416,-255.684651010718,-44.532074269431,300.194777652478,3740.46766962821,142.366808425683
0.9417,-249.326053618559,-54.6319217994494,303.951690274199,3740.33237407673,142.339838902974
0.9418,-242.659720747638,-64.5802758206074,307.382160127736,3740.13021301044,142.273795117152
0.9419,-235.861189959125,-74.5902654519028,310.406135300681,3740.01583541943,142.329319588107
0.942,-228.786919852428,-84.4635720003318,313.189063675266,3739.90029918897,142.384381320483
0.9421,-221.394291043763,-94.2711127780739,315.604044109375,3739.73711195284,142.303443148744
0.9422,-213.890183724306,-103.933322530721,317.866782904404,3739.61366089669,142.327326289519
0.9423,-206.117354670262,-113.569530356653,319.731268609807,3739.42801331985,142.327024710889
0.9424,-198.11464774114,-122.937619106844,321.16620891932,3739.29765408324,142.321782044805
0.9425,-190.078451054461,-132.385441176296,322.39515060642,3739.12344848228,142.324462956686
0.9426,-181.670017116095,-141.554429221596,323.255283384178,3738.98684615646,142.34207179258
0.9427,-173.221612115768,-150.7254739313,323.882598712967,3738.84921288036,142.300685314329
0.9428,-164.436969909591,-159.593809454525,324.082767053713,3738.73059603753,142.348514511767
0.9429,-155.667771831409,-168.441707557692,324.0113260012,3738.58304727113,142.304732654005
0.943,-146.680935589827,-177.062855468926,323.707807254803,3738.38596683539,142.315416720814
0.9431,-137.537604323698,-185.422917366803,323.053175807918,3738.27184921395,142.321697097864
0.9432,-128.133939993419,-193.793287803439,321.992760241385,3738.13451161379,142.284900616639
0.9433,-118.743059667308,-201.814760687763,320.567933468386,3737.99148704757,142.294178532576
0.9434,-109.169251467759,-209.69945559107,318.912257301941,3737.8461132579,142.332031770939
0.9435,-99.7358047344866,-217.467959273162,316.953446124969,3737.68558402657,142.345951082077
0.9436,-89.8712242493409,-224.817881243551,314.714969531918,3737.55016401375,142.294383890003
0.9437,-80.0738925261502,-232.05615121224,312.179457331765,3737.35569916152,142.30111009469
0.9438,-70.1541871334873,-239.063677560419,309.210466981423,3737.24069715495,142.295913118482
0.9439,-60.2368844988148,-245.749555788848,306.070503703271,3737.03567015373,142.322672712031
0.944,-50.0956533295572,-252.337896146104,302.456087696722,3736.93923321162,142.30914113817
0.9441,-40.0097824975454,-258.679534335922,298.803501027045,3736.78712011141,142.324885445992
0.9442,-29.9534676845681,-264.767668920373,294.554912296606,3736.62045377457,142.253590245123
0.9443,-19.798466736343,-270.418964735465,290.236916091546,3736.44041465542,142.299749386734
0.9444,-9.60908629477126,-275.898741804623,285.545388715324,3736.30709477563,142.321516282862
0.9445,0.53172404635293,-281.068547979786,280.569331313274,3736.13453066061,142.300128061885
0.9446,10.8051855767409,-285.994163352559,275.199261173431,3735.97648423085,142.313917673855
0.9447,20.9260952173415,-290.758651569469,269.776666170042,3735.82041422086,142.304821966927
0.9448,31.1930566459585,-295.024321151864,264.053667043527,3735.65535969384,142.295188890786
0.9449,41.1818792828405,-299.191779119466,258.027394162003,3735.5223234236,142.291161174803
0.945,51.2920200922643,-302.988056126988,251.764584058758,3735.34641256309,142.343205138012
0.9451,61.252925168753,-306.472699095698,245.264264811672,3735.15440498033,142.269971246277
0.9452,71.2499191498115,-309.639632801085,238.31701026035,3735.0103799005,142.318355162637
0.9453,81.2192290059362,-312.565139682727,231.335340388229,3734.85037497335,142.282806139637
0.9454,91.0339805777135,-315.195339042672,224.038150431446,3734.7079211331,142.291966979496
0.9455,100.811431667106,-317.460034358762,216.644517273404,3734.49336865934,142.262448507835
0.9456,110.436516578396,-319.451091134755,209.001764042414,3734.32706557536,142.253815351369
0.9457,119.81969862121,-320.933537323003,201.072521290177,3734.18993721714,142.297491626232
0.9458,129.292599784685,-322.328318504981,192.945214212923,3734.01121028013,142.280860960896
0.9459,138.65961102377,-323.358070951786,184.659152197175,3733.80534137176,142.275914502531
0.946,147.796821338644,-323.955127146638,176.267596231347,3733.61918199706,142.276531123962
0.9461,156.774022230562,-324.307650786926,167.725606438584,3733.43498618767,142.259466413601
0.9462,165.555131541517,-324.438626071455,158.841120206249,3733.29648774794,142.296497574612
0.9463,174.274087668398,-324.239566627591,149.890195843544,3733.08185162158,142.328075658671
0.9464,182.828809005151,-323.566818047388,140.779084450082,3732.94081528758,142.271666430306
0.9465,191.096086860526,-322.668768950758,131.490671914985,3732.73385474239,142.254289266817
0.9466,199.273270107101,-321.302240802421,122.116113907201,3732.53259641215,142.282186192752
0.9467,207.143547255945,-319.831943280593,112.694077488655,3732.35080612369,142.293997912403
0.9468,214.99096466631,-317.954842431,102.993049480792,3732.14473028492,142.270117029044
0.9469,222.509423692589,-315.745753691129,93.3231928349565,3731.96632673979,142.282427052607
0.947,229.709796487039,-313.301132966802,83.5023981544196,3731.77222991778,142.264919093482
0.9471,236.766843740162,-310.453111802031,73.6155456239528,3731.57021791197,142.28170458536
0.9472,243.774992667159,-307.330174417302,63.5942575695054,3731.32896264887,142.247737707335
0.9473,250.515206908679,-304.055260007241,53.68262012035,3731.16278211465,142.241840422386
0.9474,256.705450899733,-300.327756756339,43.5743984860529,3730.94085119761,142.24230707353
0.9475,262.798114151098,-296.318355096322,33.523874286784,3730.78516176529,142.267137495457
0.9476,268.655069714226,-291.997664962125,23.2967272911421,3730.56327628778,142.208442201063
0.9477,274.25502622288,-287.379247982686,13.1574668497786,3730.34610087242,142.252659550311
0.9478,279.552482879605,-282.574929697298,3.0326987255688,3730.14963137856,142.234864327578
0.9479,284.601821016746,-277.422004325753,-7.20003370854542,3729.96108408221,142.220525049824
0.948,289.389674949811,-271.897440615532,-17.357004337117,3729.72238824363,142.276886775752
0.9481,293.907922699236,-266.441901536242,-27.5478606511088,3729.50965117027,142.275888352552
0.9482,298.025737808024,-260.455085890763,-37.672399912181,3729.24754880045,142.247830274595
0.9483,301.941862351704,-254.166647785294,-47.9080909565836,3729.09204619855,142.244010976676
0.9484,305.556889983059,-247.609482186765,-57.8171562163412,3728.87544211318,142.236281406848
0.9485,308.827624905181,-240.958765984349,-67.8673974233776,3728.62272811385,142.218303381749
0.9486,311.785805688679,-234.100131376159,-77.7875181914569,3728.41437128354,142.239387700479
0.9487,314.522694148679,-226.937407320966,-87.7397249003782,3728.15946700012,142.232081358662
0.9488,316.951110671164,-219.49406352075,-97.3691342471783,3727.96704567467,142.226879561518
0.9489,318.889404234415,-211.858342718353,-107.110951351486,3727.66773598398,142.188432938422
0.949,320.676049428534,-204.028517290334,-116.688785855008,3727.44990645715,142.226309109634
0.9491,322.170630517036,-195.97462560713,-126.146802213974,3727.24872726376,142.246899948234
0.9492,323.260829111574,-187.78753432214,-135.408855069962,3726.96169263555,142.211936049389
0.9493,324.026949485436,-179.413962532471,-144.597435213142,3726.76749485244,142.222798448991
0.9494,324.677194648372,-170.864932635188,-153.742351136195,3726.48853583848,142.217951042097
0.9495,324.671003649794,-162.104211939513,-162.617908509841,3726.28807532045,142.223482591394
0.9496,324.549742386774,-153.250072129116,-171.362918535451,3726.02980972592,142.195433337808
0.9497,324.062681458141,-144.065909551719,-179.904197153775,3725.76761345208,142.241409317794
0.9498,323.241432212917,-134.932030216535,-188.293875405008,3725.53268361729,142.214928281766
0.9499,322.119550146403,-125.529693844454,-196.547874811645,3725.23031396509,142.244368194147
0.95,320.606879089657,-116.051044841441,-204.505532604187,3725.01810012795,142.216381526783
0.9501,318.884755566666,-106.627997660746,-212.354620137519,3724.74816043191,142.220154795858
0.9502,316.908268368778,-96.8030485172455,-220.076074769759,3724.5124399642,142.211604130187
0.9503,314.556676552133,-87.0447620952543,-227.313484620087,3724.25616816486,142.224731688828
0.9504,311.805010237119,-77.2226002057739,-234.483463610774,3723.96829006653,142.203161511903
0.9505,308.801475929846,-67.2024715537839,-241.487436716603,3723.66615358696,142.198550169453
0.9506,305.406080685276,-57.1999486367023,-248.215967658649,3723.42996147538,142.176081762837
0.9507,301.811342616461,-47.204365437038,-254.665476320695,3723.15712771466,142.225505394221
0.9508,297.910505149117,-37.0725360181857,-260.886507149746,3722.87781992102,142.173537660331
0.9509,293.791750708507,-26.929280831005,-266.82607966545,3722.5712064018,142.213702008379
0.951,289.321141168101,-16.7644500352975,-272.60712629008,3722.31312885565,142.175024818738
0.9511,284.367123440952,-6.716520031046,-277.858942937499,3722.01650619344,142.196704730963
0.9512,279.453887241088,3.69096525845409,-282.999801913266,3721.74416618934,142.189945524404
0.9513,274.100966541931,13.7591621796387,-287.915366902813,3721.48309168715,142.202637828206
0.9514,268.487518179882,24.0083121199915,-292.515242579696,3721.19609593674,142.166244555402
0.9515,262.669849723496,34.1136877213714,-296.776199656059,3720.92414279709,142.222337532291
0.9516,256.574218334207,44.2116204877075,-300.759895982883,3720.58745282339,142.179200873175
0.9517,250.228426660323,54.3405615642719,-304.45262480587,3720.30184775971,142.18529840927
0.9518,243.482121474512,64.3695363380246,-307.916681226794,3719.99825173379,142.158303432559
0.9519,236.690701877414,74.3883926470083,-310.979600040798,3719.74974633196,142.199732302478
0.952,229.560448454506,84.179709550072,-313.785427228817,3719.42087070253,142.205502931296
0.9521,222.323724617835,93.9568812151382,-316.195975706661,3719.15808546137,142.214561402779
0.9522,214.723528203395,103.724344392428,-318.435623458467,3718.80936910109,142.156646659026
0.9523,206.98161464143,113.351606810444,-320.265202552927,3718.4871603517,142.175255372808
0.9524,198.951722436052,122.726995434551,-321.813429084015,3718.20241394844,142.206766848818
0.9525,190.861247850374,132.287565903587,-323.014371371375,3717.91104812933,142.157210852079
0.9526,182.452773475165,141.525144835577,-323.922438990437,3717.6112411996,142.173500302783
0.9527,173.878378325719,150.655320475388,-324.446159267209,3717.30768221571,142.155579221597
0.9528,165.269919271602,159.623762042649,-324.774686192538,3716.98607806794,142.178273915421
0.9529,156.341244517968,168.297993599643,-324.784132651422,3716.66985233965,142.148063172536
0.953,147.423628977745,177.008246153705,-324.357150377228,3716.33311763766,142.154024263369
0.9531,138.206864911039,185.365014861516,-323.637834664877,3716.03390239018,142.169632660705
0.9532,128.949679091965,193.747018448395,-322.627778572902,3715.7573371575,142.17848455664
0.9533,119.500664176123,201.851042291387,-321.442583758641,3715.42203200797,142.17535275394
0.9534,109.971112153935,209.819018327775,-319.723731610135,3715.07647355142,142.14714500086
0.9535,100.386443363432,217.409586604099,-317.759835565685,3714.76233932993,142.145017524252
0.9536,90.5689772087749,224.843642044935,-315.440072455626,3714.42098447074,142.185718642615
0.9537,80.7126866220576,232.158863226083,-312.779752075325,3714.0823463146,142.156695885371
0.9538,70.8102374242027,239.13028346768,-309.902917578147,3713.7835487034,142.161408262344
0.9539,60.8844128311471,245.905468899557,-306.794669259413,3713.45797741028,142.209516947379
0.954,50.7973837348201,252.44526019001,-303.326711126942,3713.09964553831,142.135974221928
0.9541,40.6688877211238,258.849783754426,-299.458090756564,3712.75993704728,142.157290147117
0.9542,30.4433502980126,264.829811710833,-295.397715431848,3712.44208238687,142.157943648393
0.9543,20.3671928755939,270.733630452704,-290.858115822755,3712.14358918158,142.169037862628
0.9544,10.2165238532071,276.198993867727,-286.265167459451,3711.74063177645,142.143729660425
0.9545,0.046743119319196,281.397964424814,-281.264307235832,3711.41594700111,142.152743209656
0.9546,-10.2395511995099,286.308778791956,-276.145312764439,3711.05729825849,142.134745075724
0.9547,-20.3761699859897,290.99463271655,-270.642485888591,3710.7768213063,142.154792064402
0.9548,-30.5029343722073,295.412193124386,-264.79414622662,3710.42749717199,142.164674285767
0.9549,-40.5947304557478,299.545902438836,-258.842959125231,3710.09905992565,142.156968685269
0.955,-50.8010044847054,303.279042065543,-252.369002440327,3709.74549928992,142.196879567191
0.9551,-60.7868591396083,306.857800338863,-245.959649191371,3709.39652299221,142.15953318043
0.9552,-70.8690396109039,309.943366744626,-239.124459971757,3709.05432637297,142.165270320862
0.9553,-80.7029005076409,312.949861787345,-232.154837571636,3708.72328456864,142.125133881652
0.9554,-90.6204496745358,315.451523979459,-224.903276440737,3708.38080862885,142.154254412262
0.9555,-100.301642554932,317.870096976807,-217.324880555107,3708.05138437173,142.11937675476
0.9556,-109.915138113016,319.738063776884,-209.732093452041,3707.69350312055,142.152521827074
0.9557,-119.61944196969,321.440174611842,-201.942582417395,3707.33188089658,142.125398819409
0.9558,-128.991814890001,322.716094532058,-193.700132048681,3706.98129869683,142.075043474698
0.9559,-138.257606649857,323.738765911591,-185.353983652049,3706.60104026999,142.088662732146
0.956,-147.439727147881,324.508351043815,-177.057462831486,3706.23022452088,142.089076824192
0.9561,-156.498590972901,324.82270701213,-168.321822802621,3705.90417012361,142.131668204714
0.9562,-165.352968818112,324.901939377533,-159.540640727209,3705.57715629016,142.105772516413
0.9563,-173.968655645877,324.676788254333,-150.53853361952,3705.23890008485,142.133097579092
0.9564,-182.476337302507,324.103066374579,-141.526258905955,3704.88916952993,142.131679436103
0.9565,-190.965285919503,323.216578111277,-132.264789807609,3704.5359652444,142.116428225598
0.9566,-199.01534599954,321.89670315442,-122.772359352714,3704.14798130052,142.088929808076
0.9567,-207.018225896863,320.358974331771,-113.311837610879,3703.81914814706,142.137268369202
0.9568,-214.855711953945,318.578040498808,-103.6600954703,3703.4403613388,142.094401821946
0.9569,-222.431392370804,316.426077304097,-93.9381162158994,3703.08359820798,142.114562349866
0.957,-229.658050077483,313.88075048797,-84.1461268503179,3702.74680386938,142.10349948812
0.9571,-236.823618078818,311.084209270906,-74.3160972845846,3702.36991941983,142.10337426325
0.9572,-243.674759400435,307.860839322638,-64.3685804972844,3702.03801890467,142.106040138313
0.9573,-250.315547789118,304.541962384828,-54.2537634294764,3701.66675193785,142.122377367749
0.9574,-256.686729991918,300.943044000247,-44.1426739657351,3701.2802903005,142.10537030753
0.9575,-262.814112027467,296.865124887939,-34.0096151878216,3700.98269959054,142.102619569631
0.9576,-268.63456796364,292.630648819496,-23.9372358961345,3700.57304370696,142.061422714894
0.9577,-274.305561036175,287.95491713771,-13.7584669850737,3700.23799511434,142.087276006021
0.9578,-279.671902482193,283.099327707678,-3.51056044739817,3699.89194533629,142.074949543824
0.9579,-284.751256726047,278.035367795907,6.69963483839573,3699.52464214557,142.057243338253
0.958,-289.42753654571,272.544011365759,16.8835172960573,3699.16461910485,142.076638341408
0.9581,-294.097173663573,266.875954642044,27.0258564860073,3698.79269958502,142.079236708134
0.9582,-298.082879162593,260.87931511595,37.2727119245658,3698.45425827113,142.07693758003
0.9583,-302.095790054212,254.720885727472,47.4714100985637,3698.04059611569,142.118099659595
0.9584,-305.651170725716,248.285174687368,57.3679793095916,3697.71226434928,142.094166724012
0.9585,-309.123182161651,241.615681949518,67.4837909043345,3697.37009926898,142.071932203975
0.9586,-312.028861583053,234.617706271342,77.4695814318167,3696.98792905389,142.061532388821
0.9587,-314.83118634548,227.418205225765,87.3404163678593,3696.66216882329,142.073983758064
0.9588,-317.043371371108,220.154372428991,97.096340660428,3696.28758816732,142.057309794744
0.9589,-319.222124724732,212.414369840921,106.664871262372,3695.91420345194,142.096684611496
0.959,-320.905186775129,204.553551965073,116.320849481349,3695.60454019156,142.072964901699
0.9591,-322.43103423426,196.648987911348,125.777115652076,3695.22407758279,142.105758650714
0.9592,-323.465791453281,188.380474304095,135.133069234141,3694.85728499232,142.095385415005
0.9593,-324.385503825386,179.981639957445,144.331534267872,3694.45931104212,142.034757021059
0.9594,-324.889550461638,171.43387558579,153.412400133868,3694.13802288069,142.04253370208
0.9595,-324.948040491737,162.679990783288,162.408968185724,3693.79862659673,142.075620763201
0.9596,-324.791916807086,153.769158479062,171.171445594358,3693.38646899889,142.066767457808
0.9597,-324.389089607158,144.71124318441,179.771868500621,3693.04376352955,142.058295717737
0.9598,-323.548926636856,135.434556674224,188.117703447776,3692.66965313946,142.049788932827
0.9599,-322.53377694158,126.121186492358,196.440861831222,3692.32298024607,142.03717168409
0.96,-321.0161649871,116.658636741491,204.430855561341,3691.95517700747,142.064101586752
0.9601,-319.301266337529,107.033348303719,212.308684603631,3691.60230712905,142.078664934132
0.9602,-317.264182180204,97.4465350574187,219.861013265319,3691.21380246851,142.027723833127
0.9603,-314.869037550358,87.6514657517158,227.344714722316,3690.84681731874,142.028549996044
0.9604,-312.191692470151,77.6455996295387,234.516048302476,3690.50081948048,142.066947636746
0.9605,-309.207827718756,67.7011119058648,241.476575651309,3690.15058171924,142.052375190488
0.9606,-306.011686031039,57.7816346660446,248.195233407346,3689.80131724616,142.052844899692
0.9607,-302.247534398494,47.7575121369369,254.581872018458,3689.435463427,142.055406813647
0.9608,-298.366615706118,37.5010772941816,260.915418612374,3689.0878763465,142.039283700343
0.9609,-294.187061653581,27.3841251472371,266.888377899619,3688.71515003881,142.049422830918
0.961,-289.839867076981,17.1911633522643,272.562153618503,3688.32264661501,142.040297921726
0.9611,-285.001411523708,6.97024030404628,278.067796654663,3687.99914081944,142.030838168744
0.9612,-279.952323174096,-3.2130102356829,283.148747143013,3687.61661099989,142.057771501342
0.9613,-274.571580167391,-13.3954697400069,288.064912689957,3687.28129587801,142.019870772438
0.9614,-268.937704497823,-23.703038209571,292.55612197875,3686.89232830608,142.028966856552
0.9615,-263.090994410524,-33.8299162639293,296.964002717934,3686.51966195599,142.041231883696
0.9616,-257.0722153925,-44.0077723568925,300.928458571097,3686.16247087259,142.021483038366
0.9617,-250.643107109127,-53.9841172750411,304.724047871447,3685.80094022363,142.038456190994
0.9618,-244.040584761773,-64.0957551519596,308.117845377543,3685.43318582138,142.035280521714
0.9619,-237.156190835957,-74.0255080640587,311.218072612298,3685.08862181339,142.070266090983
0.962,-230.051555102507,-84.0019293930608,314.012986013257,3684.71084448456,142.053571265251
0.9621,-222.792802156917,-93.8618295492724,316.530790774248,3684.37926619268,142.053256282853
0.9622,-215.139552896171,-103.567054705678,318.752985672217,3683.99804772253,142.025940936554
0.9623,-207.52428658297,-113.127345853039,320.6588273379,3683.62095707378,142.015323259718
0.9624,-199.479237500231,-122.655419738334,322.130160825839,3683.2717993019,142.005250788473
0.9625,-191.328054597889,-132.099046327641,323.405395937708,3682.89536438189,142.033446564091
0.9626,-182.959022072765,-141.385652118083,324.359562739578,3682.54109252991,142.016588735232
0.9627,-174.436997942055,-150.417399064291,324.910530563197,3682.1656360788,142.029001503749
0.9628,-165.685302158627,-159.479424128348,325.275998078394,3681.80373508003,142.031177125887
0.9629,-156.893653384388,-168.336562889537,325.213113137589,3681.39968575171,141.998148494909
0.963,-147.91431638755,-176.912711920519,324.942174604593,3681.04122156662,141.985355893266
0.9631,-138.675446344827,-185.376078685615,324.094626860167,3680.68524787134,142.051751699646
0.9632,-129.282860965214,-193.691909014336,323.037542884613,3680.3408308379,142.029084419657
0.9633,-120.001970034089,-201.894416787243,321.754862059839,3679.97189342913,142.010530488132
0.9634,-110.417553421846,-209.717707356453,320.14713837114,3679.60231786926,141.984962077186
0.9635,-100.730133406556,-217.412750708536,318.191862810014,3679.22167737157,142.031622049437
0.9636,-91.0322410365818,-224.912840625087,315.950366345583,3678.8460380019,141.984481961921
0.9637,-81.1028455599017,-232.229879231725,313.341554835974,3678.47734520564,141.988603164009
0.9638,-71.2753485419032,-239.210808696919,310.510015933073,3678.07479998248,141.998660231514
0.9639,-61.1813787836899,-246.153519772983,307.330163842413,3677.69817000458,141.977657685582
0.964,-51.2178578337247,-252.598703801552,303.727267170495,3677.36071254212,141.97973259355
0.9641,-41.1363741134933,-258.977419404724,300.061695898451,3676.97586695462,141.985962432389
0.9642,-30.8990629588095,-265.047731102982,295.849526674694,3676.63883393506,142.006015324381
0.9643,-20.5599360970001,-270.774551291694,291.542410768166,3676.24361701104,142.012412110137
0.9644,-10.5291490604574,-276.340987969679,286.882316232207,3675.85106208304,141.992279052546
0.9645,-0.186661128730604,-281.532790400215,281.87865975901,3675.50247842107,142.004321932387
0.9646,9.84102514684244,-286.52426965198,276.700115383188,3675.13116533169,141.982144463911
0.9647,20.1282389284207,-291.229271143035,271.167745971334,3674.71905238996,141.945745616881
0.9648,30.3605696737496,-295.681909128958,265.431201578931,3674.33672864311,141.985516205823
0.9649,40.4886835675725,-299.825689458449,259.401879380901,3673.97550211639,141.978533749465
0.965,50.5105335696572,-303.600699065719,253.023544898079,3673.59437023867,141.994664983592
0.9651,60.6697758898425,-307.222652921065,246.49129971587,3673.17112272816,141.952001920557
0.9652,70.6840988186843,-310.37119771308,239.746282073279,3672.78817334313,142.010578928358
0.9653,80.5952889183626,-313.36366754397,232.74879728531,3672.45287887757,141.973437357813
0.9654,90.4648487681281,-315.993053210744,225.52773462464,3672.03128457105,141.969555558127
0.9655,100.223333882931,-318.289684054993,217.900322159507,3671.60973164868,141.97649523346
0.9656,109.939710581073,-320.168219951137,210.189953298522,3671.27512826153,141.965992936979
0.9657,119.397491972044,-321.929500589303,202.376583860494,3670.87108573617,141.938507776487
0.9658,128.860019552851,-323.144860342206,194.310077534941,3670.48588274309,141.987164012567
0.9659,138.208875656555,-324.286170081769,186.137244307211,3670.06839315349,141.941800709508
0.966,147.407638443441,-325.01635354362,177.609047638099,3669.67577464029,141.954674952443
0.9661,156.416489642255,-325.41318681048,168.921530330192,3669.30074204924,141.959451439105
0.9662,165.356141082886,-325.479248244339,160.110914615369,3668.9057834385,141.947951239019
0.9663,174.035633642494,-325.214752224545,151.05437409302,3668.48674132315,141.966263549096
0.9664,182.586700772963,-324.683508424004,142.073997046512,3668.09001358137,141.90872656036
0.9665,190.955656754326,-323.763364930994,132.889370275521,3667.6915217792,141.943161234672
0.9666,199.236864055843,-322.479535923375,123.40693429515,3667.27486260397,141.984231130229
0.9667,207.076826552543,-320.991892925006,113.854398808706,3666.89903788763,141.946440275696
0.9668,214.929088741544,-319.137194949766,104.310146643555,3666.46274456457,141.965272531713
0.9669,222.600477472258,-317.02539673646,94.5153561920087,3666.04370957397,141.929283826413
0.967,229.876231055406,-314.559726148987,84.6640209154399,3665.67043822864,141.952406418103
0.9671,236.993457922615,-311.788662601705,74.7837105957134,3665.25204193407,141.952159001468
0.9672,243.886066664568,-308.575204214286,64.8006295259597,3664.81390555514,141.919930541323
0.9673,250.53841978344,-305.216541269516,54.7475698709167,3664.43504548952,141.936758910381
0.9674,256.955421167508,-301.608674533072,44.6585739044377,3664.00081141597,141.943544777877
0.9675,263.170289877065,-297.632255760057,34.4537225443104,3663.59113634143,141.924764554957
0.9676,268.992891352581,-293.404742824704,24.3733788746974,3663.19895087836,141.956580980722
0.9677,274.654243257768,-288.85375952748,14.194014668972,3662.75110269546,141.937469396415
0.9678,280.005125134787,-283.931587404387,3.90915637470755,3662.33996555239,141.959468120504
0.9679,284.973304290492,-278.742424778509,-6.3168057301904,3661.89401213252,141.91413716054
0.968,289.891010058198,-273.39040637288,-16.6153101641084,3661.50297049911,141.916663048376
0.9681,294.404922288255,-267.63832710226,-26.7044061492801,3661.04330508015,141.969751162307
0.9682,298.530460336893,-261.780215913845,-36.8569220015004,3660.64117043872,141.993041552745
0.9683,302.593243899359,-255.562443948474,-47.0595771366779,3660.2334127819,141.929086351258
0.9684,306.206140917078,-249.078634451404,-57.1340073950951,3659.81768542758,141.922792681403
0.9685,309.453089096827,-242.424058325051,-67.1210386662727,3659.33029904603,141.943536604133
0.9686,312.530549421025,-235.499276369945,-77.1317692002917,3658.89093298175,141.901596320813
0.9687,315.317613438905,-228.308242634831,-87.0496238584872,3658.4961902514,141.926282620073
0.9688,317.583468690156,-220.993055311847,-96.8336324366476,3658.00087607135,141.885579895029
0.9689,319.768429402004,-213.236361584372,-106.546698090831,3657.60935809957,141.902792971923
0.969,321.573739973686,-205.336265093623,-116.073894318196,3657.14653335618,141.902493798191
0.9691,323.005387336329,-197.441084634886,-125.645564547483,3656.68497403316,141.930277331987
0.9692,324.256159315408,-189.205311871407,-134.966425720458,3656.26815631224,141.92603779303
0.9693,325.00412883692,-180.705535493711,-144.303867219808,3655.83262457606,141.919538506256
0.9694,325.420819041771,-172.203926161169,-153.313933051777,3655.38945041679,141.919486199266
0.9695,325.758145699843,-163.466372815237,-162.323403914354,3654.93373957,141.888681108943
0.9696,325.591961665499,-154.548825142002,-171.005344868516,3654.43744102753,141.898419814058
0.9697,325.041519699475,-145.403892352712,-179.748668889475,3654.01034742119,141.901280670513
0.9698,324.347825276009,-136.218898192932,-188.07880870091,3653.56921464037,141.885095334354
0.9699,323.235790771025,-126.84662521741,-196.410364071888,3653.10176039148,141.886911032819
0.97,321.802830425279,-117.368309299177,-204.446379608051,3652.61710188753,141.883150201553
0.9701,319.993412308978,-107.741377531027,-212.311902241454,3652.14018679488,141.904966787127
0.9702,318.046118319301,-98.1211878933977,-219.998227715249,3651.71942066272,141.923548815174
0.9703,315.599777187705,-88.34722065062,-227.430066142857,3651.23423583734,141.863398844889
0.9704,312.992847690853,-78.4229421720245,-234.581969499446,3650.7665413488,141.864372865459
0.9705,309.987795416132,-68.4986365516914,-241.543669716871,3650.27583003671,141.901941012391
0.9706,306.743188981411,-58.4493419333931,-248.385241408129,3649.81899152708,141.900903343357
0.9707,303.078722717399,-48.4100800881124,-254.788194127518,3649.3609472143,141.924113883281
0.9708,299.179032212795,-38.2742014144208,-260.95962697237,3648.88677329093,141.902625032503
0.9709,295.04537520701,-27.9828380444197,-267.022487713569,3648.43122048137,141.884114312744
0.971,290.622774003215,-17.854862178751,-272.774087521201,3647.92142396249,141.876798454613
0.9711,285.790985868669,-7.55020578226834,-278.186134630329,3647.4794889589,141.892172598377
0.9712,280.743363432496,2.64022784436326,-283.432397147663,3646.98863528388,141.895283727688
0.9713,275.441869230886,12.8544501891316,-288.411526863723,3646.48870071252,141.832258919716
0.9714,269.988728811759,23.1033083104895,-292.966246537762,3645.99557480807,141.852379594118
0.9715,264.166272813881,33.1858980712391,-297.234847446972,3645.53538223351,141.884685155293
0.9716,257.931737459232,43.3349662721344,-301.274831765668,3645.04323649035,141.879976316873
0.9717,251.605990612773,53.5059662985196,-305.076355426409,3644.54145396289,141.871830510708
0.9718,244.955567469219,63.6130316320436,-308.552004861752,3644.08521716436,141.868349296018
0.9719,238.116373959485,73.5616200169311,-311.561467548315,3643.57358764378,141.871342225359
0.972,231.001248837061,83.4783918474437,-314.434163809827,3643.06412389,141.866853677331
0.9721,223.648156587673,93.2206335635546,-317.006241574849,3642.59527889561,141.880618308969
0.9722,216.160428340553,103.098249410908,-319.213943356518,3642.06104409609,141.865208438025
0.9723,208.281095486501,112.738722907124,-321.126473231705,3641.59890026846,141.8545577475
0.9724,200.372412220059,122.339789595797,-322.719720341522,3641.10184824201,141.845949100006
0.9725,192.240193866804,131.621196292198,-323.932088038035,3640.5949224721,141.865962078952
0.9726,183.947291149498,141.032771783655,-324.94636980121,3640.06710508353,141.829806907115
0.9727,175.317215460133,150.072582716838,-325.56090166372,3639.58806735386,141.874306458369
0.9728,166.676938099087,159.072581889636,-325.728139963727,3639.08175989521,141.852664695448
0.9729,157.732775718945,167.881188088991,-325.821731731712,3638.58461139496,141.884983596897
0.973,148.838637996279,176.509658928498,-325.411289573023,3638.05601568133,141.820773055648
0.9731,139.497276926832,185.177019175209,-324.698332423937,3637.54793445014,141.843717003802
0.9732,130.240128784455,193.541088230159,-323.814435501962,3637.05414401156,141.856385385475
0.9733,120.860152639986,201.664944912992,-322.553932710071,3636.5338127023,141.840004683876
0.9734,111.309956749874,209.562575765967,-320.796596377821,3636.01785662436,141.860011531024
0.9735,101.638869758779,217.287516984349,-318.924530972063,3635.54332287266,141.859217566973
0.9736,91.7863150794464,224.808902174601,-316.613962035725,3634.99515862431,141.820386641199
0.9737,82.1052828012125,232.083417493889,-314.13182302753,3634.49344057336,141.818016416371
0.9738,72.1468528686412,239.16357344767,-311.233430023259,3633.97221383192,141.850305355693
0.9739,62.0901275219428,246.096560475955,-308.067299725493,3633.45539657398,141.85937371997
0.974,51.9905954562112,252.616169259636,-304.506956076912,3632.90557303207,141.843690777817
0.9741,41.8903328923148,258.957357663143,-300.841266239581,3632.42452786833,141.810664552819
0.9742,31.7184129007299,264.993515136797,-296.687633739665,3631.90067296889,141.83792034143
0.9743,21.5316666558075,270.873050606769,-292.299473248449,3631.36182891874,141.830538547355
0.9744,11.3251270304958,276.33181081795,-287.648530373802,3630.85421770082,141.82406916007
0.9745,1.11330438203345,281.562454100262,-282.675009269432,3630.35272600398,141.81978421729
0.9746,-9.22741625936017,286.666328806982,-277.50800677088,3629.79620575845,141.837445385289
0.9747,-19.3272843056781,291.296509162728,-271.947255236929,3629.29056088313,141.828208619184
0.9748,-29.6630769426418,295.780070136316,-266.200965959686,3628.71034958976,141.836132682156
0.9749,-39.7994789852433,299.908686752026,-260.154407585427,3628.23929424301,141.853158018796
0.975,-49.9330757692271,303.759730669633,-253.988358580162,3627.64459399315,141.813033249826
0.9751,-60.0793881877576,307.341454268347,-247.390818742974,3627.1609009183,141.835006255213
0.9752,-70.0567531969106,310.588800163077,-240.627748037571,3626.62366734494,141.802822948595
0.9753,-79.9607418960751,313.53954454629,-233.540247946101,3626.10105147646,141.817968861181
0.9754,-89.8261835849848,316.123232976989,-226.344682241787,3625.55923883415,141.821349888692
0.9755,-99.6034404999333,318.539757951334,-218.895256272794,3625.02038150208,141.80771097419
0.9756,-109.376399702244,320.48971280596,-211.147998530694,3624.50461103956,141.810900452219
0.9757,-118.962127864765,322.16872887496,-203.296338840713,3623.99137362288,141.808576073602
0.9758,-128.309086303217,323.622447986313,-195.225696537724,3623.4472538985,141.814471131456
0.9759,-137.675189870378,324.57072538391,-186.857182061279,3622.94452585629,141.812663728747
0.976,-146.916956631605,325.300211829217,-178.56800895916,3622.3448505719,141.776515371377
0.9761,-155.977456116016,325.77504242204,-169.7781629542,3621.84180891419,141.769110794227
0.9762,-164.86786204087,325.842604150401,-160.998007477996,3621.2914177208,141.809029855866
0.9763,-173.604034382326,325.641979429884,-152.01866154549,3620.76184679547,141.750353126657
0.9764,-182.207850536343,325.064968619752,-142.869543309638,3620.2461777621,141.786453353791
0.9765,-190.604787455061,324.178696415506,-133.706139847004,3619.64082887604,141.801972615937
0.9766,-198.796698405121,322.984799959198,-124.295139328562,3619.20668953394,141.776447664317
0.9767,-206.742009767952,321.62440990851,-114.712480312622,3618.60884583282,141.767487095466
0.9768,-214.560583901246,319.745095540976,-105.080952139142,3618.07168576873,141.754440959694
0.9769,-222.308655650735,317.486290676121,-95.3346438496606,3617.52952534591,141.773806629467
0.977,-229.679942366084,315.097949866766,-85.4840627116145,3617.02543974446,141.797999325589
0.9771,-236.727492772428,312.294076254931,-75.6789529953507,3616.49900542125,141.782362987122
0.9772,-243.715107285947,309.312362764179,-65.5632534458441,3615.9536988671,141.795365865258
0.9773,-250.280072534991,305.845473802037,-55.6393996557986,3615.3659694306,141.777465839468
0.9774,-256.778608280851,302.177127018807,-45.4849129529161,3614.8680521447,141.733591818561
0.9775,-262.921501309467,298.210292511076,-35.3070273092027,3614.30797833084,141.787936194089
0.9776,-268.888032852153,293.998174147096,-25.1931212548886,3613.77809036752,141.799870138326
0.9777,-274.414340598123,289.449359847299,-14.8910872259666,3613.22620647183,141.730078079394
0.9778,-279.920553101425,284.564190430592,-4.73561271615911,3612.6987621364,141.793905855384
0.9779,-284.932945588106,279.456285155727,5.48787859172122,3612.17885982278,141.742989857336
0.978,-289.866939149743,273.935105356939,15.7731079501618,3611.63063053622,141.771880184865
0.9781,-294.370227383288,268.317287564094,26.0287919315125,3611.0919844682,141.752926543063
0.9782,-298.699518618928,262.417398204408,36.196519319896,3610.54482344785,141.769111033075
0.9783,-302.533859966066,256.194117954811,46.2411760280539,3610.00449336022,141.778050683791
0.9784,-306.264732241054,249.822783743736,56.4823172402151,3609.4847209316,141.750529917325
0.9785,-309.613256960338,243.092791011902,66.546905925251,3608.95746365137,141.776430787622
0.9786,-312.669419996677,236.05664499656,76.4891298342453,3608.40937904078,141.764991408429
0.9787,-315.342486350514,228.974596514738,86.4015945726793,3607.8487558823,141.726364494754
0.9788,-317.757648352202,221.560645727917,96.1692406108722,3607.35206914104,141.74230968535
0.9789,-319.893794204752,213.949026825902,105.912489919848,3606.7797119095,141.777871571792
0.979,-321.788916932723,206.167019362982,115.605812741366,3606.2351516883,141.735799773466
0.9791,-323.200784112495,198.119096192224,125.036058585945,3605.73223302566,141.736198897319
0.9792,-324.359211554452,189.899211971807,134.417268142319,3605.15765281459,141.760794606635
0.9793,-325.203696000589,181.427700443243,143.697995920955,3604.64896338908,141.751994144277
0.9794,-325.747907464679,172.886451934575,152.944802586905,3604.07922015139,141.750443630365
0.9795,-326.030261866723,164.185970992486,161.792944247204,3603.55900886006,141.728063441584
0.9796,-325.868914091364,155.169840993847,170.641407749369,3603.03229661834,141.714985892963
0.9797,-325.373533808125,146.136073415753,179.216779935942,3602.47321143937,141.737439059006
0.9798,-324.69577396347,136.877379091894,187.679570345945,3601.9383715607,141.725293951487
0.9799,-323.556857824306,127.576443395629,196.066765638126,3601.38876277897,141.702189341591
0.98,-322.139057929576,118.068140229277,204.114507037611,3600.88099054285,141.75079648542
0.9801,-320.476320205197,108.424086427235,211.999596304851,3600.31342049872,141.715158958054
0.9802,-318.443485873223,98.8060963255259,219.698891732811,3599.77726364585,141.743144054539
0.9803,-316.142044586457,89.012375772444,227.068276881072,3599.27356556166,141.781476222139
0.9804,-313.43597752875,79.1450946565909,234.293775836866,3598.68212050509,141.702888469359
0.9805,-310.451152675015,69.1683192802919,241.357333997845,3598.1614161803,141.710125785904
0.9806,-307.210635063821,59.0876280916842,248.109783657135,3597.64164578829,141.740265475775
0.9807,-303.605111066516,49.0204733976501,254.596230923431,3597.06417560162,141.696403203152
0.9808,-299.706644860826,38.8840659430624,260.857649395048,3596.57442097563,141.696323899373
0.9809,-295.496979857273,28.7373464411958,266.925769510823,3596.02562735612,141.715966196457
0.981,-291.202328026081,18.4504791705725,272.672956367391,3595.46765648102,141.759554645267
0.9811,-286.374425614285,8.3297917467621,278.160987249364,3594.98223501696,141.701879464532
0.9812,-281.293945633969,-2.05857158364329,283.384951897853,3594.40604548178,141.726174315549
0.9813,-276.070643567047,-12.2178510401565,288.384675583048,3593.88852480288,141.685244289502
0.9814,-270.436037153202,-22.5079945086393,292.824284371292,3593.32799134387,141.696793937222
0.9815,-264.595358853043,-32.641686752916,297.317298453854,3592.77287608898,141.704065469169
0.9816,-258.56944800948,-42.849647998921,301.40689513919,3592.2970363593,141.681488813521
0.9817,-252.195549245696,-52.8841870954614,305.071263409917,3591.73290786127,141.687365540118
0.9818,-245.565298773262,-63.0981551027751,308.574166214343,3591.21148868815,141.710596035874
0.9819,-238.631611518857,-72.9387503831849,311.789210348988,3590.6723010789,141.688628573556
0.982,-231.508971636031,-83.1147400904076,314.59724851317,3590.1076812243,141.702570033312
0.9821,-224.288213304782,-92.8464604459745,317.148046905317,3589.58953044046,141.67290551598
0.9822,-216.813089852431,-102.636705272688,319.421576782685,3589.08452914663,141.662136462764
0.9823,-208.96470100705,-112.353573969204,321.291619518757,3588.49354587973,141.720061140853
0.9824,-201.001299113569,-121.866985368729,322.870606892777,3587.99674534152,141.652286020778
0.9825,-192.888325267117,-131.369472411177,324.220302321762,3587.47376317797,141.724251282031
0.9826,-184.542509826599,-140.543586234295,325.090446046009,3586.91578741674,141.671751778343
0.9827,-176.072182674033,-149.859628179521,325.762052917741,3586.39514765503,141.668338537856
0.9828,-167.256809214133,-158.842758231466,326.076930772448,3585.83754647567,141.663591642751
0.9829,-158.39833560831,-167.70954918751,325.996480640705,3585.32049214681,141.66184600621
0.983,-149.369398802797,-176.428409334259,325.756072712199,3584.78909928533,141.655802924638
0.9831,-140.307245142826,-184.895884920946,325.171933344601,3584.22656106016,141.685781851732
0.9832,-130.974698783508,-193.299413240151,324.172220302883,3583.69789560831,141.70514734197
0.9833,-121.51012882942,-201.328534331084,322.838319506835,3583.18091579387,141.667180793463
0.9834,-111.910644662888,-209.343612334394,321.28587620504,3582.62144249127,141.653328814494
0.9835,-102.20674964422,-217.11182868558,319.303387145704,3582.04663586881,141.659141045722
0.9836,-92.5485617439445,-224.582332399703,317.212816355456,3581.54194040914,141.685810644701
0.9837,-82.6918455583985,-232.007748174923,314.530003625304,3581.01951851952,141.672843669149
0.9838,-72.6406598889285,-238.989389364716,311.701332489361,3580.45396679825,141.663240124638
0.9839,-62.6687943553598,-245.918771559454,308.557507081819,3579.92443926588,141.698143443764
0.984,-52.5256714281416,-252.408402768649,305.104639441208,3579.39119400311,141.648652314063
0.9841,-42.4149821269892,-258.908056829691,301.318413437769,3578.85096916989,141.649867612173
0.9842,-32.2839597267468,-264.984685206401,297.150038080839,3578.31849916639,141.689888476012
0.9843,-22.0360192208657,-270.837801086095,292.765486771875,3577.7628104163,141.657746370122
0.9844,-11.8277042853456,-276.412231418148,288.265843858675,3577.26158085397,141.669339123738
0.9845,-1.54927587533436,-281.712790581547,283.329115343215,3576.66948694806,141.63938625158
0.9846,8.67745412286504,-286.69129291204,278.056949915878,3576.17034377996,141.63122247363
0.9847,18.8435166894074,-291.510646220272,272.575762452807,3575.56631667836,141.65887485012
0.9848,29.0740155038645,-295.965598100937,266.812159699224,3575.04745873662,141.638477867643
0.9849,39.2684544028995,-300.153452857344,260.876634127004,3574.52406687875,141.626290348455
0.985,49.4739856257913,-303.995305057711,254.607789453759,3573.94048193726,141.649579307032
0.9851,59.5617343080577,-307.580699584919,247.987003650276,3573.3816756943,141.583470663455
0.9852,69.5654736704368,-310.971879978521,241.348829429696,3572.86376452138,141.594309960298
0.9853,79.5828632435504,-313.827297810831,234.205851469864,3572.33263414894,141.637789937836
0.9854,89.4815859705961,-316.412597852861,227.102264620553,3571.78105389489,141.63966320831
0.9855,99.223789447524,-318.842960801833,219.616213117273,3571.18051224149,141.63686555909
0.9856,108.923092494074,-320.778610204089,211.829874882271,3570.68073477098,141.623249665331
0.9857,118.542316593081,-322.529006282225,203.961268886917,3570.11846492077,141.611639736183
0.9858,128.055233280278,-323.902491583398,195.868024576466,3569.54263537874,141.629034299921
0.9859,137.430908136083,-325.023832243074,187.67900781187,3568.99876611201,141.626612139318
0.986,146.516063936946,-325.813476022365,179.183015330275,3568.50266615557,141.626688487076
0.9861,155.765338515435,-326.230519929029,170.564766170143,3567.95656459496,141.633550289978
0.9862,164.596578543312,-326.337921501872,161.628773109745,3567.37135108285,141.601772297544
0.9863,173.388834080971,-326.065361592891,152.722140062718,3566.79082790277,141.630510654286
0.9864,182.016382678349,-325.571048880232,143.641034963775,3566.23378370974,141.588155654157
0.9865,190.540808409494,-324.687983394715,134.21286264943,3565.67784383768,141.60328764368
0.9866,198.652157145349,-323.514915165894,124.97229394224,3565.14576824187,141.623968284039
0.9867,206.830678776928,-322.070674599202,115.334435284101,3564.57366707788,141.644674016554
0.9868,214.433410635496,-320.198493483866,105.814332087155,3563.99328028552,141.603590262767
0.9869,222.117332280458,-318.156264978778,96.0938818442046,3563.47564322843,141.627653789759
0.987,229.517051240503,-315.692191448302,86.2046280627728,3562.89341674064,141.57961954612
0.9871,236.696162108609,-312.869887213282,76.3238856002246,3562.30943226628,141.591529226993
0.9872,243.507777651093,-309.918518040278,66.3177290746384,3561.7813143038,141.628886691319
0.9873,250.315280153021,-306.403031417849,56.1695119285872,3561.21994436234,141.630008299529
0.9874,256.734822326876,-302.879224509597,46.1677422680418,3560.63433658098,141.578447111946
0.9875,262.902178506388,-298.862203959334,35.8817541472815,3560.11217048366,141.608360281161
0.9876,268.939633258068,-294.588957151646,25.6701607689704,3559.50688673802,141.591487421426
0.9877,274.526550645376,-290.07647751591,15.5504312459913,3558.90940743017,141.618944925991
0.9878,280.054511406126,-285.236684099696,5.26446485399259,3558.39991190632,141.586477691467
0.9879,285.149092822908,-280.171408308201,-4.96785525393943,3557.7988159935,141.601578411005
0.988,289.940716290169,-274.814363113559,-15.2254213163388,3557.25020763844,141.610850980884
0.9881,294.583406440687,-269.150700999344,-25.455387181419,3556.67087503149,141.599161078669
0.9882,298.882834588605,-263.156541439693,-35.6134016915499,3556.09610760896,141.604973170902
0.9883,302.816672559659,-256.961297582441,-45.7629845995986,3555.49697262434,141.603312134003
0.9884,306.443263685147,-250.592091537519,-55.9701911213917,3554.91012614852,141.556596977602
0.9885,309.827490686622,-243.852730081796,-65.979037257454,3554.37335502222,141.584090180754
0.9886,312.885764470198,-236.966257220508,-76.0618242127232,3553.79324951151,141.597068676202
0.9887,315.731095383356,-229.814386099422,-85.8726944008997,3553.19625997653,141.588075410794
0.9888,318.259289917948,-222.404988468579,-95.7991540251639,3552.58677234495,141.611447606897
0.9889,320.225999331495,-214.76391583251,-105.532164565923,3552.02910081012,141.597399715164
0.989,322.106534374945,-207.003023251918,-115.116064401524,3551.46265670399,141.577655131993
0.9891,323.639372794885,-198.973864605879,-124.660377547198,3550.86185972337,141.589099152933
0.9892,324.800065181559,-190.770447544945,-134.173874561858,3550.27150983647,141.565351374243
0.9893,325.672743162083,-182.2933922731,-143.367559292045,3549.69322787452,141.58563465062
0.9894,326.223882003891,-173.68855219939,-152.463283873246,3549.08942174915,141.550746264207
0.9895,326.384733306246,-164.96506392622,-161.514674132627,3548.52755573333,141.577154104909
0.9896,326.396339789839,-156.064860813934,-170.298095374392,3547.93325452226,141.556735090052
0.9897,325.980919366187,-147.030522074343,-179.04299928226,3547.32296403726,141.52870414777
0.9898,325.189667339125,-137.773291132682,-187.467473792399,3546.75756796604,141.556553037808
0.9899,324.078128692866,-128.471517554377,-195.714674975816,3546.17580913121,141.57903578341
0.99,322.717798249894,-118.994197955902,-203.938791987108,3545.5779329517,141.597537669466
0.9901,321.005565186791,-109.334808051581,-211.838899043352,3544.98741205676,141.524610393895
0.9902,318.999337359758,-99.6697304843123,-219.471584261975,3544.34941213972,141.563719037823
0.9903,316.741403805517,-89.9308719569311,-226.909670338867,3543.78751755419,141.575226078309
0.9904,314.101961695143,-79.8943392537943,-234.18374386288,3543.16351589748,141.51952548825
0.9905,311.233878005405,-70.0405392744874,-241.228667379015,3542.55979807369,141.557523752797
0.9906,307.908857485655,-59.8982973497027,-248.082640680678,3541.93514423706,141.526945039257
0.9907,304.342844749582,-49.6902152677387,-254.603820968007,3541.36344682322,141.549169479198
0.9908,300.469926627017,-39.684595987211,-260.821936108499,3540.74086410875,141.520420987164
0.9909,296.416572872923,-29.3998650145305,-266.854779650178,3540.16983049633,141.536818219568
0.991,291.896312348296,-19.2664237502317,-272.6151263657,3539.55841187158,141.511439184467
0.9911,287.153599825293,-9.05351078964914,-278.151278834345,3538.95332141314,141.491533358604
0.9912,282.145189485305,1.31274465130737,-283.416537592066,3538.36319389373,141.540115952658
0.9913,276.786728290245,11.4921600656389,-288.370806568115,3537.71238129242,141.535233630361
0.9914,271.316428796261,21.7359096751237,-292.953753850526,3537.12918738146,141.496950413148
0.9915,265.446154437284,31.9222450580584,-297.482888083859,3536.48757027184,141.508669151378
0.9916,259.302626352099,42.1881588059555,-301.588196553411,3535.90875527552,141.516811246602
0.9917,252.898644896002,52.3329150362443,-305.311735301336,3535.29664935044,141.526034575329
0.9918,246.387045135404,62.2934264370895,-308.769365884815,3534.65190902925,141.534585692286
0.9919,239.566688921181,72.4056023213669,-311.882728826607,3534.07148067841,141.534201015555
0.992,232.465547056735,82.284100443521,-314.821105376332,3533.422919632,141.489126268702
0.9921,225.154159032908,92.142187538029,-317.394793854643,3532.83419188339,141.526962644921
0.9922,217.710085524257,101.993818053999,-319.581034552819,3532.1892564028,141.529093789098
0.9923,209.899839053195,111.622210578095,-321.511269133748,3531.55870101493,141.522815786958
0.9924,201.913778926302,121.254310680042,-323.191407268824,3530.931410554,141.493386376248
0.9925,193.882182541533,130.595059789493,-324.503225393644,3530.31517626749,141.518904956136
0.9926,185.43588932271,140.05769374022,-325.488934039731,3529.74551824798,141.521159046099
0.9927,176.942973989359,149.255544083098,-326.183951917634,3529.1029176906,141.498119559061
0.9928,168.20687834531,158.316821639646,-326.500067542992,3528.44685883029,141.476867315836
0.9929,159.43946407008,167.163564358202,-326.456336779625,3527.86515352837,141.493830553506
0.993,150.325761277004,175.896134005859,-326.123894080567,3527.21347505035,141.465015761504
0.9931,141.097669252906,184.414104281865,-325.646830204923,3526.61467565438,141.498461613212
0.9932,131.729439962341,192.813085723614,-324.670697813825,3525.94278595526,141.548609568982
0.9933,122.432574483484,200.953970776449,-323.346838355364,3525.33933758739,141.518330948147
0.9934,112.895582852376,208.957797562671,-321.763776128459,3524.78432788347,141.459962184656
0.9935,103.18533134002,216.645601552815,-319.893358677275,3524.08484458984,141.51563191559
0.9936,93.3974754663091,224.275802276818,-317.682291014459,3523.47725002533,141.501640672252
0.9937,83.6091283250459,231.613072931168,-315.16759850766,3522.83975728721,141.493336665288
0.9938,73.6380665789465,238.64419738339,-312.319881822974,3522.18418291446,141.437004750516
0.9939,63.5309298301625,245.632670514087,-309.177657912383,3521.58889303719,141.497537772131
0.994,53.4932095902359,252.161521181107,-305.665159595529,3520.96250939141,141.501830320379
0.9941,43.273910964685,258.628993812354,-301.897872864527,3520.30540819393,141.477902971153
0.9942,33.1733574655609,264.75576238725,-297.9332392166,3519.66997734213,141.490847471859
0.9943,23.0206921184457,270.499905951093,-293.559647748572,3519.03071734336,141.484162397468
0.9944,12.6895571597024,276.249626061899,-288.975284048418,3518.42450328745,141.462925460232
0.9945,2.48324562187187,281.60241505443,-284.018961079945,3517.75411180221,141.485292227291
0.9946,-7.88329820230732,286.679906253245,-278.756944769258,3517.15069549405,141.500666903807
0.9947,-17.9919109205048,291.353503422818,-273.333287977761,3516.50168566753,141.500329760828
0.9948,-28.1480577853806,295.852287828646,-267.487102453482,3515.89470565231,141.497323472965
0.9949,-38.4067608507071,300.03863394462,-261.637272156181,3515.25802672492,141.438223184075
0.995,-48.5365483590971,303.899980126075,-255.301554841302,3514.60019218,141.441092481939
0.9951,-58.7411692718743,307.558083983302,-248.839241587772,3513.98917518359,141.460189337516
0.9952,-68.7821243723822,310.854996701303,-242.106987731294,3513.32508169833,141.468241900172
0.9953,-78.7195240261378,313.802858469961,-235.134304148626,3512.71890454716,141.442511531413
0.9954,-88.7821691785965,316.542207695291,-227.846010667004,3512.08403845131,141.471030174306
0.9955,-98.5251155376316,318.87912741566,-220.424724713749,3511.42298954584,141.482296251559
0.9956,-108.203917433566,320.939294193378,-212.6678097254,3510.79502936565,141.450046424679
0.9957,-117.921926399856,322.690803725037,-204.820235440379,3510.16691811109,141.448207814052
0.9958,-127.325606471531,324.118609375762,-196.742902218221,3509.52161373525,141.463065266343
0.9959,-136.614214881716,325.11669928621,-188.509322354003,3508.89400193598,141.459605680537
0.996,-145.919110389656,325.934147614868,-180.044507453592,3508.2696404387,141.427475893508
0.9961,-155.086569178763,326.420046371355,-171.375280613808,3507.62377154302,141.428644452428
0.9962,-163.976455640724,326.582354995741,-162.530116630142,3506.99181279196,141.449275346885
0.9963,-172.790245876469,326.410260638153,-153.598469508428,3506.34757396793,141.436510096138
0.9964,-181.403578157654,325.766997390648,-144.469397375943,3505.75808636831,141.424452845899
0.9965,-189.917999786303,324.995816114807,-135.311829414651,3505.07018570892,141.433597619594
0.9966,-198.046838708046,323.845385159634,-125.815230461845,3504.4385948748,141.431837351449
0.9967,-206.106754247163,322.333465198338,-116.256205461677,3503.8104039848,141.438781986428
0.9968,-213.963381357202,320.54077589533,-106.635095032703,3503.17337123167,141.44955458165
0.9969,-221.600381621752,318.492181951135,-96.8577928421108,3502.48137156319,141.396056229912
0.997,-229.045291461639,316.066925706364,-87.0346992486832,3501.88190532805,141.434923783187
0.9971,-236.190609891288,313.496191871131,-77.2045591481562,3501.29677155968,141.410531058183
0.9972,-243.162196624934,310.36111377884,-67.1073691773964,3500.62929269309,141.44103805828
0.9973,-249.89834542251,306.882927984062,-57.1078802464334,3500.00547029512,141.40312769294
0.9974,-256.411524711442,303.361066416568,-47.0029149730941,3499.34148918183,141.424440255771
0.9975,-262.559279854713,299.354192158077,-36.7229377393774,3498.73117585785,141.415563711899
0.9976,-268.656415455657,295.164639125731,-26.5287722799523,3498.06290290965,141.419179058507
0.9977,-274.226182723839,290.703829441703,-16.2844578827061,3497.45984922549,141.434789527629
0.9978,-279.678608396424,285.810800017172,-6.14326315488556,3496.86586504955,141.441811720027
0.9979,-284.802230408071,280.71813595213,4.1632929357382,3496.2176873506,141.439549856557
0.998,-289.645848917859,275.291105870785,14.3550136145099,3495.53602098203,141.404982054521
0.9981,-294.279591509775,269.685023948988,24.5915311156642,3494.93326582339,141.405959397172
0.9982,-298.550841181925,263.679665529019,34.8067070363308,3494.2662460158,141.425493942116
0.9983,-302.607038511375,257.571466195192,45.0367479010135,3493.66927308338,141.43663815994
0.9984,-306.285860020229,251.194590102093,55.1391337316442,3493.0423468928,141.433981780626
0.9985,-309.745171529342,244.481991898189,65.1351427196256,3492.39570132512,141.400842324471
0.9986,-312.874439649378,237.70663443362,75.2639065141865,3491.7517586513,141.421326075322
0.9987,-315.607834618771,230.419281533392,85.137848797458,3491.11576751468,141.426804453343
0.9988,-318.086005935486,223.044328661252,94.9972741540189,3490.52139135471,141.408289768814
0.9989,-320.332282263448,215.40214157449,104.740170898,3489.85860462665,141.38193296394
0.999,-322.039166783277,207.577344858525,114.471448738023,3489.24096737426,141.381552537281
0.9991,-323.692808572725,199.683071574665,123.955200599827,3488.63269988527,141.403719571269
0.9992,-324.828305396312,191.389134678093,133.433372823678,3488.00296773002,141.381204274396
0.9993,-325.72635070293,183.048541082142,142.742300548505,3487.35791033429,141.383757785896
0.9994,-326.302690712108,174.497910642799,151.803781289985,3486.77438710498,141.421041302079
0.9995,-326.533891067882,165.734500128318,160.864747066129,3486.12745107401,141.373694113153
0.9996,-326.477361986416,156.813841314303,169.705298043309,3485.48849169688,141.382304057028
0.9997,-326.12102401363,147.703914421944,178.364872198241,3484.80509123944,141.382262370021
0.9998,-325.379865400623,138.514694333343,186.895224417757,3484.21959181274,141.41106079158
0.9999,-324.305218036654,129.118256944124,195.306296037186,3483.57688865527,141.400042845177
